Date,Open,High,Low,Close,Adj Close,Volume
2024-05-30 00:00:00+00:00,594.9674682617188,594.9674682617188,594.9674682617188,594.9674682617188,594.9674682617188,0
2024-05-30 00:01:00+00:00,594.9392700195312,594.9392700195312,594.9392700195312,594.9392700195312,594.9392700195312,0
2024-05-30 00:03:00+00:00,594.9579467773438,594.9579467773438,594.9579467773438,594.9579467773438,594.9579467773438,0
2024-05-30 00:04:00+00:00,595.1737670898438,595.1737670898438,595.1737670898438,595.1737670898438,595.1737670898438,8832
2024-05-30 00:05:00+00:00,595.1627197265625,595.1627197265625,595.1627197265625,595.1627197265625,595.1627197265625,85760
2024-05-30 00:06:00+00:00,595.2367553710938,595.2367553710938,595.2367553710938,595.2367553710938,595.2367553710938,205568
2024-05-30 00:07:00+00:00,595.3486328125,595.3486328125,595.3486328125,595.3486328125,595.3486328125,98944
2024-05-30 00:08:00+00:00,595.4330444335938,595.4330444335938,595.4330444335938,595.4330444335938,595.4330444335938,682624
2024-05-30 00:09:00+00:00,595.4052124023438,595.4052124023438,595.4052124023438,595.4052124023438,595.4052124023438,363392
2024-05-30 00:10:00+00:00,595.4932250976562,595.4932250976562,595.4932250976562,595.4932250976562,595.4932250976562,0
2024-05-30 00:11:00+00:00,595.50732421875,595.50732421875,595.50732421875,595.50732421875,595.50732421875,0
2024-05-30 00:12:00+00:00,595.45947265625,595.45947265625,595.45947265625,595.45947265625,595.45947265625,266240
2024-05-30 00:13:00+00:00,595.43408203125,595.43408203125,595.43408203125,595.43408203125,595.43408203125,0
2024-05-30 00:15:00+00:00,595.468505859375,595.468505859375,595.468505859375,595.468505859375,595.468505859375,561920
2024-05-30 00:16:00+00:00,595.555908203125,595.555908203125,595.555908203125,595.555908203125,595.555908203125,0
2024-05-30 00:17:00+00:00,595.7328491210938,595.7328491210938,595.7328491210938,595.7328491210938,595.7328491210938,0
2024-05-30 00:18:00+00:00,595.59716796875,595.59716796875,595.59716796875,595.59716796875,595.59716796875,425984
2024-05-30 00:19:00+00:00,595.9502563476562,595.9502563476562,595.9502563476562,595.9502563476562,595.9502563476562,0
2024-05-30 00:20:00+00:00,595.82080078125,595.82080078125,595.82080078125,595.82080078125,595.82080078125,183168
2024-05-30 00:21:00+00:00,595.7734985351562,595.7734985351562,595.7734985351562,595.7734985351562,595.7734985351562,201856
2024-05-30 00:22:00+00:00,595.7762451171875,595.7762451171875,595.7762451171875,595.7762451171875,595.7762451171875,465536
2024-05-30 00:23:00+00:00,595.8252563476562,595.8252563476562,595.8252563476562,595.8252563476562,595.8252563476562,71552
2024-05-30 00:24:00+00:00,595.8091430664062,595.8091430664062,595.8091430664062,595.8091430664062,595.8091430664062,263808
2024-05-30 00:25:00+00:00,595.6476440429688,595.6476440429688,595.6476440429688,595.6476440429688,595.6476440429688,0
2024-05-30 00:27:00+00:00,595.6947631835938,595.6947631835938,595.6947631835938,595.6947631835938,595.6947631835938,392704
2024-05-30 00:28:00+00:00,595.7111206054688,595.7111206054688,595.7111206054688,595.7111206054688,595.7111206054688,105600
2024-05-30 00:29:00+00:00,595.724853515625,595.724853515625,595.724853515625,595.724853515625,595.724853515625,0
2024-05-30 00:30:00+00:00,595.6805419921875,595.6805419921875,595.6805419921875,595.6805419921875,595.6805419921875,54400
2024-05-30 00:31:00+00:00,595.7057495117188,595.7057495117188,595.7057495117188,595.7057495117188,595.7057495117188,189568
2024-05-30 00:32:00+00:00,595.6900634765625,595.6900634765625,595.6900634765625,595.6900634765625,595.6900634765625,431744
2024-05-30 00:33:00+00:00,595.6361694335938,595.6361694335938,595.6361694335938,595.6361694335938,595.6361694335938,0
2024-05-30 00:34:00+00:00,595.5310668945312,595.5310668945312,595.5310668945312,595.5310668945312,595.5310668945312,0
2024-05-30 00:35:00+00:00,595.5570678710938,595.5570678710938,595.5570678710938,595.5570678710938,595.5570678710938,0
2024-05-30 00:36:00+00:00,595.5789184570312,595.5789184570312,595.5789184570312,595.5789184570312,595.5789184570312,11264
2024-05-30 00:37:00+00:00,595.559814453125,595.559814453125,595.559814453125,595.559814453125,595.559814453125,0
2024-05-30 00:39:00+00:00,595.4970092773438,595.4970092773438,595.4970092773438,595.4970092773438,595.4970092773438,0
2024-05-30 00:40:00+00:00,595.4639282226562,595.4639282226562,595.4639282226562,595.4639282226562,595.4639282226562,0
2024-05-30 00:41:00+00:00,595.4144287109375,595.4144287109375,595.4144287109375,595.4144287109375,595.4144287109375,241664
2024-05-30 00:42:00+00:00,595.418701171875,595.418701171875,595.418701171875,595.418701171875,595.418701171875,0
2024-05-30 00:43:00+00:00,595.3972778320312,595.3972778320312,595.3972778320312,595.3972778320312,595.3972778320312,0
2024-05-30 00:44:00+00:00,595.419189453125,595.419189453125,595.419189453125,595.419189453125,595.419189453125,0
2024-05-30 00:45:00+00:00,595.4446411132812,595.4446411132812,595.4446411132812,595.4446411132812,595.4446411132812,0
2024-05-30 00:46:00+00:00,595.51171875,595.51171875,595.51171875,595.51171875,595.51171875,178944
2024-05-30 00:47:00+00:00,595.53515625,595.53515625,595.53515625,595.53515625,595.53515625,111744
2024-05-30 00:48:00+00:00,595.585693359375,595.585693359375,595.585693359375,595.585693359375,595.585693359375,97792
2024-05-30 00:49:00+00:00,595.6922607421875,595.6922607421875,595.6922607421875,595.6922607421875,595.6922607421875,16768
2024-05-30 00:51:00+00:00,595.4965209960938,595.4965209960938,595.4965209960938,595.4965209960938,595.4965209960938,390784
2024-05-30 00:52:00+00:00,595.361328125,595.361328125,595.361328125,595.361328125,595.361328125,0
2024-05-30 00:53:00+00:00,595.313232421875,595.313232421875,595.313232421875,595.313232421875,595.313232421875,0
2024-05-30 00:54:00+00:00,595.1973266601562,595.1973266601562,595.1973266601562,595.1973266601562,595.1973266601562,686976
2024-05-30 00:55:00+00:00,594.83154296875,594.83154296875,594.83154296875,594.83154296875,594.83154296875,0
2024-05-30 00:56:00+00:00,594.7963256835938,594.7963256835938,594.7963256835938,594.7963256835938,594.7963256835938,3266304
2024-05-30 00:57:00+00:00,594.8955688476562,594.8955688476562,594.8955688476562,594.8955688476562,594.8955688476562,0
2024-05-30 00:58:00+00:00,594.8138427734375,594.8138427734375,594.8138427734375,594.8138427734375,594.8138427734375,99968
2024-05-30 00:59:00+00:00,594.9259033203125,594.9259033203125,594.9259033203125,594.9259033203125,594.9259033203125,1033472
2024-05-30 01:00:00+00:00,594.9609375,594.9609375,594.9609375,594.9609375,594.9609375,971648
2024-05-30 01:01:00+00:00,595.1021118164062,595.1021118164062,595.1021118164062,595.1021118164062,595.1021118164062,17024
2024-05-30 01:03:00+00:00,595.0426025390625,595.0426025390625,595.0426025390625,595.0426025390625,595.0426025390625,0
2024-05-30 01:04:00+00:00,594.9603271484375,594.9603271484375,594.9603271484375,594.9603271484375,594.9603271484375,19584
2024-05-30 01:05:00+00:00,594.96044921875,594.96044921875,594.96044921875,594.96044921875,594.96044921875,95232
2024-05-30 01:06:00+00:00,595.0156860351562,595.0156860351562,595.0156860351562,595.0156860351562,595.0156860351562,52992
2024-05-30 01:07:00+00:00,595.0811767578125,595.0811767578125,595.0811767578125,595.0811767578125,595.0811767578125,0
2024-05-30 01:08:00+00:00,594.9871826171875,594.9871826171875,594.9871826171875,594.9871826171875,594.9871826171875,0
2024-05-30 01:09:00+00:00,595.0963134765625,595.0963134765625,595.0963134765625,595.0963134765625,595.0963134765625,28928
2024-05-30 01:10:00+00:00,595.1321411132812,595.1321411132812,595.1321411132812,595.1321411132812,595.1321411132812,0
2024-05-30 01:11:00+00:00,595.1397705078125,595.1397705078125,595.1397705078125,595.1397705078125,595.1397705078125,506624
2024-05-30 01:12:00+00:00,595.4097900390625,595.4097900390625,595.4097900390625,595.4097900390625,595.4097900390625,324224
2024-05-30 01:13:00+00:00,595.700927734375,595.700927734375,595.700927734375,595.700927734375,595.700927734375,0
2024-05-30 01:15:00+00:00,595.7337036132812,595.7337036132812,595.7337036132812,595.7337036132812,595.7337036132812,1108992
2024-05-30 01:16:00+00:00,595.9426879882812,595.9426879882812,595.9426879882812,595.9426879882812,595.9426879882812,0
2024-05-30 01:17:00+00:00,595.9092407226562,595.9092407226562,595.9092407226562,595.9092407226562,595.9092407226562,0
2024-05-30 01:18:00+00:00,595.8441162109375,595.8441162109375,595.8441162109375,595.8441162109375,595.8441162109375,528256
2024-05-30 01:19:00+00:00,595.9239501953125,595.9239501953125,595.9239501953125,595.9239501953125,595.9239501953125,0
2024-05-30 01:20:00+00:00,595.8900146484375,595.8900146484375,595.8900146484375,595.8900146484375,595.8900146484375,0
2024-05-30 01:21:00+00:00,595.848388671875,595.848388671875,595.848388671875,595.848388671875,595.848388671875,0
2024-05-30 01:22:00+00:00,595.8330078125,595.8330078125,595.8330078125,595.8330078125,595.8330078125,0
2024-05-30 01:23:00+00:00,595.8472900390625,595.8472900390625,595.8472900390625,595.8472900390625,595.8472900390625,0
2024-05-30 01:24:00+00:00,595.7616577148438,595.7616577148438,595.7616577148438,595.7616577148438,595.7616577148438,79872
2024-05-30 01:25:00+00:00,595.7261962890625,595.7261962890625,595.7261962890625,595.7261962890625,595.7261962890625,0
2024-05-30 01:27:00+00:00,595.7557983398438,595.7557983398438,595.7557983398438,595.7557983398438,595.7557983398438,0
2024-05-30 01:28:00+00:00,595.7752685546875,595.7752685546875,595.7752685546875,595.7752685546875,595.7752685546875,53376
2024-05-30 01:29:00+00:00,595.83203125,595.83203125,595.83203125,595.83203125,595.83203125,7168
2024-05-30 01:30:00+00:00,595.8760986328125,595.8760986328125,595.8760986328125,595.8760986328125,595.8760986328125,542464
2024-05-30 01:31:00+00:00,595.9669189453125,595.9669189453125,595.9669189453125,595.9669189453125,595.9669189453125,0
2024-05-30 01:32:00+00:00,595.8846435546875,595.8846435546875,595.8846435546875,595.8846435546875,595.8846435546875,545408
2024-05-30 01:33:00+00:00,595.8313598632812,595.8313598632812,595.8313598632812,595.8313598632812,595.8313598632812,0
2024-05-30 01:34:00+00:00,595.8163452148438,595.8163452148438,595.8163452148438,595.8163452148438,595.8163452148438,0
2024-05-30 01:35:00+00:00,595.82177734375,595.82177734375,595.82177734375,595.82177734375,595.82177734375,90240
2024-05-30 01:36:00+00:00,595.8456420898438,595.8456420898438,595.8456420898438,595.8456420898438,595.8456420898438,0
2024-05-30 01:37:00+00:00,595.9624633789062,595.9624633789062,595.9624633789062,595.9624633789062,595.9624633789062,0
2024-05-30 01:39:00+00:00,596.0426635742188,596.0426635742188,596.0426635742188,596.0426635742188,596.0426635742188,395776
2024-05-30 01:40:00+00:00,596.06103515625,596.06103515625,596.06103515625,596.06103515625,596.06103515625,24704
2024-05-30 01:41:00+00:00,596.015380859375,596.015380859375,596.015380859375,596.015380859375,596.015380859375,450432
2024-05-30 01:42:00+00:00,596.0050659179688,596.0050659179688,596.0050659179688,596.0050659179688,596.0050659179688,53632
2024-05-30 01:43:00+00:00,596.0508422851562,596.0508422851562,596.0508422851562,596.0508422851562,596.0508422851562,0
2024-05-30 01:44:00+00:00,596.05517578125,596.05517578125,596.05517578125,596.05517578125,596.05517578125,0
2024-05-30 01:45:00+00:00,596.09326171875,596.09326171875,596.09326171875,596.09326171875,596.09326171875,0
2024-05-30 01:46:00+00:00,596.0608520507812,596.0608520507812,596.0608520507812,596.0608520507812,596.0608520507812,0
2024-05-30 01:47:00+00:00,595.9966430664062,595.9966430664062,595.9966430664062,595.9966430664062,595.9966430664062,0
2024-05-30 01:48:00+00:00,595.9537963867188,595.9537963867188,595.9537963867188,595.9537963867188,595.9537963867188,0
2024-05-30 01:49:00+00:00,596.0271606445312,596.0271606445312,596.0271606445312,596.0271606445312,596.0271606445312,0
2024-05-30 01:51:00+00:00,596.2990112304688,596.2990112304688,596.2990112304688,596.2990112304688,596.2990112304688,0
2024-05-30 01:52:00+00:00,596.2804565429688,596.2804565429688,596.2804565429688,596.2804565429688,596.2804565429688,150528
2024-05-30 01:53:00+00:00,596.3218383789062,596.3218383789062,596.3218383789062,596.3218383789062,596.3218383789062,185728
2024-05-30 01:54:00+00:00,596.2874145507812,596.2874145507812,596.2874145507812,596.2874145507812,596.2874145507812,0
2024-05-30 01:55:00+00:00,596.1531372070312,596.1531372070312,596.1531372070312,596.1531372070312,596.1531372070312,0
2024-05-30 01:56:00+00:00,596.0811767578125,596.0811767578125,596.0811767578125,596.0811767578125,596.0811767578125,0
2024-05-30 01:57:00+00:00,596.0728149414062,596.0728149414062,596.0728149414062,596.0728149414062,596.0728149414062,688000
2024-05-30 01:58:00+00:00,596.0720825195312,596.0720825195312,596.0720825195312,596.0720825195312,596.0720825195312,0
2024-05-30 01:59:00+00:00,596.0146484375,596.0146484375,596.0146484375,596.0146484375,596.0146484375,66688
2024-05-30 02:00:00+00:00,596.1243896484375,596.1243896484375,596.1243896484375,596.1243896484375,596.1243896484375,0
2024-05-30 02:01:00+00:00,596.2747802734375,596.2747802734375,596.2747802734375,596.2747802734375,596.2747802734375,0
2024-05-30 02:03:00+00:00,596.313720703125,596.313720703125,596.313720703125,596.313720703125,596.313720703125,0
2024-05-30 02:04:00+00:00,596.3986206054688,596.3986206054688,596.3986206054688,596.3986206054688,596.3986206054688,0
2024-05-30 02:05:00+00:00,596.343505859375,596.343505859375,596.343505859375,596.343505859375,596.343505859375,165760
2024-05-30 02:06:00+00:00,596.4373168945312,596.4373168945312,596.4373168945312,596.4373168945312,596.4373168945312,0
2024-05-30 02:07:00+00:00,596.719482421875,596.719482421875,596.719482421875,596.719482421875,596.719482421875,281728
2024-05-30 02:08:00+00:00,596.6304321289062,596.6304321289062,596.6304321289062,596.6304321289062,596.6304321289062,171776
2024-05-30 02:09:00+00:00,596.7445068359375,596.7445068359375,596.7445068359375,596.7445068359375,596.7445068359375,0
2024-05-30 02:10:00+00:00,596.7745361328125,596.7745361328125,596.7745361328125,596.7745361328125,596.7745361328125,0
2024-05-30 02:11:00+00:00,596.6875610351562,596.6875610351562,596.6875610351562,596.6875610351562,596.6875610351562,780160
2024-05-30 02:12:00+00:00,596.6246337890625,596.6246337890625,596.6246337890625,596.6246337890625,596.6246337890625,926208
2024-05-30 02:13:00+00:00,596.6934204101562,596.6934204101562,596.6934204101562,596.6934204101562,596.6934204101562,0
2024-05-30 02:15:00+00:00,596.5658569335938,596.5658569335938,596.5658569335938,596.5658569335938,596.5658569335938,432896
2024-05-30 02:16:00+00:00,596.6117553710938,596.6117553710938,596.6117553710938,596.6117553710938,596.6117553710938,0
2024-05-30 02:17:00+00:00,596.6610107421875,596.6610107421875,596.6610107421875,596.6610107421875,596.6610107421875,0
2024-05-30 02:18:00+00:00,596.7196044921875,596.7196044921875,596.7196044921875,596.7196044921875,596.7196044921875,0
2024-05-30 02:19:00+00:00,596.9962158203125,596.9962158203125,596.9962158203125,596.9962158203125,596.9962158203125,0
2024-05-30 02:20:00+00:00,596.9426879882812,596.9426879882812,596.9426879882812,596.9426879882812,596.9426879882812,491648
2024-05-30 02:21:00+00:00,596.936279296875,596.936279296875,596.936279296875,596.936279296875,596.936279296875,69120
2024-05-30 02:22:00+00:00,596.992919921875,596.992919921875,596.992919921875,596.992919921875,596.992919921875,0
2024-05-30 02:23:00+00:00,596.9130249023438,596.9130249023438,596.9130249023438,596.9130249023438,596.9130249023438,102784
2024-05-30 02:24:00+00:00,596.9505004882812,596.9505004882812,596.9505004882812,596.9505004882812,596.9505004882812,90368
2024-05-30 02:25:00+00:00,596.9234619140625,596.9234619140625,596.9234619140625,596.9234619140625,596.9234619140625,34304
2024-05-30 02:27:00+00:00,596.892333984375,596.892333984375,596.892333984375,596.892333984375,596.892333984375,383872
2024-05-30 02:28:00+00:00,596.87353515625,596.87353515625,596.87353515625,596.87353515625,596.87353515625,0
2024-05-30 02:29:00+00:00,596.949462890625,596.949462890625,596.949462890625,596.949462890625,596.949462890625,984704
2024-05-30 02:30:00+00:00,596.986328125,596.986328125,596.986328125,596.986328125,596.986328125,0
2024-05-30 02:31:00+00:00,597.2040405273438,597.2040405273438,597.2040405273438,597.2040405273438,597.2040405273438,0
2024-05-30 02:32:00+00:00,597.184326171875,597.184326171875,597.184326171875,597.184326171875,597.184326171875,63616
2024-05-30 02:33:00+00:00,597.2660522460938,597.2660522460938,597.2660522460938,597.2660522460938,597.2660522460938,26752
2024-05-30 02:34:00+00:00,597.1473999023438,597.1473999023438,597.1473999023438,597.1473999023438,597.1473999023438,0
2024-05-30 02:35:00+00:00,597.1175537109375,597.1175537109375,597.1175537109375,597.1175537109375,597.1175537109375,493312
2024-05-30 02:36:00+00:00,597.1900024414062,597.1900024414062,597.1900024414062,597.1900024414062,597.1900024414062,0
2024-05-30 02:37:00+00:00,596.9772338867188,596.9772338867188,596.9772338867188,596.9772338867188,596.9772338867188,0
2024-05-30 02:39:00+00:00,596.9812622070312,596.9812622070312,596.9812622070312,596.9812622070312,596.9812622070312,0
2024-05-30 02:40:00+00:00,597.1415405273438,597.1415405273438,597.1415405273438,597.1415405273438,597.1415405273438,239872
2024-05-30 02:41:00+00:00,597.0816650390625,597.0816650390625,597.0816650390625,597.0816650390625,597.0816650390625,211072
2024-05-30 02:42:00+00:00,597.1746826171875,597.1746826171875,597.1746826171875,597.1746826171875,597.1746826171875,0
2024-05-30 02:43:00+00:00,596.9113159179688,596.9113159179688,596.9113159179688,596.9113159179688,596.9113159179688,33280
2024-05-30 02:44:00+00:00,596.94873046875,596.94873046875,596.94873046875,596.94873046875,596.94873046875,0
2024-05-30 02:45:00+00:00,596.9951782226562,596.9951782226562,596.9951782226562,596.9951782226562,596.9951782226562,0
2024-05-30 02:46:00+00:00,597.0292358398438,597.0292358398438,597.0292358398438,597.0292358398438,597.0292358398438,0
2024-05-30 02:47:00+00:00,596.8410034179688,596.8410034179688,596.8410034179688,596.8410034179688,596.8410034179688,0
2024-05-30 02:48:00+00:00,596.7809448242188,596.7809448242188,596.7809448242188,596.7809448242188,596.7809448242188,0
2024-05-30 02:49:00+00:00,596.4348754882812,596.4348754882812,596.4348754882812,596.4348754882812,596.4348754882812,6528
2024-05-30 02:51:00+00:00,596.4271850585938,596.4271850585938,596.4271850585938,596.4271850585938,596.4271850585938,0
2024-05-30 02:52:00+00:00,595.9690551757812,595.9690551757812,595.9690551757812,595.9690551757812,595.9690551757812,186496
2024-05-30 02:53:00+00:00,596.0050048828125,596.0050048828125,596.0050048828125,596.0050048828125,596.0050048828125,0
2024-05-30 02:54:00+00:00,596.0075073242188,596.0075073242188,596.0075073242188,596.0075073242188,596.0075073242188,140288
2024-05-30 02:55:00+00:00,595.836669921875,595.836669921875,595.836669921875,595.836669921875,595.836669921875,0
2024-05-30 02:56:00+00:00,595.9722900390625,595.9722900390625,595.9722900390625,595.9722900390625,595.9722900390625,1845120
2024-05-30 02:57:00+00:00,595.7395629882812,595.7395629882812,595.7395629882812,595.7395629882812,595.7395629882812,0
2024-05-30 02:58:00+00:00,595.6250610351562,595.6250610351562,595.6250610351562,595.6250610351562,595.6250610351562,957952
2024-05-30 02:59:00+00:00,595.5888061523438,595.5888061523438,595.5888061523438,595.5888061523438,595.5888061523438,692608
2024-05-30 03:00:00+00:00,595.599853515625,595.599853515625,595.599853515625,595.599853515625,595.599853515625,0
2024-05-30 03:01:00+00:00,595.6361083984375,595.6361083984375,595.6361083984375,595.6361083984375,595.6361083984375,0
2024-05-30 03:03:00+00:00,595.7614135742188,595.7614135742188,595.7614135742188,595.7614135742188,595.7614135742188,0
2024-05-30 03:04:00+00:00,595.7598266601562,595.7598266601562,595.7598266601562,595.7598266601562,595.7598266601562,0
2024-05-30 03:05:00+00:00,595.9459838867188,595.9459838867188,595.9459838867188,595.9459838867188,595.9459838867188,0
2024-05-30 03:06:00+00:00,595.8129272460938,595.8129272460938,595.8129272460938,595.8129272460938,595.8129272460938,380928
2024-05-30 03:07:00+00:00,596.0009765625,596.0009765625,596.0009765625,596.0009765625,596.0009765625,0
2024-05-30 03:08:00+00:00,595.9278564453125,595.9278564453125,595.9278564453125,595.9278564453125,595.9278564453125,0
2024-05-30 03:09:00+00:00,595.9532470703125,595.9532470703125,595.9532470703125,595.9532470703125,595.9532470703125,179072
2024-05-30 03:10:00+00:00,595.8877563476562,595.8877563476562,595.8877563476562,595.8877563476562,595.8877563476562,0
2024-05-30 03:11:00+00:00,595.8501586914062,595.8501586914062,595.8501586914062,595.8501586914062,595.8501586914062,0
2024-05-30 03:12:00+00:00,595.8414916992188,595.8414916992188,595.8414916992188,595.8414916992188,595.8414916992188,0
2024-05-30 03:13:00+00:00,595.9461669921875,595.9461669921875,595.9461669921875,595.9461669921875,595.9461669921875,0
2024-05-30 03:15:00+00:00,595.9549560546875,595.9549560546875,595.9549560546875,595.9549560546875,595.9549560546875,169984
2024-05-30 03:16:00+00:00,595.8385009765625,595.8385009765625,595.8385009765625,595.8385009765625,595.8385009765625,0
2024-05-30 03:17:00+00:00,595.8887329101562,595.8887329101562,595.8887329101562,595.8887329101562,595.8887329101562,0
2024-05-30 03:18:00+00:00,595.8579711914062,595.8579711914062,595.8579711914062,595.8579711914062,595.8579711914062,113536
2024-05-30 03:19:00+00:00,595.840087890625,595.840087890625,595.840087890625,595.840087890625,595.840087890625,0
2024-05-30 03:20:00+00:00,596.026611328125,596.026611328125,596.026611328125,596.026611328125,596.026611328125,0
2024-05-30 03:21:00+00:00,595.9976806640625,595.9976806640625,595.9976806640625,595.9976806640625,595.9976806640625,0
2024-05-30 03:22:00+00:00,596.3517456054688,596.3517456054688,596.3517456054688,596.3517456054688,596.3517456054688,0
2024-05-30 03:23:00+00:00,596.3270263671875,596.3270263671875,596.3270263671875,596.3270263671875,596.3270263671875,0
2024-05-30 03:24:00+00:00,596.2418212890625,596.2418212890625,596.2418212890625,596.2418212890625,596.2418212890625,77312
2024-05-30 03:25:00+00:00,596.252197265625,596.252197265625,596.252197265625,596.252197265625,596.252197265625,0
2024-05-30 03:27:00+00:00,596.2796630859375,596.2796630859375,596.2796630859375,596.2796630859375,596.2796630859375,0
2024-05-30 03:28:00+00:00,596.3612670898438,596.3612670898438,596.3612670898438,596.3612670898438,596.3612670898438,0
2024-05-30 03:29:00+00:00,596.35693359375,596.35693359375,596.35693359375,596.35693359375,596.35693359375,0
2024-05-30 03:30:00+00:00,596.338134765625,596.338134765625,596.338134765625,596.338134765625,596.338134765625,0
2024-05-30 03:31:00+00:00,596.4252319335938,596.4252319335938,596.4252319335938,596.4252319335938,596.4252319335938,0
2024-05-30 03:32:00+00:00,596.478271484375,596.478271484375,596.478271484375,596.478271484375,596.478271484375,0
2024-05-30 03:33:00+00:00,596.3676147460938,596.3676147460938,596.3676147460938,596.3676147460938,596.3676147460938,197504
2024-05-30 03:34:00+00:00,596.53662109375,596.53662109375,596.53662109375,596.53662109375,596.53662109375,189440
2024-05-30 03:35:00+00:00,596.6141357421875,596.6141357421875,596.6141357421875,596.6141357421875,596.6141357421875,71168
2024-05-30 03:36:00+00:00,596.7216796875,596.7216796875,596.7216796875,596.7216796875,596.7216796875,265600
2024-05-30 03:37:00+00:00,596.8350219726562,596.8350219726562,596.8350219726562,596.8350219726562,596.8350219726562,0
2024-05-30 03:39:00+00:00,596.8187255859375,596.8187255859375,596.8187255859375,596.8187255859375,596.8187255859375,0
2024-05-30 03:40:00+00:00,596.8600463867188,596.8600463867188,596.8600463867188,596.8600463867188,596.8600463867188,0
2024-05-30 03:41:00+00:00,596.8703002929688,596.8703002929688,596.8703002929688,596.8703002929688,596.8703002929688,0
2024-05-30 03:42:00+00:00,596.7918701171875,596.7918701171875,596.7918701171875,596.7918701171875,596.7918701171875,0
2024-05-30 03:43:00+00:00,596.8091430664062,596.8091430664062,596.8091430664062,596.8091430664062,596.8091430664062,0
2024-05-30 03:44:00+00:00,596.7877807617188,596.7877807617188,596.7877807617188,596.7877807617188,596.7877807617188,0
2024-05-30 03:45:00+00:00,596.7693481445312,596.7693481445312,596.7693481445312,596.7693481445312,596.7693481445312,0
2024-05-30 03:46:00+00:00,596.6530151367188,596.6530151367188,596.6530151367188,596.6530151367188,596.6530151367188,0
2024-05-30 03:47:00+00:00,596.6906127929688,596.6906127929688,596.6906127929688,596.6906127929688,596.6906127929688,0
2024-05-30 03:48:00+00:00,596.7021484375,596.7021484375,596.7021484375,596.7021484375,596.7021484375,0
2024-05-30 03:49:00+00:00,596.76025390625,596.76025390625,596.76025390625,596.76025390625,596.76025390625,0
2024-05-30 03:51:00+00:00,596.9196166992188,596.9196166992188,596.9196166992188,596.9196166992188,596.9196166992188,0
2024-05-30 03:52:00+00:00,597.2462768554688,597.2462768554688,597.2462768554688,597.2462768554688,597.2462768554688,199936
2024-05-30 03:53:00+00:00,597.1416015625,597.1416015625,597.1416015625,597.1416015625,597.1416015625,248704
2024-05-30 03:54:00+00:00,597.113037109375,597.113037109375,597.113037109375,597.113037109375,597.113037109375,0
2024-05-30 03:55:00+00:00,597.0200805664062,597.0200805664062,597.0200805664062,597.0200805664062,597.0200805664062,0
2024-05-30 03:56:00+00:00,596.9512329101562,596.9512329101562,596.9512329101562,596.9512329101562,596.9512329101562,0
2024-05-30 03:57:00+00:00,596.9885864257812,596.9885864257812,596.9885864257812,596.9885864257812,596.9885864257812,0
2024-05-30 03:58:00+00:00,597.10498046875,597.10498046875,597.10498046875,597.10498046875,597.10498046875,0
2024-05-30 03:59:00+00:00,597.0343017578125,597.0343017578125,597.0343017578125,597.0343017578125,597.0343017578125,87808
2024-05-30 04:00:00+00:00,596.9791870117188,596.9791870117188,596.9791870117188,596.9791870117188,596.9791870117188,0
2024-05-30 04:01:00+00:00,596.91650390625,596.91650390625,596.91650390625,596.91650390625,596.91650390625,0
2024-05-30 04:03:00+00:00,596.91015625,596.91015625,596.91015625,596.91015625,596.91015625,0
2024-05-30 04:04:00+00:00,596.9239501953125,596.9239501953125,596.9239501953125,596.9239501953125,596.9239501953125,8576
2024-05-30 04:05:00+00:00,596.9174194335938,596.9174194335938,596.9174194335938,596.9174194335938,596.9174194335938,319232
2024-05-30 04:06:00+00:00,596.8139038085938,596.8139038085938,596.8139038085938,596.8139038085938,596.8139038085938,0
2024-05-30 04:07:00+00:00,596.56298828125,596.56298828125,596.56298828125,596.56298828125,596.56298828125,0
2024-05-30 04:08:00+00:00,596.5487060546875,596.5487060546875,596.5487060546875,596.5487060546875,596.5487060546875,0
2024-05-30 04:10:00+00:00,596.5353393554688,596.5353393554688,596.5353393554688,596.5353393554688,596.5353393554688,0
2024-05-30 04:11:00+00:00,596.4996948242188,596.4996948242188,596.4996948242188,596.4996948242188,596.4996948242188,314624
2024-05-30 04:12:00+00:00,596.5481567382812,596.5481567382812,596.5481567382812,596.5481567382812,596.5481567382812,0
2024-05-30 04:13:00+00:00,596.53857421875,596.53857421875,596.53857421875,596.53857421875,596.53857421875,0
2024-05-30 04:15:00+00:00,596.5325927734375,596.5325927734375,596.5325927734375,596.5325927734375,596.5325927734375,0
2024-05-30 04:16:00+00:00,596.518310546875,596.518310546875,596.518310546875,596.518310546875,596.518310546875,0
2024-05-30 04:17:00+00:00,596.5535278320312,596.5535278320312,596.5535278320312,596.5535278320312,596.5535278320312,0
2024-05-30 04:18:00+00:00,596.5323486328125,596.5323486328125,596.5323486328125,596.5323486328125,596.5323486328125,0
2024-05-30 04:19:00+00:00,596.7006225585938,596.7006225585938,596.7006225585938,596.7006225585938,596.7006225585938,7168
2024-05-30 04:20:00+00:00,596.6989135742188,596.6989135742188,596.6989135742188,596.6989135742188,596.6989135742188,0
2024-05-30 04:21:00+00:00,596.867431640625,596.867431640625,596.867431640625,596.867431640625,596.867431640625,60032
2024-05-30 04:22:00+00:00,597.1550903320312,597.1550903320312,597.1550903320312,597.1550903320312,597.1550903320312,0
2024-05-30 04:23:00+00:00,597.1007080078125,597.1007080078125,597.1007080078125,597.1007080078125,597.1007080078125,0
2024-05-30 04:24:00+00:00,597.096923828125,597.096923828125,597.096923828125,597.096923828125,597.096923828125,301696
2024-05-30 04:25:00+00:00,597.038330078125,597.038330078125,597.038330078125,597.038330078125,597.038330078125,0
2024-05-30 04:27:00+00:00,597.0527954101562,597.0527954101562,597.0527954101562,597.0527954101562,597.0527954101562,0
2024-05-30 04:28:00+00:00,596.9993896484375,596.9993896484375,596.9993896484375,596.9993896484375,596.9993896484375,0
2024-05-30 04:29:00+00:00,596.986572265625,596.986572265625,596.986572265625,596.986572265625,596.986572265625,0
2024-05-30 04:30:00+00:00,597.0047607421875,597.0047607421875,597.0047607421875,597.0047607421875,597.0047607421875,0
2024-05-30 04:31:00+00:00,597.093505859375,597.093505859375,597.093505859375,597.093505859375,597.093505859375,0
2024-05-30 04:32:00+00:00,597.08544921875,597.08544921875,597.08544921875,597.08544921875,597.08544921875,0
2024-05-30 04:33:00+00:00,597.1487426757812,597.1487426757812,597.1487426757812,597.1487426757812,597.1487426757812,0
2024-05-30 04:34:00+00:00,597.588623046875,597.588623046875,597.588623046875,597.588623046875,597.588623046875,645504
2024-05-30 04:35:00+00:00,597.5599365234375,597.5599365234375,597.5599365234375,597.5599365234375,597.5599365234375,0
2024-05-30 04:36:00+00:00,597.4609985351562,597.4609985351562,597.4609985351562,597.4609985351562,597.4609985351562,276992
2024-05-30 04:37:00+00:00,597.50927734375,597.50927734375,597.50927734375,597.50927734375,597.50927734375,0
2024-05-30 04:39:00+00:00,597.4481811523438,597.4481811523438,597.4481811523438,597.4481811523438,597.4481811523438,569984
2024-05-30 04:40:00+00:00,597.405029296875,597.405029296875,597.405029296875,597.405029296875,597.405029296875,0
2024-05-30 04:41:00+00:00,597.4135131835938,597.4135131835938,597.4135131835938,597.4135131835938,597.4135131835938,156288
2024-05-30 04:42:00+00:00,597.299560546875,597.299560546875,597.299560546875,597.299560546875,597.299560546875,0
2024-05-30 04:43:00+00:00,596.9241943359375,596.9241943359375,596.9241943359375,596.9241943359375,596.9241943359375,0
2024-05-30 04:44:00+00:00,596.9239501953125,596.9239501953125,596.9239501953125,596.9239501953125,596.9239501953125,0
2024-05-30 04:45:00+00:00,596.9402465820312,596.9402465820312,596.9402465820312,596.9402465820312,596.9402465820312,0
2024-05-30 04:46:00+00:00,596.8026733398438,596.8026733398438,596.8026733398438,596.8026733398438,596.8026733398438,0
2024-05-30 04:47:00+00:00,596.70751953125,596.70751953125,596.70751953125,596.70751953125,596.70751953125,0
2024-05-30 04:48:00+00:00,596.7147827148438,596.7147827148438,596.7147827148438,596.7147827148438,596.7147827148438,0
2024-05-30 04:49:00+00:00,596.6887817382812,596.6887817382812,596.6887817382812,596.6887817382812,596.6887817382812,0
2024-05-30 04:51:00+00:00,596.5595092773438,596.5595092773438,596.5595092773438,596.5595092773438,596.5595092773438,0
2024-05-30 04:52:00+00:00,596.4661865234375,596.4661865234375,596.4661865234375,596.4661865234375,596.4661865234375,0
2024-05-30 04:53:00+00:00,596.4606323242188,596.4606323242188,596.4606323242188,596.4606323242188,596.4606323242188,0
2024-05-30 04:54:00+00:00,596.4052124023438,596.4052124023438,596.4052124023438,596.4052124023438,596.4052124023438,0
2024-05-30 04:55:00+00:00,596.208984375,596.208984375,596.208984375,596.208984375,596.208984375,0
2024-05-30 04:56:00+00:00,596.1944580078125,596.1944580078125,596.1944580078125,596.1944580078125,596.1944580078125,39040
2024-05-30 04:57:00+00:00,596.2161865234375,596.2161865234375,596.2161865234375,596.2161865234375,596.2161865234375,0
2024-05-30 04:58:00+00:00,596.0840454101562,596.0840454101562,596.0840454101562,596.0840454101562,596.0840454101562,0
2024-05-30 04:59:00+00:00,596.0872192382812,596.0872192382812,596.0872192382812,596.0872192382812,596.0872192382812,0
2024-05-30 05:00:00+00:00,596.1001586914062,596.1001586914062,596.1001586914062,596.1001586914062,596.1001586914062,31872
2024-05-30 05:01:00+00:00,596.1292724609375,596.1292724609375,596.1292724609375,596.1292724609375,596.1292724609375,0
2024-05-30 05:03:00+00:00,596.1749267578125,596.1749267578125,596.1749267578125,596.1749267578125,596.1749267578125,0
2024-05-30 05:04:00+00:00,596.0734252929688,596.0734252929688,596.0734252929688,596.0734252929688,596.0734252929688,79232
2024-05-30 05:05:00+00:00,596.0565185546875,596.0565185546875,596.0565185546875,596.0565185546875,596.0565185546875,0
2024-05-30 05:06:00+00:00,596.0632934570312,596.0632934570312,596.0632934570312,596.0632934570312,596.0632934570312,171136
2024-05-30 05:07:00+00:00,595.8401489257812,595.8401489257812,595.8401489257812,595.8401489257812,595.8401489257812,0
2024-05-30 05:08:00+00:00,595.8780517578125,595.8780517578125,595.8780517578125,595.8780517578125,595.8780517578125,760192
2024-05-30 05:09:00+00:00,595.8655395507812,595.8655395507812,595.8655395507812,595.8655395507812,595.8655395507812,0
2024-05-30 05:10:00+00:00,595.8487548828125,595.8487548828125,595.8487548828125,595.8487548828125,595.8487548828125,0
2024-05-30 05:11:00+00:00,595.8865966796875,595.8865966796875,595.8865966796875,595.8865966796875,595.8865966796875,0
2024-05-30 05:12:00+00:00,595.9464111328125,595.9464111328125,595.9464111328125,595.9464111328125,595.9464111328125,0
2024-05-30 05:13:00+00:00,595.9335327148438,595.9335327148438,595.9335327148438,595.9335327148438,595.9335327148438,0
2024-05-30 05:15:00+00:00,595.8296508789062,595.8296508789062,595.8296508789062,595.8296508789062,595.8296508789062,0
2024-05-30 05:16:00+00:00,595.6954345703125,595.6954345703125,595.6954345703125,595.6954345703125,595.6954345703125,0
2024-05-30 05:17:00+00:00,595.5450439453125,595.5450439453125,595.5450439453125,595.5450439453125,595.5450439453125,0
2024-05-30 05:18:00+00:00,595.6314086914062,595.6314086914062,595.6314086914062,595.6314086914062,595.6314086914062,630656
2024-05-30 05:19:00+00:00,595.6610107421875,595.6610107421875,595.6610107421875,595.6610107421875,595.6610107421875,1792
2024-05-30 05:20:00+00:00,595.708984375,595.708984375,595.708984375,595.708984375,595.708984375,549632
2024-05-30 05:21:00+00:00,595.6341552734375,595.6341552734375,595.6341552734375,595.6341552734375,595.6341552734375,0
2024-05-30 05:22:00+00:00,595.734130859375,595.734130859375,595.734130859375,595.734130859375,595.734130859375,0
2024-05-30 05:23:00+00:00,595.7052001953125,595.7052001953125,595.7052001953125,595.7052001953125,595.7052001953125,468480
2024-05-30 05:24:00+00:00,595.704345703125,595.704345703125,595.704345703125,595.704345703125,595.704345703125,0
2024-05-30 05:25:00+00:00,595.725830078125,595.725830078125,595.725830078125,595.725830078125,595.725830078125,0
2024-05-30 05:27:00+00:00,595.8841552734375,595.8841552734375,595.8841552734375,595.8841552734375,595.8841552734375,0
2024-05-30 05:28:00+00:00,595.99365234375,595.99365234375,595.99365234375,595.99365234375,595.99365234375,257792
2024-05-30 05:29:00+00:00,595.931396484375,595.931396484375,595.931396484375,595.931396484375,595.931396484375,247168
2024-05-30 05:30:00+00:00,595.956787109375,595.956787109375,595.956787109375,595.956787109375,595.956787109375,74624
2024-05-30 05:31:00+00:00,595.9775390625,595.9775390625,595.9775390625,595.9775390625,595.9775390625,0
2024-05-30 05:32:00+00:00,595.9187622070312,595.9187622070312,595.9187622070312,595.9187622070312,595.9187622070312,162688
2024-05-30 05:33:00+00:00,595.9362182617188,595.9362182617188,595.9362182617188,595.9362182617188,595.9362182617188,26624
2024-05-30 05:34:00+00:00,595.8809204101562,595.8809204101562,595.8809204101562,595.8809204101562,595.8809204101562,0
2024-05-30 05:35:00+00:00,595.9755859375,595.9755859375,595.9755859375,595.9755859375,595.9755859375,0
2024-05-30 05:36:00+00:00,596.0628662109375,596.0628662109375,596.0628662109375,596.0628662109375,596.0628662109375,215680
2024-05-30 05:37:00+00:00,596.2088012695312,596.2088012695312,596.2088012695312,596.2088012695312,596.2088012695312,3456
2024-05-30 05:39:00+00:00,596.1726684570312,596.1726684570312,596.1726684570312,596.1726684570312,596.1726684570312,0
2024-05-30 05:40:00+00:00,596.163818359375,596.163818359375,596.163818359375,596.163818359375,596.163818359375,0
2024-05-30 05:41:00+00:00,596.114990234375,596.114990234375,596.114990234375,596.114990234375,596.114990234375,35456
2024-05-30 05:42:00+00:00,596.0848388671875,596.0848388671875,596.0848388671875,596.0848388671875,596.0848388671875,544384
2024-05-30 05:43:00+00:00,596.0048828125,596.0048828125,596.0048828125,596.0048828125,596.0048828125,34048
2024-05-30 05:44:00+00:00,596.0775146484375,596.0775146484375,596.0775146484375,596.0775146484375,596.0775146484375,466432
2024-05-30 05:45:00+00:00,595.966064453125,595.966064453125,595.966064453125,595.966064453125,595.966064453125,2560
2024-05-30 05:46:00+00:00,596.0765991210938,596.0765991210938,596.0765991210938,596.0765991210938,596.0765991210938,51712
2024-05-30 05:47:00+00:00,596.20068359375,596.20068359375,596.20068359375,596.20068359375,596.20068359375,0
2024-05-30 05:48:00+00:00,596.162109375,596.162109375,596.162109375,596.162109375,596.162109375,0
2024-05-30 05:49:00+00:00,596.3217163085938,596.3217163085938,596.3217163085938,596.3217163085938,596.3217163085938,0
2024-05-30 05:51:00+00:00,596.3321533203125,596.3321533203125,596.3321533203125,596.3321533203125,596.3321533203125,1496064
2024-05-30 05:52:00+00:00,596.3577270507812,596.3577270507812,596.3577270507812,596.3577270507812,596.3577270507812,0
2024-05-30 05:53:00+00:00,596.4362182617188,596.4362182617188,596.4362182617188,596.4362182617188,596.4362182617188,251264
2024-05-30 05:54:00+00:00,596.375,596.375,596.375,596.375,596.375,53376
2024-05-30 05:55:00+00:00,596.3895263671875,596.3895263671875,596.3895263671875,596.3895263671875,596.3895263671875,0
2024-05-30 05:56:00+00:00,596.3369140625,596.3369140625,596.3369140625,596.3369140625,596.3369140625,0
2024-05-30 05:57:00+00:00,596.294189453125,596.294189453125,596.294189453125,596.294189453125,596.294189453125,0
2024-05-30 05:58:00+00:00,596.134033203125,596.134033203125,596.134033203125,596.134033203125,596.134033203125,0
2024-05-30 05:59:00+00:00,596.1905517578125,596.1905517578125,596.1905517578125,596.1905517578125,596.1905517578125,0
2024-05-30 06:00:00+00:00,596.1932373046875,596.1932373046875,596.1932373046875,596.1932373046875,596.1932373046875,0
2024-05-30 06:01:00+00:00,596.2017822265625,596.2017822265625,596.2017822265625,596.2017822265625,596.2017822265625,0
2024-05-30 06:03:00+00:00,596.1679077148438,596.1679077148438,596.1679077148438,596.1679077148438,596.1679077148438,0
2024-05-30 06:04:00+00:00,595.9312744140625,595.9312744140625,595.9312744140625,595.9312744140625,595.9312744140625,0
2024-05-30 06:05:00+00:00,595.9494018554688,595.9494018554688,595.9494018554688,595.9494018554688,595.9494018554688,0
2024-05-30 06:06:00+00:00,595.8640747070312,595.8640747070312,595.8640747070312,595.8640747070312,595.8640747070312,0
2024-05-30 06:07:00+00:00,595.4140625,595.4140625,595.4140625,595.4140625,595.4140625,802816
2024-05-30 06:08:00+00:00,595.328369140625,595.328369140625,595.328369140625,595.328369140625,595.328369140625,1718528
2024-05-30 06:09:00+00:00,595.4288330078125,595.4288330078125,595.4288330078125,595.4288330078125,595.4288330078125,134528
2024-05-30 06:10:00+00:00,595.230224609375,595.230224609375,595.230224609375,595.230224609375,595.230224609375,108928
2024-05-30 06:11:00+00:00,595.0814819335938,595.0814819335938,595.0814819335938,595.0814819335938,595.0814819335938,1229184
2024-05-30 06:12:00+00:00,595.2738647460938,595.2738647460938,595.2738647460938,595.2738647460938,595.2738647460938,745344
2024-05-30 06:13:00+00:00,595.1746215820312,595.1746215820312,595.1746215820312,595.1746215820312,595.1746215820312,0
2024-05-30 06:15:00+00:00,595.12548828125,595.12548828125,595.12548828125,595.12548828125,595.12548828125,1504000
2024-05-30 06:16:00+00:00,595.3388671875,595.3388671875,595.3388671875,595.3388671875,595.3388671875,418048
2024-05-30 06:17:00+00:00,595.3733520507812,595.3733520507812,595.3733520507812,595.3733520507812,595.3733520507812,1279616
2024-05-30 06:18:00+00:00,595.5517578125,595.5517578125,595.5517578125,595.5517578125,595.5517578125,0
2024-05-30 06:19:00+00:00,595.9483032226562,595.9483032226562,595.9483032226562,595.9483032226562,595.9483032226562,0
2024-05-30 06:20:00+00:00,595.98046875,595.98046875,595.98046875,595.98046875,595.98046875,968448
2024-05-30 06:21:00+00:00,595.8753662109375,595.8753662109375,595.8753662109375,595.8753662109375,595.8753662109375,461184
2024-05-30 06:22:00+00:00,596.0570678710938,596.0570678710938,596.0570678710938,596.0570678710938,596.0570678710938,512
2024-05-30 06:23:00+00:00,595.93701171875,595.93701171875,595.93701171875,595.93701171875,595.93701171875,387072
2024-05-30 06:24:00+00:00,595.7874145507812,595.7874145507812,595.7874145507812,595.7874145507812,595.7874145507812,1748736
2024-05-30 06:25:00+00:00,594.7931518554688,594.7931518554688,594.7931518554688,594.7931518554688,594.7931518554688,0
2024-05-30 06:27:00+00:00,595.2005004882812,595.2005004882812,595.2005004882812,595.2005004882812,595.2005004882812,1669760
2024-05-30 06:28:00+00:00,595.38232421875,595.38232421875,595.38232421875,595.38232421875,595.38232421875,455296
2024-05-30 06:29:00+00:00,595.3662719726562,595.3662719726562,595.3662719726562,595.3662719726562,595.3662719726562,364416
2024-05-30 06:30:00+00:00,595.2254638671875,595.2254638671875,595.2254638671875,595.2254638671875,595.2254638671875,0
2024-05-30 06:31:00+00:00,595.3446044921875,595.3446044921875,595.3446044921875,595.3446044921875,595.3446044921875,107520
2024-05-30 06:32:00+00:00,595.1876831054688,595.1876831054688,595.1876831054688,595.1876831054688,595.1876831054688,224768
2024-05-30 06:33:00+00:00,595.1221313476562,595.1221313476562,595.1221313476562,595.1221313476562,595.1221313476562,457088
2024-05-30 06:34:00+00:00,594.6507568359375,594.6507568359375,594.6507568359375,594.6507568359375,594.6507568359375,741760
2024-05-30 06:35:00+00:00,594.5791625976562,594.5791625976562,594.5791625976562,594.5791625976562,594.5791625976562,797824
2024-05-30 06:36:00+00:00,594.2119140625,594.2119140625,594.2119140625,594.2119140625,594.2119140625,380928
2024-05-30 06:37:00+00:00,593.9752197265625,593.9752197265625,593.9752197265625,593.9752197265625,593.9752197265625,814208
2024-05-30 06:39:00+00:00,594.0367431640625,594.0367431640625,594.0367431640625,594.0367431640625,594.0367431640625,0
2024-05-30 06:40:00+00:00,594.327880859375,594.327880859375,594.327880859375,594.327880859375,594.327880859375,115584
2024-05-30 06:41:00+00:00,594.3073120117188,594.3073120117188,594.3073120117188,594.3073120117188,594.3073120117188,1841536
2024-05-30 06:42:00+00:00,594.2255859375,594.2255859375,594.2255859375,594.2255859375,594.2255859375,0
2024-05-30 06:43:00+00:00,594.4009399414062,594.4009399414062,594.4009399414062,594.4009399414062,594.4009399414062,41344
2024-05-30 06:44:00+00:00,594.3983764648438,594.3983764648438,594.3983764648438,594.3983764648438,594.3983764648438,1737344
2024-05-30 06:45:00+00:00,594.5648193359375,594.5648193359375,594.5648193359375,594.5648193359375,594.5648193359375,0
2024-05-30 06:46:00+00:00,594.9861450195312,594.9861450195312,594.9861450195312,594.9861450195312,594.9861450195312,0
2024-05-30 06:47:00+00:00,595.0616455078125,595.0616455078125,595.0616455078125,595.0616455078125,595.0616455078125,0
2024-05-30 06:48:00+00:00,595.02880859375,595.02880859375,595.02880859375,595.02880859375,595.02880859375,47872
2024-05-30 06:49:00+00:00,595.0096435546875,595.0096435546875,595.0096435546875,595.0096435546875,595.0096435546875,316160
2024-05-30 06:51:00+00:00,594.8429565429688,594.8429565429688,594.8429565429688,594.8429565429688,594.8429565429688,124800
2024-05-30 06:52:00+00:00,594.6345825195312,594.6345825195312,594.6345825195312,594.6345825195312,594.6345825195312,0
2024-05-30 06:53:00+00:00,594.494140625,594.494140625,594.494140625,594.494140625,594.494140625,439424
2024-05-30 06:54:00+00:00,594.26806640625,594.26806640625,594.26806640625,594.26806640625,594.26806640625,466432
2024-05-30 06:55:00+00:00,593.7274780273438,593.7274780273438,593.7274780273438,593.7274780273438,593.7274780273438,204032
2024-05-30 06:56:00+00:00,593.7179565429688,593.7179565429688,593.7179565429688,593.7179565429688,593.7179565429688,1215872
2024-05-30 06:57:00+00:00,593.5946655273438,593.5946655273438,593.5946655273438,593.5946655273438,593.5946655273438,102912
2024-05-30 06:58:00+00:00,593.4223022460938,593.4223022460938,593.4223022460938,593.4223022460938,593.4223022460938,578432
2024-05-30 06:59:00+00:00,593.505126953125,593.505126953125,593.505126953125,593.505126953125,593.505126953125,435584
2024-05-30 07:00:00+00:00,593.4887084960938,593.4887084960938,593.4887084960938,593.4887084960938,593.4887084960938,0
2024-05-30 07:01:00+00:00,593.3746337890625,593.3746337890625,593.3746337890625,593.3746337890625,593.3746337890625,237952
2024-05-30 07:03:00+00:00,593.6017456054688,593.6017456054688,593.6017456054688,593.6017456054688,593.6017456054688,0
2024-05-30 07:04:00+00:00,593.542724609375,593.542724609375,593.542724609375,593.542724609375,593.542724609375,253952
2024-05-30 07:05:00+00:00,593.4949340820312,593.4949340820312,593.4949340820312,593.4949340820312,593.4949340820312,325120
2024-05-30 07:06:00+00:00,593.5377807617188,593.5377807617188,593.5377807617188,593.5377807617188,593.5377807617188,188288
2024-05-30 07:07:00+00:00,593.7592163085938,593.7592163085938,593.7592163085938,593.7592163085938,593.7592163085938,0
2024-05-30 07:08:00+00:00,593.7255859375,593.7255859375,593.7255859375,593.7255859375,593.7255859375,85120
2024-05-30 07:09:00+00:00,593.7849731445312,593.7849731445312,593.7849731445312,593.7849731445312,593.7849731445312,1321472
2024-05-30 07:10:00+00:00,593.84716796875,593.84716796875,593.84716796875,593.84716796875,593.84716796875,808448
2024-05-30 07:11:00+00:00,593.9912719726562,593.9912719726562,593.9912719726562,593.9912719726562,593.9912719726562,857984
2024-05-30 07:12:00+00:00,594.13427734375,594.13427734375,594.13427734375,594.13427734375,594.13427734375,0
2024-05-30 07:13:00+00:00,594.5514526367188,594.5514526367188,594.5514526367188,594.5514526367188,594.5514526367188,0
2024-05-30 07:15:00+00:00,594.2819213867188,594.2819213867188,594.2819213867188,594.2819213867188,594.2819213867188,2834176
2024-05-30 07:16:00+00:00,593.9129028320312,593.9129028320312,593.9129028320312,593.9129028320312,593.9129028320312,631680
2024-05-30 07:17:00+00:00,594.1766357421875,594.1766357421875,594.1766357421875,594.1766357421875,594.1766357421875,336768
2024-05-30 07:18:00+00:00,594.0071411132812,594.0071411132812,594.0071411132812,594.0071411132812,594.0071411132812,756608
2024-05-30 07:19:00+00:00,594.219970703125,594.219970703125,594.219970703125,594.219970703125,594.219970703125,1101824
2024-05-30 07:20:00+00:00,594.0755004882812,594.0755004882812,594.0755004882812,594.0755004882812,594.0755004882812,980992
2024-05-30 07:21:00+00:00,593.9703369140625,593.9703369140625,593.9703369140625,593.9703369140625,593.9703369140625,0
2024-05-30 07:22:00+00:00,593.2643432617188,593.2643432617188,593.2643432617188,593.2643432617188,593.2643432617188,269824
2024-05-30 07:23:00+00:00,593.3218994140625,593.3218994140625,593.3218994140625,593.3218994140625,593.3218994140625,2606848
2024-05-30 07:24:00+00:00,593.4052734375,593.4052734375,593.4052734375,593.4052734375,593.4052734375,1160320
2024-05-30 07:25:00+00:00,592.8124389648438,592.8124389648438,592.8124389648438,592.8124389648438,592.8124389648438,413696
2024-05-30 07:27:00+00:00,592.71875,592.71875,592.71875,592.71875,592.71875,1983104
2024-05-30 07:28:00+00:00,592.3347778320312,592.3347778320312,592.3347778320312,592.3347778320312,592.3347778320312,0
2024-05-30 07:29:00+00:00,592.5098266601562,592.5098266601562,592.5098266601562,592.5098266601562,592.5098266601562,646912
2024-05-30 07:30:00+00:00,592.5999755859375,592.5999755859375,592.5999755859375,592.5999755859375,592.5999755859375,0
2024-05-30 07:31:00+00:00,592.8782958984375,592.8782958984375,592.8782958984375,592.8782958984375,592.8782958984375,1681920
2024-05-30 07:32:00+00:00,592.8345947265625,592.8345947265625,592.8345947265625,592.8345947265625,592.8345947265625,0
2024-05-30 07:33:00+00:00,592.68212890625,592.68212890625,592.68212890625,592.68212890625,592.68212890625,0
2024-05-30 07:34:00+00:00,592.3739013671875,592.3739013671875,592.3739013671875,592.3739013671875,592.3739013671875,0
2024-05-30 07:35:00+00:00,592.343017578125,592.343017578125,592.343017578125,592.343017578125,592.343017578125,887040
2024-05-30 07:36:00+00:00,592.371826171875,592.371826171875,592.371826171875,592.371826171875,592.371826171875,232448
2024-05-30 07:37:00+00:00,592.1157836914062,592.1157836914062,592.1157836914062,592.1157836914062,592.1157836914062,2008064
2024-05-30 07:39:00+00:00,592.3035278320312,592.3035278320312,592.3035278320312,592.3035278320312,592.3035278320312,611712
2024-05-30 07:40:00+00:00,592.576416015625,592.576416015625,592.576416015625,592.576416015625,592.576416015625,0
2024-05-30 07:41:00+00:00,592.5410766601562,592.5410766601562,592.5410766601562,592.5410766601562,592.5410766601562,448640
2024-05-30 07:42:00+00:00,592.5084838867188,592.5084838867188,592.5084838867188,592.5084838867188,592.5084838867188,0
2024-05-30 07:43:00+00:00,592.443603515625,592.443603515625,592.443603515625,592.443603515625,592.443603515625,0
2024-05-30 07:44:00+00:00,592.3673706054688,592.3673706054688,592.3673706054688,592.3673706054688,592.3673706054688,0
2024-05-30 07:45:00+00:00,592.3473510742188,592.3473510742188,592.3473510742188,592.3473510742188,592.3473510742188,0
2024-05-30 07:46:00+00:00,592.4327392578125,592.4327392578125,592.4327392578125,592.4327392578125,592.4327392578125,0
2024-05-30 07:47:00+00:00,592.6153564453125,592.6153564453125,592.6153564453125,592.6153564453125,592.6153564453125,197120
2024-05-30 07:48:00+00:00,592.6190185546875,592.6190185546875,592.6190185546875,592.6190185546875,592.6190185546875,0
2024-05-30 07:49:00+00:00,592.9038696289062,592.9038696289062,592.9038696289062,592.9038696289062,592.9038696289062,0
2024-05-30 07:51:00+00:00,592.6857299804688,592.6857299804688,592.6857299804688,592.6857299804688,592.6857299804688,544512
2024-05-30 07:52:00+00:00,591.5296020507812,591.5296020507812,591.5296020507812,591.5296020507812,591.5296020507812,0
2024-05-30 07:53:00+00:00,591.28564453125,591.28564453125,591.28564453125,591.28564453125,591.28564453125,1088640
2024-05-30 07:54:00+00:00,590.7989501953125,590.7989501953125,590.7989501953125,590.7989501953125,590.7989501953125,861184
2024-05-30 07:55:00+00:00,589.9829711914062,589.9829711914062,589.9829711914062,589.9829711914062,589.9829711914062,2338432
2024-05-30 07:56:00+00:00,589.7210083007812,589.7210083007812,589.7210083007812,589.7210083007812,589.7210083007812,1092480
2024-05-30 07:57:00+00:00,589.501220703125,589.501220703125,589.501220703125,589.501220703125,589.501220703125,0
2024-05-30 07:58:00+00:00,589.0271606445312,589.0271606445312,589.0271606445312,589.0271606445312,589.0271606445312,605952
2024-05-30 07:59:00+00:00,588.9164428710938,588.9164428710938,588.9164428710938,588.9164428710938,588.9164428710938,1146752
2024-05-30 08:00:00+00:00,588.8866577148438,588.8866577148438,588.8866577148438,588.8866577148438,588.8866577148438,0
2024-05-30 08:01:00+00:00,588.4978637695312,588.4978637695312,588.4978637695312,588.4978637695312,588.4978637695312,0
2024-05-30 08:03:00+00:00,588.6149291992188,588.6149291992188,588.6149291992188,588.6149291992188,588.6149291992188,0
2024-05-30 08:04:00+00:00,588.94384765625,588.94384765625,588.94384765625,588.94384765625,588.94384765625,0
2024-05-30 08:05:00+00:00,588.6978759765625,588.6978759765625,588.6978759765625,588.6978759765625,588.6978759765625,0
2024-05-30 08:06:00+00:00,588.68408203125,588.68408203125,588.68408203125,588.68408203125,588.68408203125,413312
2024-05-30 08:07:00+00:00,588.3597412109375,588.3597412109375,588.3597412109375,588.3597412109375,588.3597412109375,72320
2024-05-30 08:08:00+00:00,587.9183349609375,587.9183349609375,587.9183349609375,587.9183349609375,587.9183349609375,74368
2024-05-30 08:09:00+00:00,588.4611206054688,588.4611206054688,588.4611206054688,588.4611206054688,588.4611206054688,3757824
2024-05-30 08:11:00+00:00,587.4984130859375,587.4984130859375,587.4984130859375,587.4984130859375,587.4984130859375,629632
2024-05-30 08:12:00+00:00,587.4407958984375,587.4407958984375,587.4407958984375,587.4407958984375,587.4407958984375,2639616
2024-05-30 08:13:00+00:00,587.1781005859375,587.1781005859375,587.1781005859375,587.1781005859375,587.1781005859375,0
2024-05-30 08:15:00+00:00,586.9979858398438,586.9979858398438,586.9979858398438,586.9979858398438,586.9979858398438,327936
2024-05-30 08:16:00+00:00,586.5576782226562,586.5576782226562,586.5576782226562,586.5576782226562,586.5576782226562,1203456
2024-05-30 08:17:00+00:00,586.7520141601562,586.7520141601562,586.7520141601562,586.7520141601562,586.7520141601562,434944
2024-05-30 08:18:00+00:00,586.667236328125,586.667236328125,586.667236328125,586.667236328125,586.667236328125,3840
2024-05-30 08:19:00+00:00,586.7313842773438,586.7313842773438,586.7313842773438,586.7313842773438,586.7313842773438,0
2024-05-30 08:21:00+00:00,586.84619140625,586.84619140625,586.84619140625,586.84619140625,586.84619140625,385024
2024-05-30 08:22:00+00:00,587.0197143554688,587.0197143554688,587.0197143554688,587.0197143554688,587.0197143554688,0
2024-05-30 08:23:00+00:00,587.0989990234375,587.0989990234375,587.0989990234375,587.0989990234375,587.0989990234375,908672
2024-05-30 08:24:00+00:00,587.1686401367188,587.1686401367188,587.1686401367188,587.1686401367188,587.1686401367188,0
2024-05-30 08:25:00+00:00,587.1967163085938,587.1967163085938,587.1967163085938,587.1967163085938,587.1967163085938,84736
2024-05-30 08:27:00+00:00,587.63720703125,587.63720703125,587.63720703125,587.63720703125,587.63720703125,1675392
2024-05-30 08:28:00+00:00,587.9052124023438,587.9052124023438,587.9052124023438,587.9052124023438,587.9052124023438,451840
2024-05-30 08:29:00+00:00,587.8170776367188,587.8170776367188,587.8170776367188,587.8170776367188,587.8170776367188,965248
2024-05-30 08:30:00+00:00,587.7800903320312,587.7800903320312,587.7800903320312,587.7800903320312,587.7800903320312,391936
2024-05-30 08:31:00+00:00,587.6752319335938,587.6752319335938,587.6752319335938,587.6752319335938,587.6752319335938,0
2024-05-30 08:32:00+00:00,587.855712890625,587.855712890625,587.855712890625,587.855712890625,587.855712890625,719744
2024-05-30 08:33:00+00:00,587.8825073242188,587.8825073242188,587.8825073242188,587.8825073242188,587.8825073242188,0
2024-05-30 08:34:00+00:00,588.5076293945312,588.5076293945312,588.5076293945312,588.5076293945312,588.5076293945312,0
2024-05-30 08:35:00+00:00,588.54833984375,588.54833984375,588.54833984375,588.54833984375,588.54833984375,301440
2024-05-30 08:36:00+00:00,588.4285278320312,588.4285278320312,588.4285278320312,588.4285278320312,588.4285278320312,1556736
2024-05-30 08:37:00+00:00,589.0865478515625,589.0865478515625,589.0865478515625,589.0865478515625,589.0865478515625,152960
2024-05-30 08:39:00+00:00,589.486572265625,589.486572265625,589.486572265625,589.486572265625,589.486572265625,4513664
2024-05-30 08:40:00+00:00,590.413330078125,590.413330078125,590.413330078125,590.413330078125,590.413330078125,2025728
2024-05-30 08:41:00+00:00,590.4710083007812,590.4710083007812,590.4710083007812,590.4710083007812,590.4710083007812,6775168
2024-05-30 08:42:00+00:00,590.5634155273438,590.5634155273438,590.5634155273438,590.5634155273438,590.5634155273438,97024
2024-05-30 08:43:00+00:00,590.87744140625,590.87744140625,590.87744140625,590.87744140625,590.87744140625,1781248
2024-05-30 08:44:00+00:00,590.9306030273438,590.9306030273438,590.9306030273438,590.9306030273438,590.9306030273438,1836800
2024-05-30 08:45:00+00:00,590.8511962890625,590.8511962890625,590.8511962890625,590.8511962890625,590.8511962890625,1417728
2024-05-30 08:46:00+00:00,590.3348999023438,590.3348999023438,590.3348999023438,590.3348999023438,590.3348999023438,148480
2024-05-30 08:47:00+00:00,590.3150634765625,590.3150634765625,590.3150634765625,590.3150634765625,590.3150634765625,0
2024-05-30 08:48:00+00:00,590.5315551757812,590.5315551757812,590.5315551757812,590.5315551757812,590.5315551757812,0
2024-05-30 08:49:00+00:00,590.8104248046875,590.8104248046875,590.8104248046875,590.8104248046875,590.8104248046875,0
2024-05-30 08:51:00+00:00,590.8001098632812,590.8001098632812,590.8001098632812,590.8001098632812,590.8001098632812,613760
2024-05-30 08:52:00+00:00,590.777099609375,590.777099609375,590.777099609375,590.777099609375,590.777099609375,0
2024-05-30 08:53:00+00:00,590.8704223632812,590.8704223632812,590.8704223632812,590.8704223632812,590.8704223632812,591232
2024-05-30 08:54:00+00:00,590.8494262695312,590.8494262695312,590.8494262695312,590.8494262695312,590.8494262695312,262272
2024-05-30 08:55:00+00:00,590.9547729492188,590.9547729492188,590.9547729492188,590.9547729492188,590.9547729492188,0
2024-05-30 08:56:00+00:00,591.077392578125,591.077392578125,591.077392578125,591.077392578125,591.077392578125,369408
2024-05-30 08:57:00+00:00,591.0546875,591.0546875,591.0546875,591.0546875,591.0546875,187520
2024-05-30 08:58:00+00:00,591.373046875,591.373046875,591.373046875,591.373046875,591.373046875,896
2024-05-30 08:59:00+00:00,591.3309936523438,591.3309936523438,591.3309936523438,591.3309936523438,591.3309936523438,745472
2024-05-30 09:00:00+00:00,591.3417358398438,591.3417358398438,591.3417358398438,591.3417358398438,591.3417358398438,735488
2024-05-30 09:01:00+00:00,591.0956420898438,591.0956420898438,591.0956420898438,591.0956420898438,591.0956420898438,0
2024-05-30 09:03:00+00:00,591.11865234375,591.11865234375,591.11865234375,591.11865234375,591.11865234375,0
2024-05-30 09:04:00+00:00,590.8531494140625,590.8531494140625,590.8531494140625,590.8531494140625,590.8531494140625,0
2024-05-30 09:05:00+00:00,590.82861328125,590.82861328125,590.82861328125,590.82861328125,590.82861328125,0
2024-05-30 09:06:00+00:00,590.8199462890625,590.8199462890625,590.8199462890625,590.8199462890625,590.8199462890625,0
2024-05-30 09:07:00+00:00,590.433837890625,590.433837890625,590.433837890625,590.433837890625,590.433837890625,0
2024-05-30 09:08:00+00:00,590.445556640625,590.445556640625,590.445556640625,590.445556640625,590.445556640625,43136
2024-05-30 09:09:00+00:00,590.6127319335938,590.6127319335938,590.6127319335938,590.6127319335938,590.6127319335938,0
2024-05-30 09:10:00+00:00,590.7034301757812,590.7034301757812,590.7034301757812,590.7034301757812,590.7034301757812,0
2024-05-30 09:11:00+00:00,590.763916015625,590.763916015625,590.763916015625,590.763916015625,590.763916015625,0
2024-05-30 09:12:00+00:00,590.8074951171875,590.8074951171875,590.8074951171875,590.8074951171875,590.8074951171875,0
2024-05-30 09:13:00+00:00,591.2025756835938,591.2025756835938,591.2025756835938,591.2025756835938,591.2025756835938,594048
2024-05-30 09:15:00+00:00,591.133544921875,591.133544921875,591.133544921875,591.133544921875,591.133544921875,1322496
2024-05-30 09:16:00+00:00,591.056884765625,591.056884765625,591.056884765625,591.056884765625,591.056884765625,5760
2024-05-30 09:17:00+00:00,591.0424194335938,591.0424194335938,591.0424194335938,591.0424194335938,591.0424194335938,0
2024-05-30 09:18:00+00:00,591.1146240234375,591.1146240234375,591.1146240234375,591.1146240234375,591.1146240234375,0
2024-05-30 09:19:00+00:00,591.3698120117188,591.3698120117188,591.3698120117188,591.3698120117188,591.3698120117188,0
2024-05-30 09:20:00+00:00,591.4077758789062,591.4077758789062,591.4077758789062,591.4077758789062,591.4077758789062,0
2024-05-30 09:21:00+00:00,591.3348388671875,591.3348388671875,591.3348388671875,591.3348388671875,591.3348388671875,0
2024-05-30 09:22:00+00:00,591.1458129882812,591.1458129882812,591.1458129882812,591.1458129882812,591.1458129882812,0
2024-05-30 09:24:00+00:00,591.177490234375,591.177490234375,591.177490234375,591.177490234375,591.177490234375,0
2024-05-30 09:25:00+00:00,591.00244140625,591.00244140625,591.00244140625,591.00244140625,591.00244140625,0
2024-05-30 09:27:00+00:00,590.8975219726562,590.8975219726562,590.8975219726562,590.8975219726562,590.8975219726562,0
2024-05-30 09:28:00+00:00,590.8024291992188,590.8024291992188,590.8024291992188,590.8024291992188,590.8024291992188,0
2024-05-30 09:29:00+00:00,590.7254638671875,590.7254638671875,590.7254638671875,590.7254638671875,590.7254638671875,0
2024-05-30 09:30:00+00:00,590.64599609375,590.64599609375,590.64599609375,590.64599609375,590.64599609375,0
2024-05-30 09:31:00+00:00,590.1651611328125,590.1651611328125,590.1651611328125,590.1651611328125,590.1651611328125,26880
2024-05-30 09:32:00+00:00,590.4393920898438,590.4393920898438,590.4393920898438,590.4393920898438,590.4393920898438,391680
2024-05-30 09:33:00+00:00,590.423828125,590.423828125,590.423828125,590.423828125,590.423828125,0
2024-05-30 09:34:00+00:00,590.6878051757812,590.6878051757812,590.6878051757812,590.6878051757812,590.6878051757812,76800
2024-05-30 09:35:00+00:00,590.6688842773438,590.6688842773438,590.6688842773438,590.6688842773438,590.6688842773438,0
2024-05-30 09:36:00+00:00,590.5801391601562,590.5801391601562,590.5801391601562,590.5801391601562,590.5801391601562,0
2024-05-30 09:39:00+00:00,590.2987060546875,590.2987060546875,590.2987060546875,590.2987060546875,590.2987060546875,158720
2024-05-30 09:40:00+00:00,590.025634765625,590.025634765625,590.025634765625,590.025634765625,590.025634765625,0
2024-05-30 09:41:00+00:00,590.078369140625,590.078369140625,590.078369140625,590.078369140625,590.078369140625,260864
2024-05-30 09:42:00+00:00,590.1990966796875,590.1990966796875,590.1990966796875,590.1990966796875,590.1990966796875,0
2024-05-30 09:43:00+00:00,590.353271484375,590.353271484375,590.353271484375,590.353271484375,590.353271484375,13056
2024-05-30 09:44:00+00:00,590.3306274414062,590.3306274414062,590.3306274414062,590.3306274414062,590.3306274414062,0
2024-05-30 09:45:00+00:00,590.4060668945312,590.4060668945312,590.4060668945312,590.4060668945312,590.4060668945312,102144
2024-05-30 09:46:00+00:00,590.4138793945312,590.4138793945312,590.4138793945312,590.4138793945312,590.4138793945312,0
2024-05-30 09:47:00+00:00,590.4154663085938,590.4154663085938,590.4154663085938,590.4154663085938,590.4154663085938,0
2024-05-30 09:48:00+00:00,590.5260620117188,590.5260620117188,590.5260620117188,590.5260620117188,590.5260620117188,258944
2024-05-30 09:49:00+00:00,590.7429809570312,590.7429809570312,590.7429809570312,590.7429809570312,590.7429809570312,0
2024-05-30 09:51:00+00:00,590.734619140625,590.734619140625,590.734619140625,590.734619140625,590.734619140625,0
2024-05-30 09:52:00+00:00,590.760986328125,590.760986328125,590.760986328125,590.760986328125,590.760986328125,0
2024-05-30 09:53:00+00:00,590.769775390625,590.769775390625,590.769775390625,590.769775390625,590.769775390625,0
2024-05-30 09:54:00+00:00,590.7522583007812,590.7522583007812,590.7522583007812,590.7522583007812,590.7522583007812,0
2024-05-30 09:55:00+00:00,590.9664306640625,590.9664306640625,590.9664306640625,590.9664306640625,590.9664306640625,450176
2024-05-30 09:56:00+00:00,590.9993286132812,590.9993286132812,590.9993286132812,590.9993286132812,590.9993286132812,10496
2024-05-30 09:57:00+00:00,591.01123046875,591.01123046875,591.01123046875,591.01123046875,591.01123046875,0
2024-05-30 09:58:00+00:00,591.0484008789062,591.0484008789062,591.0484008789062,591.0484008789062,591.0484008789062,0
2024-05-30 09:59:00+00:00,591.169189453125,591.169189453125,591.169189453125,591.169189453125,591.169189453125,0
2024-05-30 10:00:00+00:00,591.229736328125,591.229736328125,591.229736328125,591.229736328125,591.229736328125,0
2024-05-30 10:01:00+00:00,591.50146484375,591.50146484375,591.50146484375,591.50146484375,591.50146484375,0
2024-05-30 10:03:00+00:00,591.5182495117188,591.5182495117188,591.5182495117188,591.5182495117188,591.5182495117188,0
2024-05-30 10:04:00+00:00,591.5635986328125,591.5635986328125,591.5635986328125,591.5635986328125,591.5635986328125,0
2024-05-30 10:05:00+00:00,591.5911254882812,591.5911254882812,591.5911254882812,591.5911254882812,591.5911254882812,0
2024-05-30 10:06:00+00:00,591.4363403320312,591.4363403320312,591.4363403320312,591.4363403320312,591.4363403320312,258688
2024-05-30 10:07:00+00:00,591.1947631835938,591.1947631835938,591.1947631835938,591.1947631835938,591.1947631835938,0
2024-05-30 10:08:00+00:00,591.1868896484375,591.1868896484375,591.1868896484375,591.1868896484375,591.1868896484375,0
2024-05-30 10:09:00+00:00,591.1234741210938,591.1234741210938,591.1234741210938,591.1234741210938,591.1234741210938,0
2024-05-30 10:10:00+00:00,590.66552734375,590.66552734375,590.66552734375,590.66552734375,590.66552734375,0
2024-05-30 10:11:00+00:00,590.8080444335938,590.8080444335938,590.8080444335938,590.8080444335938,590.8080444335938,39040
2024-05-30 10:12:00+00:00,590.8577270507812,590.8577270507812,590.8577270507812,590.8577270507812,590.8577270507812,12160
2024-05-30 10:13:00+00:00,591.1968383789062,591.1968383789062,591.1968383789062,591.1968383789062,591.1968383789062,0
2024-05-30 10:15:00+00:00,591.061279296875,591.061279296875,591.061279296875,591.061279296875,591.061279296875,0
2024-05-30 10:16:00+00:00,591.026123046875,591.026123046875,591.026123046875,591.026123046875,591.026123046875,0
2024-05-30 10:17:00+00:00,591.085205078125,591.085205078125,591.085205078125,591.085205078125,591.085205078125,0
2024-05-30 10:18:00+00:00,591.1311645507812,591.1311645507812,591.1311645507812,591.1311645507812,591.1311645507812,0
2024-05-30 10:19:00+00:00,591.1118774414062,591.1118774414062,591.1118774414062,591.1118774414062,591.1118774414062,0
2024-05-30 10:20:00+00:00,591.1067504882812,591.1067504882812,591.1067504882812,591.1067504882812,591.1067504882812,329856
2024-05-30 10:21:00+00:00,591.0951538085938,591.0951538085938,591.0951538085938,591.0951538085938,591.0951538085938,19456
2024-05-30 10:22:00+00:00,590.954833984375,590.954833984375,590.954833984375,590.954833984375,590.954833984375,105856
2024-05-30 10:23:00+00:00,591.04541015625,591.04541015625,591.04541015625,591.04541015625,591.04541015625,0
2024-05-30 10:24:00+00:00,591.1751098632812,591.1751098632812,591.1751098632812,591.1751098632812,591.1751098632812,0
2024-05-30 10:25:00+00:00,591.3992919921875,591.3992919921875,591.3992919921875,591.3992919921875,591.3992919921875,0
2024-05-30 10:27:00+00:00,591.4295654296875,591.4295654296875,591.4295654296875,591.4295654296875,591.4295654296875,257920
2024-05-30 10:28:00+00:00,591.7186279296875,591.7186279296875,591.7186279296875,591.7186279296875,591.7186279296875,0
2024-05-30 10:29:00+00:00,591.6936645507812,591.6936645507812,591.6936645507812,591.6936645507812,591.6936645507812,421632
2024-05-30 10:30:00+00:00,591.6829833984375,591.6829833984375,591.6829833984375,591.6829833984375,591.6829833984375,140288
2024-05-30 10:31:00+00:00,591.85302734375,591.85302734375,591.85302734375,591.85302734375,591.85302734375,0
2024-05-30 10:32:00+00:00,591.9406127929688,591.9406127929688,591.9406127929688,591.9406127929688,591.9406127929688,170752
2024-05-30 10:33:00+00:00,592.0018310546875,592.0018310546875,592.0018310546875,592.0018310546875,592.0018310546875,888832
2024-05-30 10:34:00+00:00,592.4197387695312,592.4197387695312,592.4197387695312,592.4197387695312,592.4197387695312,0
2024-05-30 10:35:00+00:00,592.3966064453125,592.3966064453125,592.3966064453125,592.3966064453125,592.3966064453125,710400
2024-05-30 10:36:00+00:00,592.4833984375,592.4833984375,592.4833984375,592.4833984375,592.4833984375,453632
2024-05-30 10:37:00+00:00,592.6510009765625,592.6510009765625,592.6510009765625,592.6510009765625,592.6510009765625,179968
2024-05-30 10:39:00+00:00,592.7847900390625,592.7847900390625,592.7847900390625,592.7847900390625,592.7847900390625,0
2024-05-30 10:40:00+00:00,592.66259765625,592.66259765625,592.66259765625,592.66259765625,592.66259765625,0
2024-05-30 10:41:00+00:00,592.76416015625,592.76416015625,592.76416015625,592.76416015625,592.76416015625,69888
2024-05-30 10:42:00+00:00,592.8268432617188,592.8268432617188,592.8268432617188,592.8268432617188,592.8268432617188,1273344
2024-05-30 10:43:00+00:00,593.178466796875,593.178466796875,593.178466796875,593.178466796875,593.178466796875,150016
2024-05-30 10:44:00+00:00,593.0872192382812,593.0872192382812,593.0872192382812,593.0872192382812,593.0872192382812,155264
2024-05-30 10:45:00+00:00,593.1781005859375,593.1781005859375,593.1781005859375,593.1781005859375,593.1781005859375,535680
2024-05-30 10:46:00+00:00,593.3594360351562,593.3594360351562,593.3594360351562,593.3594360351562,593.3594360351562,0
2024-05-30 10:47:00+00:00,593.4127197265625,593.4127197265625,593.4127197265625,593.4127197265625,593.4127197265625,965760
2024-05-30 10:48:00+00:00,593.5128173828125,593.5128173828125,593.5128173828125,593.5128173828125,593.5128173828125,640128
2024-05-30 10:49:00+00:00,593.7218627929688,593.7218627929688,593.7218627929688,593.7218627929688,593.7218627929688,14848
2024-05-30 10:50:00+00:00,593.66162109375,593.66162109375,593.66162109375,593.66162109375,593.66162109375,800896
2024-05-30 10:52:00+00:00,593.182373046875,593.182373046875,593.182373046875,593.182373046875,593.182373046875,406144
2024-05-30 10:53:00+00:00,593.1740112304688,593.1740112304688,593.1740112304688,593.1740112304688,593.1740112304688,0
2024-05-30 10:54:00+00:00,593.2010498046875,593.2010498046875,593.2010498046875,593.2010498046875,593.2010498046875,0
2024-05-30 10:55:00+00:00,593.4444580078125,593.4444580078125,593.4444580078125,593.4444580078125,593.4444580078125,40064
2024-05-30 10:56:00+00:00,593.4432373046875,593.4432373046875,593.4432373046875,593.4432373046875,593.4432373046875,0
2024-05-30 10:57:00+00:00,593.4219970703125,593.4219970703125,593.4219970703125,593.4219970703125,593.4219970703125,0
2024-05-30 10:58:00+00:00,593.7670288085938,593.7670288085938,593.7670288085938,593.7670288085938,593.7670288085938,254080
2024-05-30 10:59:00+00:00,593.8407592773438,593.8407592773438,593.8407592773438,593.8407592773438,593.8407592773438,253184
2024-05-30 11:00:00+00:00,593.784423828125,593.784423828125,593.784423828125,593.784423828125,593.784423828125,44544
2024-05-30 11:01:00+00:00,593.82958984375,593.82958984375,593.82958984375,593.82958984375,593.82958984375,0
2024-05-30 11:03:00+00:00,593.8331909179688,593.8331909179688,593.8331909179688,593.8331909179688,593.8331909179688,0
2024-05-30 11:04:00+00:00,594.0385131835938,594.0385131835938,594.0385131835938,594.0385131835938,594.0385131835938,0
2024-05-30 11:05:00+00:00,594.0145263671875,594.0145263671875,594.0145263671875,594.0145263671875,594.0145263671875,0
2024-05-30 11:06:00+00:00,593.9279174804688,593.9279174804688,593.9279174804688,593.9279174804688,593.9279174804688,0
2024-05-30 11:07:00+00:00,593.8399047851562,593.8399047851562,593.8399047851562,593.8399047851562,593.8399047851562,263552
2024-05-30 11:08:00+00:00,593.7728881835938,593.7728881835938,593.7728881835938,593.7728881835938,593.7728881835938,336256
2024-05-30 11:09:00+00:00,593.8108520507812,593.8108520507812,593.8108520507812,593.8108520507812,593.8108520507812,939136
2024-05-30 11:10:00+00:00,593.7883911132812,593.7883911132812,593.7883911132812,593.7883911132812,593.7883911132812,0
2024-05-30 11:11:00+00:00,593.7119140625,593.7119140625,593.7119140625,593.7119140625,593.7119140625,329472
2024-05-30 11:12:00+00:00,593.7440795898438,593.7440795898438,593.7440795898438,593.7440795898438,593.7440795898438,89344
2024-05-30 11:13:00+00:00,593.8960571289062,593.8960571289062,593.8960571289062,593.8960571289062,593.8960571289062,0
2024-05-30 11:15:00+00:00,594.0377197265625,594.0377197265625,594.0377197265625,594.0377197265625,594.0377197265625,910336
2024-05-30 11:16:00+00:00,594.011962890625,594.011962890625,594.011962890625,594.011962890625,594.011962890625,14592
2024-05-30 11:17:00+00:00,593.9436645507812,593.9436645507812,593.9436645507812,593.9436645507812,593.9436645507812,285440
2024-05-30 11:18:00+00:00,593.8961791992188,593.8961791992188,593.8961791992188,593.8961791992188,593.8961791992188,0
2024-05-30 11:19:00+00:00,593.7446899414062,593.7446899414062,593.7446899414062,593.7446899414062,593.7446899414062,0
2024-05-30 11:20:00+00:00,593.6369018554688,593.6369018554688,593.6369018554688,593.6369018554688,593.6369018554688,0
2024-05-30 11:21:00+00:00,593.59765625,593.59765625,593.59765625,593.59765625,593.59765625,212224
2024-05-30 11:22:00+00:00,593.3649291992188,593.3649291992188,593.3649291992188,593.3649291992188,593.3649291992188,0
2024-05-30 11:23:00+00:00,593.3556518554688,593.3556518554688,593.3556518554688,593.3556518554688,593.3556518554688,374528
2024-05-30 11:24:00+00:00,593.3052368164062,593.3052368164062,593.3052368164062,593.3052368164062,593.3052368164062,0
2024-05-30 11:25:00+00:00,593.0975952148438,593.0975952148438,593.0975952148438,593.0975952148438,593.0975952148438,209280
2024-05-30 11:27:00+00:00,593.3749389648438,593.3749389648438,593.3749389648438,593.3749389648438,593.3749389648438,0
2024-05-30 11:28:00+00:00,593.7120361328125,593.7120361328125,593.7120361328125,593.7120361328125,593.7120361328125,102016
2024-05-30 11:29:00+00:00,593.8011474609375,593.8011474609375,593.8011474609375,593.8011474609375,593.8011474609375,611968
2024-05-30 11:30:00+00:00,593.9984130859375,593.9984130859375,593.9984130859375,593.9984130859375,593.9984130859375,267520
2024-05-30 11:31:00+00:00,594.3511962890625,594.3511962890625,594.3511962890625,594.3511962890625,594.3511962890625,487296
2024-05-30 11:32:00+00:00,594.2670288085938,594.2670288085938,594.2670288085938,594.2670288085938,594.2670288085938,430208
2024-05-30 11:33:00+00:00,594.3453369140625,594.3453369140625,594.3453369140625,594.3453369140625,594.3453369140625,854272
2024-05-30 11:34:00+00:00,594.2664794921875,594.2664794921875,594.2664794921875,594.2664794921875,594.2664794921875,0
2024-05-30 11:35:00+00:00,594.3281860351562,594.3281860351562,594.3281860351562,594.3281860351562,594.3281860351562,680192
2024-05-30 11:37:00+00:00,594.1865234375,594.1865234375,594.1865234375,594.1865234375,594.1865234375,487040
2024-05-30 11:39:00+00:00,594.221435546875,594.221435546875,594.221435546875,594.221435546875,594.221435546875,0
2024-05-30 11:40:00+00:00,594.0270385742188,594.0270385742188,594.0270385742188,594.0270385742188,594.0270385742188,0
2024-05-30 11:42:00+00:00,594.0286865234375,594.0286865234375,594.0286865234375,594.0286865234375,594.0286865234375,0
2024-05-30 11:43:00+00:00,594.0611572265625,594.0611572265625,594.0611572265625,594.0611572265625,594.0611572265625,0
2024-05-30 11:44:00+00:00,594.0916748046875,594.0916748046875,594.0916748046875,594.0916748046875,594.0916748046875,0
2024-05-30 11:46:00+00:00,594.2173461914062,594.2173461914062,594.2173461914062,594.2173461914062,594.2173461914062,0
2024-05-30 11:47:00+00:00,593.9312133789062,593.9312133789062,593.9312133789062,593.9312133789062,593.9312133789062,98432
2024-05-30 11:48:00+00:00,594.1945190429688,594.1945190429688,594.1945190429688,594.1945190429688,594.1945190429688,383232
2024-05-30 11:49:00+00:00,594.2194213867188,594.2194213867188,594.2194213867188,594.2194213867188,594.2194213867188,0
2024-05-30 11:51:00+00:00,594.1636352539062,594.1636352539062,594.1636352539062,594.1636352539062,594.1636352539062,778496
2024-05-30 11:52:00+00:00,593.9657592773438,593.9657592773438,593.9657592773438,593.9657592773438,593.9657592773438,0
2024-05-30 11:53:00+00:00,594.0546875,594.0546875,594.0546875,594.0546875,594.0546875,0
2024-05-30 11:54:00+00:00,593.979736328125,593.979736328125,593.979736328125,593.979736328125,593.979736328125,273280
2024-05-30 11:55:00+00:00,593.7593383789062,593.7593383789062,593.7593383789062,593.7593383789062,593.7593383789062,0
2024-05-30 11:56:00+00:00,593.8075561523438,593.8075561523438,593.8075561523438,593.8075561523438,593.8075561523438,0
2024-05-30 11:57:00+00:00,593.72216796875,593.72216796875,593.72216796875,593.72216796875,593.72216796875,0
2024-05-30 11:58:00+00:00,593.6062622070312,593.6062622070312,593.6062622070312,593.6062622070312,593.6062622070312,0
2024-05-30 11:59:00+00:00,593.6636352539062,593.6636352539062,593.6636352539062,593.6636352539062,593.6636352539062,59264
2024-05-30 12:00:00+00:00,593.6781616210938,593.6781616210938,593.6781616210938,593.6781616210938,593.6781616210938,0
2024-05-30 12:01:00+00:00,593.7401123046875,593.7401123046875,593.7401123046875,593.7401123046875,593.7401123046875,0
2024-05-30 12:03:00+00:00,593.8248901367188,593.8248901367188,593.8248901367188,593.8248901367188,593.8248901367188,0
2024-05-30 12:04:00+00:00,594.02734375,594.02734375,594.02734375,594.02734375,594.02734375,0
2024-05-30 12:05:00+00:00,594.1705932617188,594.1705932617188,594.1705932617188,594.1705932617188,594.1705932617188,0
2024-05-30 12:06:00+00:00,594.0762329101562,594.0762329101562,594.0762329101562,594.0762329101562,594.0762329101562,433152
2024-05-30 12:07:00+00:00,594.2160034179688,594.2160034179688,594.2160034179688,594.2160034179688,594.2160034179688,0
2024-05-30 12:08:00+00:00,594.1780395507812,594.1780395507812,594.1780395507812,594.1780395507812,594.1780395507812,0
2024-05-30 12:09:00+00:00,594.1204833984375,594.1204833984375,594.1204833984375,594.1204833984375,594.1204833984375,377088
2024-05-30 12:10:00+00:00,594.023193359375,594.023193359375,594.023193359375,594.023193359375,594.023193359375,0
2024-05-30 12:11:00+00:00,594.2548828125,594.2548828125,594.2548828125,594.2548828125,594.2548828125,72320
2024-05-30 12:12:00+00:00,594.2109375,594.2109375,594.2109375,594.2109375,594.2109375,264192
2024-05-30 12:13:00+00:00,594.508544921875,594.508544921875,594.508544921875,594.508544921875,594.508544921875,0
2024-05-30 12:15:00+00:00,594.5390625,594.5390625,594.5390625,594.5390625,594.5390625,160288384
2024-05-30 12:16:00+00:00,594.7059936523438,594.7059936523438,594.7059936523438,594.7059936523438,594.7059936523438,0
2024-05-30 12:17:00+00:00,594.7233276367188,594.7233276367188,594.7233276367188,594.7233276367188,594.7233276367188,1225600
2024-05-30 12:18:00+00:00,594.8526611328125,594.8526611328125,594.8526611328125,594.8526611328125,594.8526611328125,370688
2024-05-30 12:19:00+00:00,595.0643920898438,595.0643920898438,595.0643920898438,595.0643920898438,595.0643920898438,11008
2024-05-30 12:20:00+00:00,595.0459594726562,595.0459594726562,595.0459594726562,595.0459594726562,595.0459594726562,0
2024-05-30 12:21:00+00:00,595.0508422851562,595.0508422851562,595.0508422851562,595.0508422851562,595.0508422851562,294912
2024-05-30 12:22:00+00:00,595.1309204101562,595.1309204101562,595.1309204101562,595.1309204101562,595.1309204101562,0
2024-05-30 12:24:00+00:00,595.2117919921875,595.2117919921875,595.2117919921875,595.2117919921875,595.2117919921875,1398528
2024-05-30 12:25:00+00:00,595.2084350585938,595.2084350585938,595.2084350585938,595.2084350585938,595.2084350585938,768
2024-05-30 12:27:00+00:00,595.1436157226562,595.1436157226562,595.1436157226562,595.1436157226562,595.1436157226562,0
2024-05-30 12:28:00+00:00,594.978515625,594.978515625,594.978515625,594.978515625,594.978515625,0
2024-05-30 12:29:00+00:00,594.9961547851562,594.9961547851562,594.9961547851562,594.9961547851562,594.9961547851562,509312
2024-05-30 12:30:00+00:00,594.8853149414062,594.8853149414062,594.8853149414062,594.8853149414062,594.8853149414062,18048
2024-05-30 12:31:00+00:00,595.3546752929688,595.3546752929688,595.3546752929688,595.3546752929688,595.3546752929688,200960
2024-05-30 12:32:00+00:00,595.2137451171875,595.2137451171875,595.2137451171875,595.2137451171875,595.2137451171875,145920
2024-05-30 12:33:00+00:00,595.1650390625,595.1650390625,595.1650390625,595.1650390625,595.1650390625,0
2024-05-30 12:34:00+00:00,594.8273315429688,594.8273315429688,594.8273315429688,594.8273315429688,594.8273315429688,0
2024-05-30 12:35:00+00:00,594.9418334960938,594.9418334960938,594.9418334960938,594.9418334960938,594.9418334960938,1068160
2024-05-30 12:36:00+00:00,595.0051879882812,595.0051879882812,595.0051879882812,595.0051879882812,595.0051879882812,1487104
2024-05-30 12:37:00+00:00,594.9090576171875,594.9090576171875,594.9090576171875,594.9090576171875,594.9090576171875,0
2024-05-30 12:39:00+00:00,594.787353515625,594.787353515625,594.787353515625,594.787353515625,594.787353515625,883584
2024-05-30 12:40:00+00:00,594.6719360351562,594.6719360351562,594.6719360351562,594.6719360351562,594.6719360351562,0
2024-05-30 12:41:00+00:00,594.5572509765625,594.5572509765625,594.5572509765625,594.5572509765625,594.5572509765625,217600
2024-05-30 12:42:00+00:00,594.6170654296875,594.6170654296875,594.6170654296875,594.6170654296875,594.6170654296875,3536768
2024-05-30 12:43:00+00:00,594.669921875,594.669921875,594.669921875,594.669921875,594.669921875,0
2024-05-30 12:44:00+00:00,594.71435546875,594.71435546875,594.71435546875,594.71435546875,594.71435546875,0
2024-05-30 12:45:00+00:00,594.775146484375,594.775146484375,594.775146484375,594.775146484375,594.775146484375,0
2024-05-30 12:46:00+00:00,594.989013671875,594.989013671875,594.989013671875,594.989013671875,594.989013671875,0
2024-05-30 12:47:00+00:00,594.9112548828125,594.9112548828125,594.9112548828125,594.9112548828125,594.9112548828125,2974336
2024-05-30 12:48:00+00:00,594.9817504882812,594.9817504882812,594.9817504882812,594.9817504882812,594.9817504882812,408320
2024-05-30 12:49:00+00:00,595.0764770507812,595.0764770507812,595.0764770507812,595.0764770507812,595.0764770507812,139648
2024-05-30 12:51:00+00:00,594.9939575195312,594.9939575195312,594.9939575195312,594.9939575195312,594.9939575195312,1118336
2024-05-30 12:52:00+00:00,594.7927856445312,594.7927856445312,594.7927856445312,594.7927856445312,594.7927856445312,0
2024-05-30 12:53:00+00:00,594.7649536132812,594.7649536132812,594.7649536132812,594.7649536132812,594.7649536132812,0
2024-05-30 12:54:00+00:00,594.8069458007812,594.8069458007812,594.8069458007812,594.8069458007812,594.8069458007812,0
2024-05-30 12:55:00+00:00,594.4389038085938,594.4389038085938,594.4389038085938,594.4389038085938,594.4389038085938,0
2024-05-30 12:56:00+00:00,594.5497436523438,594.5497436523438,594.5497436523438,594.5497436523438,594.5497436523438,0
2024-05-30 12:57:00+00:00,594.4606323242188,594.4606323242188,594.4606323242188,594.4606323242188,594.4606323242188,1022208
2024-05-30 12:58:00+00:00,594.3313598632812,594.3313598632812,594.3313598632812,594.3313598632812,594.3313598632812,197376
2024-05-30 12:59:00+00:00,594.2672729492188,594.2672729492188,594.2672729492188,594.2672729492188,594.2672729492188,488064
2024-05-30 13:00:00+00:00,594.3154907226562,594.3154907226562,594.3154907226562,594.3154907226562,594.3154907226562,0
2024-05-30 13:01:00+00:00,594.291259765625,594.291259765625,594.291259765625,594.291259765625,594.291259765625,0
2024-05-30 13:03:00+00:00,594.6476440429688,594.6476440429688,594.6476440429688,594.6476440429688,594.6476440429688,0
2024-05-30 13:04:00+00:00,594.7177124023438,594.7177124023438,594.7177124023438,594.7177124023438,594.7177124023438,0
2024-05-30 13:05:00+00:00,594.5721435546875,594.5721435546875,594.5721435546875,594.5721435546875,594.5721435546875,0
2024-05-30 13:06:00+00:00,594.5903930664062,594.5903930664062,594.5903930664062,594.5903930664062,594.5903930664062,0
2024-05-30 13:07:00+00:00,594.1104736328125,594.1104736328125,594.1104736328125,594.1104736328125,594.1104736328125,0
2024-05-30 13:08:00+00:00,594.209228515625,594.209228515625,594.209228515625,594.209228515625,594.209228515625,0
2024-05-30 13:09:00+00:00,594.1988525390625,594.1988525390625,594.1988525390625,594.1988525390625,594.1988525390625,0
2024-05-30 13:10:00+00:00,594.5692138671875,594.5692138671875,594.5692138671875,594.5692138671875,594.5692138671875,124800
2024-05-30 13:11:00+00:00,594.6162719726562,594.6162719726562,594.6162719726562,594.6162719726562,594.6162719726562,0
2024-05-30 13:12:00+00:00,594.7225952148438,594.7225952148438,594.7225952148438,594.7225952148438,594.7225952148438,88960
2024-05-30 13:13:00+00:00,595.0599365234375,595.0599365234375,595.0599365234375,595.0599365234375,595.0599365234375,148352
2024-05-30 13:15:00+00:00,595.0439453125,595.0439453125,595.0439453125,595.0439453125,595.0439453125,809728
2024-05-30 13:16:00+00:00,595.15673828125,595.15673828125,595.15673828125,595.15673828125,595.15673828125,0
2024-05-30 13:17:00+00:00,595.1605834960938,595.1605834960938,595.1605834960938,595.1605834960938,595.1605834960938,0
2024-05-30 13:18:00+00:00,595.2587280273438,595.2587280273438,595.2587280273438,595.2587280273438,595.2587280273438,0
2024-05-30 13:19:00+00:00,595.5210571289062,595.5210571289062,595.5210571289062,595.5210571289062,595.5210571289062,0
2024-05-30 13:20:00+00:00,595.46826171875,595.46826171875,595.46826171875,595.46826171875,595.46826171875,123008
2024-05-30 13:21:00+00:00,595.4846801757812,595.4846801757812,595.4846801757812,595.4846801757812,595.4846801757812,524672
2024-05-30 13:22:00+00:00,595.3223876953125,595.3223876953125,595.3223876953125,595.3223876953125,595.3223876953125,0
2024-05-30 13:23:00+00:00,595.345458984375,595.345458984375,595.345458984375,595.345458984375,595.345458984375,0
2024-05-30 13:24:00+00:00,595.3478393554688,595.3478393554688,595.3478393554688,595.3478393554688,595.3478393554688,264832
2024-05-30 13:25:00+00:00,595.484619140625,595.484619140625,595.484619140625,595.484619140625,595.484619140625,0
2024-05-30 13:27:00+00:00,595.4573364257812,595.4573364257812,595.4573364257812,595.4573364257812,595.4573364257812,601984
2024-05-30 13:28:00+00:00,595.3749389648438,595.3749389648438,595.3749389648438,595.3749389648438,595.3749389648438,0
2024-05-30 13:29:00+00:00,595.3289794921875,595.3289794921875,595.3289794921875,595.3289794921875,595.3289794921875,1480832
2024-05-30 13:30:00+00:00,595.272216796875,595.272216796875,595.272216796875,595.272216796875,595.272216796875,0
2024-05-30 13:31:00+00:00,595.2161254882812,595.2161254882812,595.2161254882812,595.2161254882812,595.2161254882812,0
2024-05-30 13:32:00+00:00,595.2650146484375,595.2650146484375,595.2650146484375,595.2650146484375,595.2650146484375,0
2024-05-30 13:33:00+00:00,595.2525024414062,595.2525024414062,595.2525024414062,595.2525024414062,595.2525024414062,0
2024-05-30 13:34:00+00:00,595.28369140625,595.28369140625,595.28369140625,595.28369140625,595.28369140625,0
2024-05-30 13:35:00+00:00,594.9952392578125,594.9952392578125,594.9952392578125,594.9952392578125,594.9952392578125,960128
2024-05-30 13:36:00+00:00,595.0487060546875,595.0487060546875,595.0487060546875,595.0487060546875,595.0487060546875,298752
2024-05-30 13:37:00+00:00,594.4666137695312,594.4666137695312,594.4666137695312,594.4666137695312,594.4666137695312,0
2024-05-30 13:39:00+00:00,594.6857299804688,594.6857299804688,594.6857299804688,594.6857299804688,594.6857299804688,0
2024-05-30 13:40:00+00:00,594.545166015625,594.545166015625,594.545166015625,594.545166015625,594.545166015625,0
2024-05-30 13:41:00+00:00,594.4168701171875,594.4168701171875,594.4168701171875,594.4168701171875,594.4168701171875,1584896
2024-05-30 13:43:00+00:00,594.1796875,594.1796875,594.1796875,594.1796875,594.1796875,0
2024-05-30 13:44:00+00:00,594.2724609375,594.2724609375,594.2724609375,594.2724609375,594.2724609375,0
2024-05-30 13:45:00+00:00,594.4161376953125,594.4161376953125,594.4161376953125,594.4161376953125,594.4161376953125,0
2024-05-30 13:46:00+00:00,594.8170776367188,594.8170776367188,594.8170776367188,594.8170776367188,594.8170776367188,0
2024-05-30 13:47:00+00:00,595.1754150390625,595.1754150390625,595.1754150390625,595.1754150390625,595.1754150390625,0
2024-05-30 13:48:00+00:00,595.3627319335938,595.3627319335938,595.3627319335938,595.3627319335938,595.3627319335938,934144
2024-05-30 13:49:00+00:00,596.1552124023438,596.1552124023438,596.1552124023438,596.1552124023438,596.1552124023438,243840
2024-05-30 13:51:00+00:00,595.8685913085938,595.8685913085938,595.8685913085938,595.8685913085938,595.8685913085938,2980224
2024-05-30 13:52:00+00:00,595.8547973632812,595.8547973632812,595.8547973632812,595.8547973632812,595.8547973632812,0
2024-05-30 13:53:00+00:00,595.8106689453125,595.8106689453125,595.8106689453125,595.8106689453125,595.8106689453125,0
2024-05-30 13:54:00+00:00,595.9592895507812,595.9592895507812,595.9592895507812,595.9592895507812,595.9592895507812,1844480
2024-05-30 13:55:00+00:00,595.4940795898438,595.4940795898438,595.4940795898438,595.4940795898438,595.4940795898438,598912
2024-05-30 13:56:00+00:00,595.7837524414062,595.7837524414062,595.7837524414062,595.7837524414062,595.7837524414062,0
2024-05-30 13:57:00+00:00,595.8919067382812,595.8919067382812,595.8919067382812,595.8919067382812,595.8919067382812,410112
2024-05-30 13:58:00+00:00,596.6103515625,596.6103515625,596.6103515625,596.6103515625,596.6103515625,0
2024-05-30 13:59:00+00:00,596.6227416992188,596.6227416992188,596.6227416992188,596.6227416992188,596.6227416992188,166272
2024-05-30 14:00:00+00:00,596.6666870117188,596.6666870117188,596.6666870117188,596.6666870117188,596.6666870117188,947840
2024-05-30 14:01:00+00:00,596.8480224609375,596.8480224609375,596.8480224609375,596.8480224609375,596.8480224609375,0
2024-05-30 14:03:00+00:00,596.9041137695312,596.9041137695312,596.9041137695312,596.9041137695312,596.9041137695312,0
2024-05-30 14:04:00+00:00,596.9354858398438,596.9354858398438,596.9354858398438,596.9354858398438,596.9354858398438,0
2024-05-30 14:05:00+00:00,597.042724609375,597.042724609375,597.042724609375,597.042724609375,597.042724609375,0
2024-05-30 14:06:00+00:00,597.2659912109375,597.2659912109375,597.2659912109375,597.2659912109375,597.2659912109375,0
2024-05-30 14:07:00+00:00,597.2347412109375,597.2347412109375,597.2347412109375,597.2347412109375,597.2347412109375,0
2024-05-30 14:08:00+00:00,597.3128051757812,597.3128051757812,597.3128051757812,597.3128051757812,597.3128051757812,556288
2024-05-30 14:09:00+00:00,597.3912353515625,597.3912353515625,597.3912353515625,597.3912353515625,597.3912353515625,879488
2024-05-30 14:10:00+00:00,597.81591796875,597.81591796875,597.81591796875,597.81591796875,597.81591796875,494976
2024-05-30 14:11:00+00:00,597.5794677734375,597.5794677734375,597.5794677734375,597.5794677734375,597.5794677734375,1376896
2024-05-30 14:12:00+00:00,597.5283813476562,597.5283813476562,597.5283813476562,597.5283813476562,597.5283813476562,218240
2024-05-30 14:13:00+00:00,596.58544921875,596.58544921875,596.58544921875,596.58544921875,596.58544921875,128
2024-05-30 14:15:00+00:00,596.4342041015625,596.4342041015625,596.4342041015625,596.4342041015625,596.4342041015625,2576512
2024-05-30 14:16:00+00:00,596.0389404296875,596.0389404296875,596.0389404296875,596.0389404296875,596.0389404296875,0
2024-05-30 14:17:00+00:00,596.19775390625,596.19775390625,596.19775390625,596.19775390625,596.19775390625,0
2024-05-30 14:18:00+00:00,596.2415161132812,596.2415161132812,596.2415161132812,596.2415161132812,596.2415161132812,0
2024-05-30 14:19:00+00:00,596.96923828125,596.96923828125,596.96923828125,596.96923828125,596.96923828125,296192
2024-05-30 14:20:00+00:00,596.9561157226562,596.9561157226562,596.9561157226562,596.9561157226562,596.9561157226562,0
2024-05-30 14:21:00+00:00,597.0331420898438,597.0331420898438,597.0331420898438,597.0331420898438,597.0331420898438,0
2024-05-30 14:22:00+00:00,597.0507202148438,597.0507202148438,597.0507202148438,597.0507202148438,597.0507202148438,2560
2024-05-30 14:23:00+00:00,597.2085571289062,597.2085571289062,597.2085571289062,597.2085571289062,597.2085571289062,694400
2024-05-30 14:24:00+00:00,597.027099609375,597.027099609375,597.027099609375,597.027099609375,597.027099609375,370560
2024-05-30 14:25:00+00:00,596.9310913085938,596.9310913085938,596.9310913085938,596.9310913085938,596.9310913085938,0
2024-05-30 14:27:00+00:00,596.8223266601562,596.8223266601562,596.8223266601562,596.8223266601562,596.8223266601562,0
2024-05-30 14:28:00+00:00,596.610595703125,596.610595703125,596.610595703125,596.610595703125,596.610595703125,0
2024-05-30 14:29:00+00:00,596.5934448242188,596.5934448242188,596.5934448242188,596.5934448242188,596.5934448242188,1688704
2024-05-30 14:30:00+00:00,596.5603637695312,596.5603637695312,596.5603637695312,596.5603637695312,596.5603637695312,0
2024-05-30 14:31:00+00:00,596.4766845703125,596.4766845703125,596.4766845703125,596.4766845703125,596.4766845703125,0
2024-05-30 14:32:00+00:00,596.5469360351562,596.5469360351562,596.5469360351562,596.5469360351562,596.5469360351562,0
2024-05-30 14:33:00+00:00,596.5191040039062,596.5191040039062,596.5191040039062,596.5191040039062,596.5191040039062,0
2024-05-30 14:34:00+00:00,596.4680786132812,596.4680786132812,596.4680786132812,596.4680786132812,596.4680786132812,0
2024-05-30 14:35:00+00:00,596.5013427734375,596.5013427734375,596.5013427734375,596.5013427734375,596.5013427734375,0
2024-05-30 14:36:00+00:00,596.4340209960938,596.4340209960938,596.4340209960938,596.4340209960938,596.4340209960938,0
2024-05-30 14:37:00+00:00,596.3569946289062,596.3569946289062,596.3569946289062,596.3569946289062,596.3569946289062,0
2024-05-30 14:39:00+00:00,596.3018798828125,596.3018798828125,596.3018798828125,596.3018798828125,596.3018798828125,0
2024-05-30 14:40:00+00:00,596.0487060546875,596.0487060546875,596.0487060546875,596.0487060546875,596.0487060546875,0
2024-05-30 14:41:00+00:00,595.9940185546875,595.9940185546875,595.9940185546875,595.9940185546875,595.9940185546875,0
2024-05-30 14:42:00+00:00,596.0015869140625,596.0015869140625,596.0015869140625,596.0015869140625,596.0015869140625,0
2024-05-30 14:43:00+00:00,595.6288452148438,595.6288452148438,595.6288452148438,595.6288452148438,595.6288452148438,0
2024-05-30 14:44:00+00:00,595.5629272460938,595.5629272460938,595.5629272460938,595.5629272460938,595.5629272460938,0
2024-05-30 14:45:00+00:00,595.6759643554688,595.6759643554688,595.6759643554688,595.6759643554688,595.6759643554688,0
2024-05-30 14:46:00+00:00,595.9425048828125,595.9425048828125,595.9425048828125,595.9425048828125,595.9425048828125,0
2024-05-30 14:47:00+00:00,595.7813720703125,595.7813720703125,595.7813720703125,595.7813720703125,595.7813720703125,138880
2024-05-30 14:48:00+00:00,595.7208862304688,595.7208862304688,595.7208862304688,595.7208862304688,595.7208862304688,0
2024-05-30 14:49:00+00:00,595.7258911132812,595.7258911132812,595.7258911132812,595.7258911132812,595.7258911132812,103424
2024-05-30 14:51:00+00:00,595.7244873046875,595.7244873046875,595.7244873046875,595.7244873046875,595.7244873046875,2673280
2024-05-30 14:52:00+00:00,595.6951293945312,595.6951293945312,595.6951293945312,595.6951293945312,595.6951293945312,0
2024-05-30 14:53:00+00:00,595.52587890625,595.52587890625,595.52587890625,595.52587890625,595.52587890625,0
2024-05-30 14:54:00+00:00,595.5037231445312,595.5037231445312,595.5037231445312,595.5037231445312,595.5037231445312,228864
2024-05-30 14:55:00+00:00,594.9613037109375,594.9613037109375,594.9613037109375,594.9613037109375,594.9613037109375,0
2024-05-30 14:56:00+00:00,594.91650390625,594.91650390625,594.91650390625,594.91650390625,594.91650390625,0
2024-05-30 14:57:00+00:00,595.1395874023438,595.1395874023438,595.1395874023438,595.1395874023438,595.1395874023438,765312
2024-05-30 14:58:00+00:00,595.0379638671875,595.0379638671875,595.0379638671875,595.0379638671875,595.0379638671875,0
2024-05-30 14:59:00+00:00,595.1173095703125,595.1173095703125,595.1173095703125,595.1173095703125,595.1173095703125,1621760
2024-05-30 15:00:00+00:00,595.0845947265625,595.0845947265625,595.0845947265625,595.0845947265625,595.0845947265625,0
2024-05-30 15:01:00+00:00,595.0798950195312,595.0798950195312,595.0798950195312,595.0798950195312,595.0798950195312,89216
2024-05-30 15:03:00+00:00,595.2791748046875,595.2791748046875,595.2791748046875,595.2791748046875,595.2791748046875,0
2024-05-30 15:04:00+00:00,595.5565795898438,595.5565795898438,595.5565795898438,595.5565795898438,595.5565795898438,161280
2024-05-30 15:05:00+00:00,595.4176635742188,595.4176635742188,595.4176635742188,595.4176635742188,595.4176635742188,0
2024-05-30 15:06:00+00:00,595.1495361328125,595.1495361328125,595.1495361328125,595.1495361328125,595.1495361328125,313088
2024-05-30 15:07:00+00:00,594.850830078125,594.850830078125,594.850830078125,594.850830078125,594.850830078125,0
2024-05-30 15:08:00+00:00,594.7192993164062,594.7192993164062,594.7192993164062,594.7192993164062,594.7192993164062,132096
2024-05-30 15:09:00+00:00,594.5069580078125,594.5069580078125,594.5069580078125,594.5069580078125,594.5069580078125,0
2024-05-30 15:10:00+00:00,594.5315551757812,594.5315551757812,594.5315551757812,594.5315551757812,594.5315551757812,0
2024-05-30 15:11:00+00:00,594.7223510742188,594.7223510742188,594.7223510742188,594.7223510742188,594.7223510742188,0
2024-05-30 15:12:00+00:00,594.7557983398438,594.7557983398438,594.7557983398438,594.7557983398438,594.7557983398438,0
2024-05-30 15:13:00+00:00,595.0301513671875,595.0301513671875,595.0301513671875,595.0301513671875,595.0301513671875,87424
2024-05-30 15:15:00+00:00,594.9793090820312,594.9793090820312,594.9793090820312,594.9793090820312,594.9793090820312,2588800
2024-05-30 15:16:00+00:00,595.1801147460938,595.1801147460938,595.1801147460938,595.1801147460938,595.1801147460938,0
2024-05-30 15:17:00+00:00,595.2868041992188,595.2868041992188,595.2868041992188,595.2868041992188,595.2868041992188,0
2024-05-30 15:18:00+00:00,595.4058837890625,595.4058837890625,595.4058837890625,595.4058837890625,595.4058837890625,333056
2024-05-30 15:19:00+00:00,595.5508422851562,595.5508422851562,595.5508422851562,595.5508422851562,595.5508422851562,0
2024-05-30 15:20:00+00:00,595.6339111328125,595.6339111328125,595.6339111328125,595.6339111328125,595.6339111328125,0
2024-05-30 15:21:00+00:00,595.6900634765625,595.6900634765625,595.6900634765625,595.6900634765625,595.6900634765625,65024
2024-05-30 15:22:00+00:00,595.7388916015625,595.7388916015625,595.7388916015625,595.7388916015625,595.7388916015625,0
2024-05-30 15:23:00+00:00,595.572021484375,595.572021484375,595.572021484375,595.572021484375,595.572021484375,0
2024-05-30 15:24:00+00:00,595.6484985351562,595.6484985351562,595.6484985351562,595.6484985351562,595.6484985351562,227072
2024-05-30 15:25:00+00:00,595.8106079101562,595.8106079101562,595.8106079101562,595.8106079101562,595.8106079101562,0
2024-05-30 15:27:00+00:00,595.6974487304688,595.6974487304688,595.6974487304688,595.6974487304688,595.6974487304688,1132800
2024-05-30 15:28:00+00:00,595.5324096679688,595.5324096679688,595.5324096679688,595.5324096679688,595.5324096679688,0
2024-05-30 15:29:00+00:00,595.5348510742188,595.5348510742188,595.5348510742188,595.5348510742188,595.5348510742188,0
2024-05-30 15:30:00+00:00,595.6113891601562,595.6113891601562,595.6113891601562,595.6113891601562,595.6113891601562,0
2024-05-30 15:31:00+00:00,595.6336059570312,595.6336059570312,595.6336059570312,595.6336059570312,595.6336059570312,0
2024-05-30 15:32:00+00:00,595.82958984375,595.82958984375,595.82958984375,595.82958984375,595.82958984375,0
2024-05-30 15:33:00+00:00,595.910400390625,595.910400390625,595.910400390625,595.910400390625,595.910400390625,0
2024-05-30 15:34:00+00:00,596.2606201171875,596.2606201171875,596.2606201171875,596.2606201171875,596.2606201171875,0
2024-05-30 15:35:00+00:00,596.1756591796875,596.1756591796875,596.1756591796875,596.1756591796875,596.1756591796875,0
2024-05-30 15:36:00+00:00,596.2433471679688,596.2433471679688,596.2433471679688,596.2433471679688,596.2433471679688,2259200
2024-05-30 15:37:00+00:00,596.0478515625,596.0478515625,596.0478515625,596.0478515625,596.0478515625,0
2024-05-30 15:39:00+00:00,596.0785522460938,596.0785522460938,596.0785522460938,596.0785522460938,596.0785522460938,0
2024-05-30 15:40:00+00:00,595.9380493164062,595.9380493164062,595.9380493164062,595.9380493164062,595.9380493164062,0
2024-05-30 15:41:00+00:00,595.9913940429688,595.9913940429688,595.9913940429688,595.9913940429688,595.9913940429688,990720
2024-05-30 15:42:00+00:00,596.0830688476562,596.0830688476562,596.0830688476562,596.0830688476562,596.0830688476562,0
2024-05-30 15:43:00+00:00,596.1815795898438,596.1815795898438,596.1815795898438,596.1815795898438,596.1815795898438,0
2024-05-30 15:44:00+00:00,596.1103515625,596.1103515625,596.1103515625,596.1103515625,596.1103515625,0
2024-05-30 15:45:00+00:00,596.0366821289062,596.0366821289062,596.0366821289062,596.0366821289062,596.0366821289062,0
2024-05-30 15:46:00+00:00,595.7850341796875,595.7850341796875,595.7850341796875,595.7850341796875,595.7850341796875,0
2024-05-30 15:47:00+00:00,595.8864135742188,595.8864135742188,595.8864135742188,595.8864135742188,595.8864135742188,0
2024-05-30 15:48:00+00:00,595.9443969726562,595.9443969726562,595.9443969726562,595.9443969726562,595.9443969726562,0
2024-05-30 15:49:00+00:00,596.0458374023438,596.0458374023438,596.0458374023438,596.0458374023438,596.0458374023438,0
2024-05-30 15:51:00+00:00,596.0653686523438,596.0653686523438,596.0653686523438,596.0653686523438,596.0653686523438,0
2024-05-30 15:52:00+00:00,596.3441772460938,596.3441772460938,596.3441772460938,596.3441772460938,596.3441772460938,0
2024-05-30 15:53:00+00:00,596.2857666015625,596.2857666015625,596.2857666015625,596.2857666015625,596.2857666015625,0
2024-05-30 15:54:00+00:00,596.3760986328125,596.3760986328125,596.3760986328125,596.3760986328125,596.3760986328125,1408
2024-05-30 15:55:00+00:00,596.6057739257812,596.6057739257812,596.6057739257812,596.6057739257812,596.6057739257812,0
2024-05-30 15:56:00+00:00,596.5243530273438,596.5243530273438,596.5243530273438,596.5243530273438,596.5243530273438,1619328
2024-05-30 15:57:00+00:00,596.6802978515625,596.6802978515625,596.6802978515625,596.6802978515625,596.6802978515625,637952
2024-05-30 15:58:00+00:00,596.8462524414062,596.8462524414062,596.8462524414062,596.8462524414062,596.8462524414062,0
2024-05-30 15:59:00+00:00,596.7206420898438,596.7206420898438,596.7206420898438,596.7206420898438,596.7206420898438,0
2024-05-30 16:00:00+00:00,596.6948852539062,596.6948852539062,596.6948852539062,596.6948852539062,596.6948852539062,0
2024-05-30 16:01:00+00:00,596.6541137695312,596.6541137695312,596.6541137695312,596.6541137695312,596.6541137695312,0
2024-05-30 16:03:00+00:00,596.598876953125,596.598876953125,596.598876953125,596.598876953125,596.598876953125,0
2024-05-30 16:04:00+00:00,596.9677124023438,596.9677124023438,596.9677124023438,596.9677124023438,596.9677124023438,0
2024-05-30 16:05:00+00:00,597.1329345703125,597.1329345703125,597.1329345703125,597.1329345703125,597.1329345703125,0
2024-05-30 16:06:00+00:00,597.0196533203125,597.0196533203125,597.0196533203125,597.0196533203125,597.0196533203125,0
2024-05-30 16:07:00+00:00,596.7842407226562,596.7842407226562,596.7842407226562,596.7842407226562,596.7842407226562,0
2024-05-30 16:08:00+00:00,596.8707275390625,596.8707275390625,596.8707275390625,596.8707275390625,596.8707275390625,0
2024-05-30 16:09:00+00:00,596.8468017578125,596.8468017578125,596.8468017578125,596.8468017578125,596.8468017578125,356480
2024-05-30 16:10:00+00:00,597.001953125,597.001953125,597.001953125,597.001953125,597.001953125,0
2024-05-30 16:11:00+00:00,596.9277954101562,596.9277954101562,596.9277954101562,596.9277954101562,596.9277954101562,0
2024-05-30 16:12:00+00:00,596.96142578125,596.96142578125,596.96142578125,596.96142578125,596.96142578125,0
2024-05-30 16:13:00+00:00,596.745361328125,596.745361328125,596.745361328125,596.745361328125,596.745361328125,0
2024-05-30 16:15:00+00:00,596.6922607421875,596.6922607421875,596.6922607421875,596.6922607421875,596.6922607421875,0
2024-05-30 16:16:00+00:00,596.4174194335938,596.4174194335938,596.4174194335938,596.4174194335938,596.4174194335938,0
2024-05-30 16:17:00+00:00,596.4421997070312,596.4421997070312,596.4421997070312,596.4421997070312,596.4421997070312,0
2024-05-30 16:18:00+00:00,596.4288330078125,596.4288330078125,596.4288330078125,596.4288330078125,596.4288330078125,0
2024-05-30 16:19:00+00:00,596.4347534179688,596.4347534179688,596.4347534179688,596.4347534179688,596.4347534179688,0
2024-05-30 16:20:00+00:00,596.5247802734375,596.5247802734375,596.5247802734375,596.5247802734375,596.5247802734375,0
2024-05-30 16:21:00+00:00,596.3892211914062,596.3892211914062,596.3892211914062,596.3892211914062,596.3892211914062,0
2024-05-30 16:22:00+00:00,596.3040161132812,596.3040161132812,596.3040161132812,596.3040161132812,596.3040161132812,33152
2024-05-30 16:23:00+00:00,596.2283325195312,596.2283325195312,596.2283325195312,596.2283325195312,596.2283325195312,0
2024-05-30 16:24:00+00:00,596.2138671875,596.2138671875,596.2138671875,596.2138671875,596.2138671875,974592
2024-05-30 16:25:00+00:00,596.0203857421875,596.0203857421875,596.0203857421875,596.0203857421875,596.0203857421875,0
2024-05-30 16:27:00+00:00,596.117431640625,596.117431640625,596.117431640625,596.117431640625,596.117431640625,0
2024-05-30 16:29:00+00:00,596.3590698242188,596.3590698242188,596.3590698242188,596.3590698242188,596.3590698242188,676352
2024-05-30 16:30:00+00:00,596.1926879882812,596.1926879882812,596.1926879882812,596.1926879882812,596.1926879882812,38784
2024-05-30 16:31:00+00:00,596.1725463867188,596.1725463867188,596.1725463867188,596.1725463867188,596.1725463867188,0
2024-05-30 16:32:00+00:00,596.239990234375,596.239990234375,596.239990234375,596.239990234375,596.239990234375,0
2024-05-30 16:33:00+00:00,596.3091430664062,596.3091430664062,596.3091430664062,596.3091430664062,596.3091430664062,0
2024-05-30 16:34:00+00:00,596.2922973632812,596.2922973632812,596.2922973632812,596.2922973632812,596.2922973632812,0
2024-05-30 16:35:00+00:00,596.2940673828125,596.2940673828125,596.2940673828125,596.2940673828125,596.2940673828125,107264
2024-05-30 16:36:00+00:00,596.2771606445312,596.2771606445312,596.2771606445312,596.2771606445312,596.2771606445312,146304
2024-05-30 16:37:00+00:00,596.2369995117188,596.2369995117188,596.2369995117188,596.2369995117188,596.2369995117188,0
2024-05-30 16:39:00+00:00,596.356201171875,596.356201171875,596.356201171875,596.356201171875,596.356201171875,1645824
2024-05-30 16:40:00+00:00,596.4549560546875,596.4549560546875,596.4549560546875,596.4549560546875,596.4549560546875,5632
2024-05-30 16:41:00+00:00,596.3226318359375,596.3226318359375,596.3226318359375,596.3226318359375,596.3226318359375,90880
2024-05-30 16:42:00+00:00,596.2681884765625,596.2681884765625,596.2681884765625,596.2681884765625,596.2681884765625,17664
2024-05-30 16:43:00+00:00,596.3439331054688,596.3439331054688,596.3439331054688,596.3439331054688,596.3439331054688,0
2024-05-30 16:44:00+00:00,596.3031616210938,596.3031616210938,596.3031616210938,596.3031616210938,596.3031616210938,0
2024-05-30 16:45:00+00:00,596.2545166015625,596.2545166015625,596.2545166015625,596.2545166015625,596.2545166015625,51968
2024-05-30 16:46:00+00:00,596.082763671875,596.082763671875,596.082763671875,596.082763671875,596.082763671875,11264
2024-05-30 16:47:00+00:00,596.3512573242188,596.3512573242188,596.3512573242188,596.3512573242188,596.3512573242188,0
2024-05-30 16:48:00+00:00,596.3622436523438,596.3622436523438,596.3622436523438,596.3622436523438,596.3622436523438,0
2024-05-30 16:49:00+00:00,596.674560546875,596.674560546875,596.674560546875,596.674560546875,596.674560546875,0
2024-05-30 16:51:00+00:00,596.724609375,596.724609375,596.724609375,596.724609375,596.724609375,0
2024-05-30 16:52:00+00:00,596.8675537109375,596.8675537109375,596.8675537109375,596.8675537109375,596.8675537109375,0
2024-05-30 16:53:00+00:00,596.85009765625,596.85009765625,596.85009765625,596.85009765625,596.85009765625,1078528
2024-05-30 16:54:00+00:00,596.8081665039062,596.8081665039062,596.8081665039062,596.8081665039062,596.8081665039062,325760
2024-05-30 16:55:00+00:00,596.9241333007812,596.9241333007812,596.9241333007812,596.9241333007812,596.9241333007812,0
2024-05-30 16:56:00+00:00,596.8634643554688,596.8634643554688,596.8634643554688,596.8634643554688,596.8634643554688,0
2024-05-30 16:57:00+00:00,596.7847290039062,596.7847290039062,596.7847290039062,596.7847290039062,596.7847290039062,221568
2024-05-30 16:58:00+00:00,596.81201171875,596.81201171875,596.81201171875,596.81201171875,596.81201171875,0
2024-05-30 16:59:00+00:00,596.6808471679688,596.6808471679688,596.6808471679688,596.6808471679688,596.6808471679688,0
2024-05-30 17:00:00+00:00,596.86865234375,596.86865234375,596.86865234375,596.86865234375,596.86865234375,0
2024-05-30 17:01:00+00:00,596.8316040039062,596.8316040039062,596.8316040039062,596.8316040039062,596.8316040039062,0
2024-05-30 17:03:00+00:00,596.7882080078125,596.7882080078125,596.7882080078125,596.7882080078125,596.7882080078125,0
2024-05-30 17:04:00+00:00,597.0391235351562,597.0391235351562,597.0391235351562,597.0391235351562,597.0391235351562,29312
2024-05-30 17:05:00+00:00,596.87841796875,596.87841796875,596.87841796875,596.87841796875,596.87841796875,0
2024-05-30 17:06:00+00:00,596.9710083007812,596.9710083007812,596.9710083007812,596.9710083007812,596.9710083007812,2092800
2024-05-30 17:07:00+00:00,596.7064208984375,596.7064208984375,596.7064208984375,596.7064208984375,596.7064208984375,0
2024-05-30 17:08:00+00:00,596.7537841796875,596.7537841796875,596.7537841796875,596.7537841796875,596.7537841796875,0
2024-05-30 17:09:00+00:00,596.7914428710938,596.7914428710938,596.7914428710938,596.7914428710938,596.7914428710938,100992
2024-05-30 17:10:00+00:00,596.6985473632812,596.6985473632812,596.6985473632812,596.6985473632812,596.6985473632812,0
2024-05-30 17:11:00+00:00,596.6586303710938,596.6586303710938,596.6586303710938,596.6586303710938,596.6586303710938,0
2024-05-30 17:12:00+00:00,596.7388305664062,596.7388305664062,596.7388305664062,596.7388305664062,596.7388305664062,0
2024-05-30 17:13:00+00:00,596.8765869140625,596.8765869140625,596.8765869140625,596.8765869140625,596.8765869140625,0
2024-05-30 17:15:00+00:00,596.8682250976562,596.8682250976562,596.8682250976562,596.8682250976562,596.8682250976562,169088
2024-05-30 17:16:00+00:00,597.06640625,597.06640625,597.06640625,597.06640625,597.06640625,214528
2024-05-30 17:17:00+00:00,597.0821533203125,597.0821533203125,597.0821533203125,597.0821533203125,597.0821533203125,2912896
2024-05-30 17:18:00+00:00,596.9991455078125,596.9991455078125,596.9991455078125,596.9991455078125,596.9991455078125,428672
2024-05-30 17:19:00+00:00,596.9217529296875,596.9217529296875,596.9217529296875,596.9217529296875,596.9217529296875,0
2024-05-30 17:20:00+00:00,596.944091796875,596.944091796875,596.944091796875,596.944091796875,596.944091796875,548736
2024-05-30 17:21:00+00:00,596.9882202148438,596.9882202148438,596.9882202148438,596.9882202148438,596.9882202148438,211840
2024-05-30 17:22:00+00:00,597.0882568359375,597.0882568359375,597.0882568359375,597.0882568359375,597.0882568359375,13440
2024-05-30 17:23:00+00:00,597.0597534179688,597.0597534179688,597.0597534179688,597.0597534179688,597.0597534179688,0
2024-05-30 17:24:00+00:00,597.383056640625,597.383056640625,597.383056640625,597.383056640625,597.383056640625,790912
2024-05-30 17:25:00+00:00,597.4970703125,597.4970703125,597.4970703125,597.4970703125,597.4970703125,0
2024-05-30 17:27:00+00:00,597.650146484375,597.650146484375,597.650146484375,597.650146484375,597.650146484375,4752000
2024-05-30 17:29:00+00:00,597.8521118164062,597.8521118164062,597.8521118164062,597.8521118164062,597.8521118164062,2012032
2024-05-30 17:30:00+00:00,597.8833618164062,597.8833618164062,597.8833618164062,597.8833618164062,597.8833618164062,397056
2024-05-30 17:31:00+00:00,597.8921508789062,597.8921508789062,597.8921508789062,597.8921508789062,597.8921508789062,0
2024-05-30 17:32:00+00:00,598.0419311523438,598.0419311523438,598.0419311523438,598.0419311523438,598.0419311523438,0
2024-05-30 17:33:00+00:00,598.046142578125,598.046142578125,598.046142578125,598.046142578125,598.046142578125,442112
2024-05-30 17:34:00+00:00,598.187255859375,598.187255859375,598.187255859375,598.187255859375,598.187255859375,0
2024-05-30 17:35:00+00:00,598.0945434570312,598.0945434570312,598.0945434570312,598.0945434570312,598.0945434570312,0
2024-05-30 17:36:00+00:00,598.2091064453125,598.2091064453125,598.2091064453125,598.2091064453125,598.2091064453125,0
2024-05-30 17:37:00+00:00,598.4656982421875,598.4656982421875,598.4656982421875,598.4656982421875,598.4656982421875,0
2024-05-30 17:39:00+00:00,598.565673828125,598.565673828125,598.565673828125,598.565673828125,598.565673828125,1880320
2024-05-30 17:40:00+00:00,598.809326171875,598.809326171875,598.809326171875,598.809326171875,598.809326171875,0
2024-05-30 17:41:00+00:00,598.9745483398438,598.9745483398438,598.9745483398438,598.9745483398438,598.9745483398438,4275456
2024-05-30 17:42:00+00:00,598.9695434570312,598.9695434570312,598.9695434570312,598.9695434570312,598.9695434570312,1042432
2024-05-30 17:43:00+00:00,599.2435302734375,599.2435302734375,599.2435302734375,599.2435302734375,599.2435302734375,270208
2024-05-30 17:44:00+00:00,599.0099487304688,599.0099487304688,599.0099487304688,599.0099487304688,599.0099487304688,0
2024-05-30 17:45:00+00:00,598.8359985351562,598.8359985351562,598.8359985351562,598.8359985351562,598.8359985351562,2398848
2024-05-30 17:46:00+00:00,598.7509765625,598.7509765625,598.7509765625,598.7509765625,598.7509765625,0
2024-05-30 17:47:00+00:00,598.605712890625,598.605712890625,598.605712890625,598.605712890625,598.605712890625,331520
2024-05-30 17:48:00+00:00,598.5020141601562,598.5020141601562,598.5020141601562,598.5020141601562,598.5020141601562,0
2024-05-30 17:49:00+00:00,598.8253784179688,598.8253784179688,598.8253784179688,598.8253784179688,598.8253784179688,0
2024-05-30 17:51:00+00:00,598.8408813476562,598.8408813476562,598.8408813476562,598.8408813476562,598.8408813476562,53376
2024-05-30 17:52:00+00:00,599.2650146484375,599.2650146484375,599.2650146484375,599.2650146484375,599.2650146484375,429440
2024-05-30 17:53:00+00:00,599.3037719726562,599.3037719726562,599.3037719726562,599.3037719726562,599.3037719726562,0
2024-05-30 17:54:00+00:00,599.3729248046875,599.3729248046875,599.3729248046875,599.3729248046875,599.3729248046875,2209920
2024-05-30 17:55:00+00:00,599.6600341796875,599.6600341796875,599.6600341796875,599.6600341796875,599.6600341796875,0
2024-05-30 17:56:00+00:00,599.6631469726562,599.6631469726562,599.6631469726562,599.6631469726562,599.6631469726562,1802880
2024-05-30 17:57:00+00:00,599.651123046875,599.651123046875,599.651123046875,599.651123046875,599.651123046875,1041408
2024-05-30 17:58:00+00:00,599.8196411132812,599.8196411132812,599.8196411132812,599.8196411132812,599.8196411132812,33408
2024-05-30 17:59:00+00:00,599.6973266601562,599.6973266601562,599.6973266601562,599.6973266601562,599.6973266601562,0
2024-05-30 18:00:00+00:00,599.5299682617188,599.5299682617188,599.5299682617188,599.5299682617188,599.5299682617188,524032
2024-05-30 18:01:00+00:00,599.2643432617188,599.2643432617188,599.2643432617188,599.2643432617188,599.2643432617188,0
2024-05-30 18:03:00+00:00,599.2842407226562,599.2842407226562,599.2842407226562,599.2842407226562,599.2842407226562,0
2024-05-30 18:04:00+00:00,599.3603515625,599.3603515625,599.3603515625,599.3603515625,599.3603515625,155776
2024-05-30 18:05:00+00:00,599.3814086914062,599.3814086914062,599.3814086914062,599.3814086914062,599.3814086914062,0
2024-05-30 18:06:00+00:00,599.27099609375,599.27099609375,599.27099609375,599.27099609375,599.27099609375,0
2024-05-30 18:07:00+00:00,599.04296875,599.04296875,599.04296875,599.04296875,599.04296875,0
2024-05-30 18:08:00+00:00,598.8944091796875,598.8944091796875,598.8944091796875,598.8944091796875,598.8944091796875,2584960
2024-05-30 18:09:00+00:00,598.924560546875,598.924560546875,598.924560546875,598.924560546875,598.924560546875,0
2024-05-30 18:10:00+00:00,598.6808471679688,598.6808471679688,598.6808471679688,598.6808471679688,598.6808471679688,0
2024-05-30 18:11:00+00:00,598.5674438476562,598.5674438476562,598.5674438476562,598.5674438476562,598.5674438476562,0
2024-05-30 18:12:00+00:00,598.48388671875,598.48388671875,598.48388671875,598.48388671875,598.48388671875,0
2024-05-30 18:13:00+00:00,598.1912841796875,598.1912841796875,598.1912841796875,598.1912841796875,598.1912841796875,249600
2024-05-30 18:15:00+00:00,598.230712890625,598.230712890625,598.230712890625,598.230712890625,598.230712890625,1641344
2024-05-30 18:16:00+00:00,598.5911865234375,598.5911865234375,598.5911865234375,598.5911865234375,598.5911865234375,643968
2024-05-30 18:17:00+00:00,598.315185546875,598.315185546875,598.315185546875,598.315185546875,598.315185546875,855168
2024-05-30 18:18:00+00:00,598.3375244140625,598.3375244140625,598.3375244140625,598.3375244140625,598.3375244140625,0
2024-05-30 18:19:00+00:00,599.4600830078125,599.4600830078125,599.4600830078125,599.4600830078125,599.4600830078125,0
2024-05-30 18:20:00+00:00,599.6399536132812,599.6399536132812,599.6399536132812,599.6399536132812,599.6399536132812,978816
2024-05-30 18:21:00+00:00,600.1735229492188,600.1735229492188,600.1735229492188,600.1735229492188,600.1735229492188,3728896
2024-05-30 18:22:00+00:00,601.5162353515625,601.5162353515625,601.5162353515625,601.5162353515625,601.5162353515625,0
2024-05-30 18:23:00+00:00,601.472412109375,601.472412109375,601.472412109375,601.472412109375,601.472412109375,7819776
2024-05-30 18:24:00+00:00,601.4985961914062,601.4985961914062,601.4985961914062,601.4985961914062,601.4985961914062,3927552
2024-05-30 18:25:00+00:00,601.33447265625,601.33447265625,601.33447265625,601.33447265625,601.33447265625,0
2024-05-30 18:27:00+00:00,601.2808837890625,601.2808837890625,601.2808837890625,601.2808837890625,601.2808837890625,455680
2024-05-30 18:28:00+00:00,601.118408203125,601.118408203125,601.118408203125,601.118408203125,601.118408203125,426112
2024-05-30 18:29:00+00:00,601.0304565429688,601.0304565429688,601.0304565429688,601.0304565429688,601.0304565429688,2419072
2024-05-30 18:30:00+00:00,600.8880004882812,600.8880004882812,600.8880004882812,600.8880004882812,600.8880004882812,0
2024-05-30 18:31:00+00:00,600.4273681640625,600.4273681640625,600.4273681640625,600.4273681640625,600.4273681640625,0
2024-05-30 18:32:00+00:00,600.2877807617188,600.2877807617188,600.2877807617188,600.2877807617188,600.2877807617188,1456384
2024-05-30 18:33:00+00:00,600.3732299804688,600.3732299804688,600.3732299804688,600.3732299804688,600.3732299804688,0
2024-05-30 18:34:00+00:00,600.3006591796875,600.3006591796875,600.3006591796875,600.3006591796875,600.3006591796875,0
2024-05-30 18:35:00+00:00,600.3253784179688,600.3253784179688,600.3253784179688,600.3253784179688,600.3253784179688,0
2024-05-30 18:36:00+00:00,600.2770385742188,600.2770385742188,600.2770385742188,600.2770385742188,600.2770385742188,0
2024-05-30 18:37:00+00:00,600.1417846679688,600.1417846679688,600.1417846679688,600.1417846679688,600.1417846679688,0
2024-05-30 18:39:00+00:00,600.188232421875,600.188232421875,600.188232421875,600.188232421875,600.188232421875,0
2024-05-30 18:40:00+00:00,600.2586059570312,600.2586059570312,600.2586059570312,600.2586059570312,600.2586059570312,0
2024-05-30 18:41:00+00:00,600.233642578125,600.233642578125,600.233642578125,600.233642578125,600.233642578125,0
2024-05-30 18:42:00+00:00,600.31591796875,600.31591796875,600.31591796875,600.31591796875,600.31591796875,0
2024-05-30 18:43:00+00:00,600.4445190429688,600.4445190429688,600.4445190429688,600.4445190429688,600.4445190429688,154368
2024-05-30 18:44:00+00:00,600.4593505859375,600.4593505859375,600.4593505859375,600.4593505859375,600.4593505859375,228352
2024-05-30 18:45:00+00:00,600.562255859375,600.562255859375,600.562255859375,600.562255859375,600.562255859375,706944
2024-05-30 18:46:00+00:00,600.693603515625,600.693603515625,600.693603515625,600.693603515625,600.693603515625,566784
2024-05-30 18:47:00+00:00,600.727294921875,600.727294921875,600.727294921875,600.727294921875,600.727294921875,3890560
2024-05-30 18:48:00+00:00,600.7510375976562,600.7510375976562,600.7510375976562,600.7510375976562,600.7510375976562,318464
2024-05-30 18:49:00+00:00,600.5143432617188,600.5143432617188,600.5143432617188,600.5143432617188,600.5143432617188,55808
2024-05-30 18:51:00+00:00,600.42431640625,600.42431640625,600.42431640625,600.42431640625,600.42431640625,0
2024-05-30 18:52:00+00:00,600.3277587890625,600.3277587890625,600.3277587890625,600.3277587890625,600.3277587890625,0
2024-05-30 18:53:00+00:00,600.4411010742188,600.4411010742188,600.4411010742188,600.4411010742188,600.4411010742188,0
2024-05-30 18:54:00+00:00,600.3948974609375,600.3948974609375,600.3948974609375,600.3948974609375,600.3948974609375,0
2024-05-30 18:55:00+00:00,600.321533203125,600.321533203125,600.321533203125,600.321533203125,600.321533203125,0
2024-05-30 18:56:00+00:00,600.355712890625,600.355712890625,600.355712890625,600.355712890625,600.355712890625,672768
2024-05-30 18:57:00+00:00,600.3578491210938,600.3578491210938,600.3578491210938,600.3578491210938,600.3578491210938,0
2024-05-30 18:58:00+00:00,600.365966796875,600.365966796875,600.365966796875,600.365966796875,600.365966796875,151040
2024-05-30 18:59:00+00:00,600.3284912109375,600.3284912109375,600.3284912109375,600.3284912109375,600.3284912109375,2352384
2024-05-30 19:00:00+00:00,600.2214965820312,600.2214965820312,600.2214965820312,600.2214965820312,600.2214965820312,0
2024-05-30 19:01:00+00:00,599.9634399414062,599.9634399414062,599.9634399414062,599.9634399414062,599.9634399414062,0
2024-05-30 19:03:00+00:00,599.9356689453125,599.9356689453125,599.9356689453125,599.9356689453125,599.9356689453125,0
2024-05-30 19:04:00+00:00,599.6072387695312,599.6072387695312,599.6072387695312,599.6072387695312,599.6072387695312,80256
2024-05-30 19:05:00+00:00,599.5467529296875,599.5467529296875,599.5467529296875,599.5467529296875,599.5467529296875,0
2024-05-30 19:06:00+00:00,599.6454467773438,599.6454467773438,599.6454467773438,599.6454467773438,599.6454467773438,0
2024-05-30 19:07:00+00:00,599.8017578125,599.8017578125,599.8017578125,599.8017578125,599.8017578125,0
2024-05-30 19:08:00+00:00,599.66015625,599.66015625,599.66015625,599.66015625,599.66015625,0
2024-05-30 19:09:00+00:00,599.7521362304688,599.7521362304688,599.7521362304688,599.7521362304688,599.7521362304688,0
2024-05-30 19:10:00+00:00,599.8177490234375,599.8177490234375,599.8177490234375,599.8177490234375,599.8177490234375,0
2024-05-30 19:11:00+00:00,599.8126220703125,599.8126220703125,599.8126220703125,599.8126220703125,599.8126220703125,513024
2024-05-30 19:12:00+00:00,599.8017578125,599.8017578125,599.8017578125,599.8017578125,599.8017578125,15616
2024-05-30 19:13:00+00:00,599.8017578125,599.8017578125,599.8017578125,599.8017578125,599.8017578125,0
2024-05-30 19:15:00+00:00,599.8486938476562,599.8486938476562,599.8486938476562,599.8486938476562,599.8486938476562,0
2024-05-30 19:16:00+00:00,599.8495483398438,599.8495483398438,599.8495483398438,599.8495483398438,599.8495483398438,8192
2024-05-30 19:17:00+00:00,599.7473754882812,599.7473754882812,599.7473754882812,599.7473754882812,599.7473754882812,1736960
2024-05-30 19:18:00+00:00,599.5934448242188,599.5934448242188,599.5934448242188,599.5934448242188,599.5934448242188,301312
2024-05-30 19:19:00+00:00,599.5914916992188,599.5914916992188,599.5914916992188,599.5914916992188,599.5914916992188,0
2024-05-30 19:20:00+00:00,599.581298828125,599.581298828125,599.581298828125,599.581298828125,599.581298828125,738944
2024-05-30 19:21:00+00:00,599.5955810546875,599.5955810546875,599.5955810546875,599.5955810546875,599.5955810546875,0
2024-05-30 19:22:00+00:00,599.7424926757812,599.7424926757812,599.7424926757812,599.7424926757812,599.7424926757812,0
2024-05-30 19:23:00+00:00,599.7327270507812,599.7327270507812,599.7327270507812,599.7327270507812,599.7327270507812,901888
2024-05-30 19:24:00+00:00,599.737060546875,599.737060546875,599.737060546875,599.737060546875,599.737060546875,258816
2024-05-30 19:25:00+00:00,599.7239990234375,599.7239990234375,599.7239990234375,599.7239990234375,599.7239990234375,0
2024-05-30 19:27:00+00:00,599.5790405273438,599.5790405273438,599.5790405273438,599.5790405273438,599.5790405273438,0
2024-05-30 19:28:00+00:00,599.2379150390625,599.2379150390625,599.2379150390625,599.2379150390625,599.2379150390625,0
2024-05-30 19:29:00+00:00,598.97900390625,598.97900390625,598.97900390625,598.97900390625,598.97900390625,699392
2024-05-30 19:30:00+00:00,599.0349731445312,599.0349731445312,599.0349731445312,599.0349731445312,599.0349731445312,0
2024-05-30 19:31:00+00:00,598.9434204101562,598.9434204101562,598.9434204101562,598.9434204101562,598.9434204101562,0
2024-05-30 19:32:00+00:00,598.92333984375,598.92333984375,598.92333984375,598.92333984375,598.92333984375,0
2024-05-30 19:33:00+00:00,599.0023803710938,599.0023803710938,599.0023803710938,599.0023803710938,599.0023803710938,0
2024-05-30 19:34:00+00:00,599.4068603515625,599.4068603515625,599.4068603515625,599.4068603515625,599.4068603515625,0
2024-05-30 19:35:00+00:00,599.340576171875,599.340576171875,599.340576171875,599.340576171875,599.340576171875,553344
2024-05-30 19:36:00+00:00,599.3123168945312,599.3123168945312,599.3123168945312,599.3123168945312,599.3123168945312,0
2024-05-30 19:37:00+00:00,598.78271484375,598.78271484375,598.78271484375,598.78271484375,598.78271484375,0
2024-05-30 19:39:00+00:00,598.08935546875,598.08935546875,598.08935546875,598.08935546875,598.08935546875,0
2024-05-30 19:40:00+00:00,597.5067749023438,597.5067749023438,597.5067749023438,597.5067749023438,597.5067749023438,0
2024-05-30 19:41:00+00:00,597.7076416015625,597.7076416015625,597.7076416015625,597.7076416015625,597.7076416015625,1573248
2024-05-30 19:42:00+00:00,597.5379028320312,597.5379028320312,597.5379028320312,597.5379028320312,597.5379028320312,0
2024-05-30 19:43:00+00:00,597.2034301757812,597.2034301757812,597.2034301757812,597.2034301757812,597.2034301757812,217088
2024-05-30 19:44:00+00:00,597.2777709960938,597.2777709960938,597.2777709960938,597.2777709960938,597.2777709960938,646400
2024-05-30 19:45:00+00:00,597.3876342773438,597.3876342773438,597.3876342773438,597.3876342773438,597.3876342773438,0
2024-05-30 19:46:00+00:00,597.3194580078125,597.3194580078125,597.3194580078125,597.3194580078125,597.3194580078125,2432
2024-05-30 19:47:00+00:00,597.376708984375,597.376708984375,597.376708984375,597.376708984375,597.376708984375,2513664
2024-05-30 19:48:00+00:00,597.5711669921875,597.5711669921875,597.5711669921875,597.5711669921875,597.5711669921875,0
2024-05-30 19:49:00+00:00,597.3525390625,597.3525390625,597.3525390625,597.3525390625,597.3525390625,0
2024-05-30 19:51:00+00:00,596.5326538085938,596.5326538085938,596.5326538085938,596.5326538085938,596.5326538085938,0
2024-05-30 19:52:00+00:00,596.0936279296875,596.0936279296875,596.0936279296875,596.0936279296875,596.0936279296875,10368
2024-05-30 19:53:00+00:00,596.356689453125,596.356689453125,596.356689453125,596.356689453125,596.356689453125,919552
2024-05-30 19:54:00+00:00,596.388916015625,596.388916015625,596.388916015625,596.388916015625,596.388916015625,0
2024-05-30 19:55:00+00:00,596.5894775390625,596.5894775390625,596.5894775390625,596.5894775390625,596.5894775390625,0
2024-05-30 19:56:00+00:00,596.7317504882812,596.7317504882812,596.7317504882812,596.7317504882812,596.7317504882812,850048
2024-05-30 19:57:00+00:00,596.7232055664062,596.7232055664062,596.7232055664062,596.7232055664062,596.7232055664062,0
2024-05-30 19:58:00+00:00,596.8924560546875,596.8924560546875,596.8924560546875,596.8924560546875,596.8924560546875,45568
2024-05-30 19:59:00+00:00,596.7938232421875,596.7938232421875,596.7938232421875,596.7938232421875,596.7938232421875,0
2024-05-30 20:00:00+00:00,596.8458862304688,596.8458862304688,596.8458862304688,596.8458862304688,596.8458862304688,528128
2024-05-30 20:01:00+00:00,596.7213745117188,596.7213745117188,596.7213745117188,596.7213745117188,596.7213745117188,35840
2024-05-30 20:03:00+00:00,596.6185302734375,596.6185302734375,596.6185302734375,596.6185302734375,596.6185302734375,185216
2024-05-30 20:04:00+00:00,594.9481201171875,594.9481201171875,594.9481201171875,594.9481201171875,594.9481201171875,850432
2024-05-30 20:05:00+00:00,594.8314208984375,594.8314208984375,594.8314208984375,594.8314208984375,594.8314208984375,2101504
2024-05-30 20:06:00+00:00,594.7977905273438,594.7977905273438,594.7977905273438,594.7977905273438,594.7977905273438,0
2024-05-30 20:07:00+00:00,593.8380126953125,593.8380126953125,593.8380126953125,593.8380126953125,593.8380126953125,288512
2024-05-30 20:08:00+00:00,593.5466918945312,593.5466918945312,593.5466918945312,593.5466918945312,593.5466918945312,0
2024-05-30 20:09:00+00:00,593.5533447265625,593.5533447265625,593.5533447265625,593.5533447265625,593.5533447265625,0
2024-05-30 20:10:00+00:00,593.3333129882812,593.3333129882812,593.3333129882812,593.3333129882812,593.3333129882812,2304
2024-05-30 20:11:00+00:00,592.8330688476562,592.8330688476562,592.8330688476562,592.8330688476562,592.8330688476562,2601472
2024-05-30 20:12:00+00:00,592.5821533203125,592.5821533203125,592.5821533203125,592.5821533203125,592.5821533203125,0
2024-05-30 20:13:00+00:00,591.84521484375,591.84521484375,591.84521484375,591.84521484375,591.84521484375,0
2024-05-30 20:15:00+00:00,592.1087646484375,592.1087646484375,592.1087646484375,592.1087646484375,592.1087646484375,0
2024-05-30 20:16:00+00:00,592.4986572265625,592.4986572265625,592.4986572265625,592.4986572265625,592.4986572265625,0
2024-05-30 20:17:00+00:00,591.9600830078125,591.9600830078125,591.9600830078125,591.9600830078125,591.9600830078125,1414912
2024-05-30 20:18:00+00:00,592.5433959960938,592.5433959960938,592.5433959960938,592.5433959960938,592.5433959960938,657920
2024-05-30 20:19:00+00:00,592.7041015625,592.7041015625,592.7041015625,592.7041015625,592.7041015625,0
2024-05-30 20:20:00+00:00,592.8175048828125,592.8175048828125,592.8175048828125,592.8175048828125,592.8175048828125,0
2024-05-30 20:21:00+00:00,592.9540405273438,592.9540405273438,592.9540405273438,592.9540405273438,592.9540405273438,1006592
2024-05-30 20:22:00+00:00,593.508544921875,593.508544921875,593.508544921875,593.508544921875,593.508544921875,0
2024-05-30 20:23:00+00:00,593.5070190429688,593.5070190429688,593.5070190429688,593.5070190429688,593.5070190429688,2381440
2024-05-30 20:24:00+00:00,593.5259399414062,593.5259399414062,593.5259399414062,593.5259399414062,593.5259399414062,477056
2024-05-30 20:25:00+00:00,594.1104736328125,594.1104736328125,594.1104736328125,594.1104736328125,594.1104736328125,0
2024-05-30 20:27:00+00:00,594.3463134765625,594.3463134765625,594.3463134765625,594.3463134765625,594.3463134765625,2687744
2024-05-30 20:28:00+00:00,595.0250854492188,595.0250854492188,595.0250854492188,595.0250854492188,595.0250854492188,0
2024-05-30 20:29:00+00:00,594.9672241210938,594.9672241210938,594.9672241210938,594.9672241210938,594.9672241210938,4225536
2024-05-30 20:30:00+00:00,594.9141235351562,594.9141235351562,594.9141235351562,594.9141235351562,594.9141235351562,1326592
2024-05-30 20:31:00+00:00,595.0975952148438,595.0975952148438,595.0975952148438,595.0975952148438,595.0975952148438,233856
2024-05-30 20:32:00+00:00,595.1486206054688,595.1486206054688,595.1486206054688,595.1486206054688,595.1486206054688,0
2024-05-30 20:33:00+00:00,595.1063232421875,595.1063232421875,595.1063232421875,595.1063232421875,595.1063232421875,466048
2024-05-30 20:34:00+00:00,594.782470703125,594.782470703125,594.782470703125,594.782470703125,594.782470703125,0
2024-05-30 20:35:00+00:00,594.7904052734375,594.7904052734375,594.7904052734375,594.7904052734375,594.7904052734375,1030016
2024-05-30 20:36:00+00:00,594.6821899414062,594.6821899414062,594.6821899414062,594.6821899414062,594.6821899414062,812544
2024-05-30 20:37:00+00:00,594.4849853515625,594.4849853515625,594.4849853515625,594.4849853515625,594.4849853515625,57344
2024-05-30 20:39:00+00:00,594.666259765625,594.666259765625,594.666259765625,594.666259765625,594.666259765625,0
2024-05-30 20:40:00+00:00,594.712646484375,594.712646484375,594.712646484375,594.712646484375,594.712646484375,339456
2024-05-30 20:41:00+00:00,594.8115234375,594.8115234375,594.8115234375,594.8115234375,594.8115234375,1924352
2024-05-30 20:42:00+00:00,594.8970336914062,594.8970336914062,594.8970336914062,594.8970336914062,594.8970336914062,0
2024-05-30 20:43:00+00:00,595.0443725585938,595.0443725585938,595.0443725585938,595.0443725585938,595.0443725585938,0
2024-05-30 20:44:00+00:00,594.9851684570312,594.9851684570312,594.9851684570312,594.9851684570312,594.9851684570312,0
2024-05-30 20:45:00+00:00,595.03271484375,595.03271484375,595.03271484375,595.03271484375,595.03271484375,252544
2024-05-30 20:46:00+00:00,594.9702758789062,594.9702758789062,594.9702758789062,594.9702758789062,594.9702758789062,0
2024-05-30 20:47:00+00:00,594.9824829101562,594.9824829101562,594.9824829101562,594.9824829101562,594.9824829101562,771072
2024-05-30 20:48:00+00:00,594.6929931640625,594.6929931640625,594.6929931640625,594.6929931640625,594.6929931640625,238080
2024-05-30 20:49:00+00:00,594.7628784179688,594.7628784179688,594.7628784179688,594.7628784179688,594.7628784179688,94720
2024-05-30 20:51:00+00:00,594.622802734375,594.622802734375,594.622802734375,594.622802734375,594.622802734375,1617664
2024-05-30 20:52:00+00:00,594.602294921875,594.602294921875,594.602294921875,594.602294921875,594.602294921875,0
2024-05-30 20:53:00+00:00,594.4990844726562,594.4990844726562,594.4990844726562,594.4990844726562,594.4990844726562,0
2024-05-30 20:54:00+00:00,594.5147705078125,594.5147705078125,594.5147705078125,594.5147705078125,594.5147705078125,0
2024-05-30 20:55:00+00:00,594.4560546875,594.4560546875,594.4560546875,594.4560546875,594.4560546875,9984
2024-05-30 20:56:00+00:00,594.370849609375,594.370849609375,594.370849609375,594.370849609375,594.370849609375,822656
2024-05-30 20:57:00+00:00,594.3222045898438,594.3222045898438,594.3222045898438,594.3222045898438,594.3222045898438,0
2024-05-30 20:58:00+00:00,594.1741333007812,594.1741333007812,594.1741333007812,594.1741333007812,594.1741333007812,33152
2024-05-30 20:59:00+00:00,594.1309204101562,594.1309204101562,594.1309204101562,594.1309204101562,594.1309204101562,0
2024-05-30 21:00:00+00:00,594.0702514648438,594.0702514648438,594.0702514648438,594.0702514648438,594.0702514648438,0
2024-05-30 21:01:00+00:00,593.9815063476562,593.9815063476562,593.9815063476562,593.9815063476562,593.9815063476562,0
2024-05-30 21:03:00+00:00,594.1112060546875,594.1112060546875,594.1112060546875,594.1112060546875,594.1112060546875,0
2024-05-30 21:04:00+00:00,594.097900390625,594.097900390625,594.097900390625,594.097900390625,594.097900390625,0
2024-05-30 21:05:00+00:00,594.1210327148438,594.1210327148438,594.1210327148438,594.1210327148438,594.1210327148438,0
2024-05-30 21:06:00+00:00,594.0626220703125,594.0626220703125,594.0626220703125,594.0626220703125,594.0626220703125,56576
2024-05-30 21:07:00+00:00,593.8043212890625,593.8043212890625,593.8043212890625,593.8043212890625,593.8043212890625,32384
2024-05-30 21:08:00+00:00,593.7845458984375,593.7845458984375,593.7845458984375,593.7845458984375,593.7845458984375,0
2024-05-30 21:09:00+00:00,593.890625,593.890625,593.890625,593.890625,593.890625,0
2024-05-30 21:10:00+00:00,593.9356079101562,593.9356079101562,593.9356079101562,593.9356079101562,593.9356079101562,0
2024-05-30 21:11:00+00:00,594.0921630859375,594.0921630859375,594.0921630859375,594.0921630859375,594.0921630859375,83968
2024-05-30 21:12:00+00:00,593.8220825195312,593.8220825195312,593.8220825195312,593.8220825195312,593.8220825195312,0
2024-05-30 21:13:00+00:00,593.8408203125,593.8408203125,593.8408203125,593.8408203125,593.8408203125,190464
2024-05-30 21:15:00+00:00,593.6661987304688,593.6661987304688,593.6661987304688,593.6661987304688,593.6661987304688,2279424
2024-05-30 21:16:00+00:00,593.3177490234375,593.3177490234375,593.3177490234375,593.3177490234375,593.3177490234375,288512
2024-05-30 21:17:00+00:00,593.5869140625,593.5869140625,593.5869140625,593.5869140625,593.5869140625,124544
2024-05-30 21:18:00+00:00,593.5755615234375,593.5755615234375,593.5755615234375,593.5755615234375,593.5755615234375,0
2024-05-30 21:19:00+00:00,593.607177734375,593.607177734375,593.607177734375,593.607177734375,593.607177734375,1536
2024-05-30 21:20:00+00:00,593.7572631835938,593.7572631835938,593.7572631835938,593.7572631835938,593.7572631835938,0
2024-05-30 21:21:00+00:00,593.66064453125,593.66064453125,593.66064453125,593.66064453125,593.66064453125,0
2024-05-30 21:22:00+00:00,593.9353637695312,593.9353637695312,593.9353637695312,593.9353637695312,593.9353637695312,188672
2024-05-30 21:23:00+00:00,593.9837036132812,593.9837036132812,593.9837036132812,593.9837036132812,593.9837036132812,579200
2024-05-30 21:24:00+00:00,593.9827270507812,593.9827270507812,593.9827270507812,593.9827270507812,593.9827270507812,72320
2024-05-30 21:25:00+00:00,593.8240966796875,593.8240966796875,593.8240966796875,593.8240966796875,593.8240966796875,0
2024-05-30 21:27:00+00:00,593.9276123046875,593.9276123046875,593.9276123046875,593.9276123046875,593.9276123046875,3195648
2024-05-30 21:28:00+00:00,594.02978515625,594.02978515625,594.02978515625,594.02978515625,594.02978515625,0
2024-05-30 21:29:00+00:00,594.1033935546875,594.1033935546875,594.1033935546875,594.1033935546875,594.1033935546875,0
2024-05-30 21:30:00+00:00,594.2503051757812,594.2503051757812,594.2503051757812,594.2503051757812,594.2503051757812,6528
2024-05-30 21:31:00+00:00,594.4133911132812,594.4133911132812,594.4133911132812,594.4133911132812,594.4133911132812,640
2024-05-30 21:32:00+00:00,594.4747924804688,594.4747924804688,594.4747924804688,594.4747924804688,594.4747924804688,0
2024-05-30 21:33:00+00:00,594.648193359375,594.648193359375,594.648193359375,594.648193359375,594.648193359375,425088
2024-05-30 21:34:00+00:00,595.2205200195312,595.2205200195312,595.2205200195312,595.2205200195312,595.2205200195312,0
2024-05-30 21:35:00+00:00,595.1799926757812,595.1799926757812,595.1799926757812,595.1799926757812,595.1799926757812,0
2024-05-30 21:36:00+00:00,595.100830078125,595.100830078125,595.100830078125,595.100830078125,595.100830078125,278784
2024-05-30 21:37:00+00:00,594.9454956054688,594.9454956054688,594.9454956054688,594.9454956054688,594.9454956054688,68096
2024-05-30 21:39:00+00:00,595.1369018554688,595.1369018554688,595.1369018554688,595.1369018554688,595.1369018554688,653952
2024-05-30 21:40:00+00:00,595.2315063476562,595.2315063476562,595.2315063476562,595.2315063476562,595.2315063476562,0
2024-05-30 21:41:00+00:00,595.1984252929688,595.1984252929688,595.1984252929688,595.1984252929688,595.1984252929688,21760
2024-05-30 21:42:00+00:00,595.1929321289062,595.1929321289062,595.1929321289062,595.1929321289062,595.1929321289062,594176
2024-05-30 21:43:00+00:00,595.2093505859375,595.2093505859375,595.2093505859375,595.2093505859375,595.2093505859375,0
2024-05-30 21:44:00+00:00,595.2045288085938,595.2045288085938,595.2045288085938,595.2045288085938,595.2045288085938,0
2024-05-30 21:45:00+00:00,595.2479858398438,595.2479858398438,595.2479858398438,595.2479858398438,595.2479858398438,37888
2024-05-30 21:46:00+00:00,595.17041015625,595.17041015625,595.17041015625,595.17041015625,595.17041015625,283136
2024-05-30 21:47:00+00:00,595.1642456054688,595.1642456054688,595.1642456054688,595.1642456054688,595.1642456054688,26880
2024-05-30 21:48:00+00:00,595.1637573242188,595.1637573242188,595.1637573242188,595.1637573242188,595.1637573242188,0
2024-05-30 21:49:00+00:00,595.1861572265625,595.1861572265625,595.1861572265625,595.1861572265625,595.1861572265625,164480
2024-05-30 21:51:00+00:00,595.1884155273438,595.1884155273438,595.1884155273438,595.1884155273438,595.1884155273438,1451648
2024-05-30 21:52:00+00:00,595.2546997070312,595.2546997070312,595.2546997070312,595.2546997070312,595.2546997070312,37120
2024-05-30 21:53:00+00:00,595.2786865234375,595.2786865234375,595.2786865234375,595.2786865234375,595.2786865234375,0
2024-05-30 21:54:00+00:00,595.4000244140625,595.4000244140625,595.4000244140625,595.4000244140625,595.4000244140625,0
2024-05-30 21:55:00+00:00,595.3818359375,595.3818359375,595.3818359375,595.3818359375,595.3818359375,20352
2024-05-30 21:56:00+00:00,595.3475341796875,595.3475341796875,595.3475341796875,595.3475341796875,595.3475341796875,0
2024-05-30 21:57:00+00:00,595.3244018554688,595.3244018554688,595.3244018554688,595.3244018554688,595.3244018554688,0
2024-05-30 21:58:00+00:00,595.2244262695312,595.2244262695312,595.2244262695312,595.2244262695312,595.2244262695312,0
2024-05-30 21:59:00+00:00,595.2145385742188,595.2145385742188,595.2145385742188,595.2145385742188,595.2145385742188,1462016
2024-05-30 22:00:00+00:00,595.1861572265625,595.1861572265625,595.1861572265625,595.1861572265625,595.1861572265625,0
2024-05-30 22:01:00+00:00,595.2286376953125,595.2286376953125,595.2286376953125,595.2286376953125,595.2286376953125,0
2024-05-30 22:03:00+00:00,595.183349609375,595.183349609375,595.183349609375,595.183349609375,595.183349609375,0
2024-05-30 22:04:00+00:00,595.2168579101562,595.2168579101562,595.2168579101562,595.2168579101562,595.2168579101562,0
2024-05-30 22:05:00+00:00,595.3640747070312,595.3640747070312,595.3640747070312,595.3640747070312,595.3640747070312,417792
2024-05-30 22:06:00+00:00,595.0986328125,595.0986328125,595.0986328125,595.0986328125,595.0986328125,278016
2024-05-30 22:07:00+00:00,594.8379516601562,594.8379516601562,594.8379516601562,594.8379516601562,594.8379516601562,339072
2024-05-30 22:08:00+00:00,595.0086669921875,595.0086669921875,595.0086669921875,595.0086669921875,595.0086669921875,679296
2024-05-30 22:09:00+00:00,594.9868774414062,594.9868774414062,594.9868774414062,594.9868774414062,594.9868774414062,496256
2024-05-30 22:10:00+00:00,594.9120483398438,594.9120483398438,594.9120483398438,594.9120483398438,594.9120483398438,256
2024-05-30 22:11:00+00:00,594.880615234375,594.880615234375,594.880615234375,594.880615234375,594.880615234375,371968
2024-05-30 22:12:00+00:00,594.9703369140625,594.9703369140625,594.9703369140625,594.9703369140625,594.9703369140625,0
2024-05-30 22:13:00+00:00,594.9390869140625,594.9390869140625,594.9390869140625,594.9390869140625,594.9390869140625,427136
2024-05-30 22:15:00+00:00,594.8953857421875,594.8953857421875,594.8953857421875,594.8953857421875,594.8953857421875,739072
2024-05-30 22:16:00+00:00,594.7189331054688,594.7189331054688,594.7189331054688,594.7189331054688,594.7189331054688,0
2024-05-30 22:17:00+00:00,594.6290283203125,594.6290283203125,594.6290283203125,594.6290283203125,594.6290283203125,593024
2024-05-30 22:18:00+00:00,594.55615234375,594.55615234375,594.55615234375,594.55615234375,594.55615234375,0
2024-05-30 22:19:00+00:00,594.6163940429688,594.6163940429688,594.6163940429688,594.6163940429688,594.6163940429688,0
2024-05-30 22:20:00+00:00,594.61083984375,594.61083984375,594.61083984375,594.61083984375,594.61083984375,0
2024-05-30 22:21:00+00:00,594.5623168945312,594.5623168945312,594.5623168945312,594.5623168945312,594.5623168945312,47488
2024-05-30 22:22:00+00:00,594.5750732421875,594.5750732421875,594.5750732421875,594.5750732421875,594.5750732421875,0
2024-05-30 22:23:00+00:00,594.5420532226562,594.5420532226562,594.5420532226562,594.5420532226562,594.5420532226562,0
2024-05-30 22:24:00+00:00,594.5671997070312,594.5671997070312,594.5671997070312,594.5671997070312,594.5671997070312,0
2024-05-30 22:25:00+00:00,594.73681640625,594.73681640625,594.73681640625,594.73681640625,594.73681640625,0
2024-05-30 22:27:00+00:00,594.7389526367188,594.7389526367188,594.7389526367188,594.7389526367188,594.7389526367188,0
2024-05-30 22:28:00+00:00,594.9638061523438,594.9638061523438,594.9638061523438,594.9638061523438,594.9638061523438,0
2024-05-30 22:29:00+00:00,594.97119140625,594.97119140625,594.97119140625,594.97119140625,594.97119140625,108288
2024-05-30 22:30:00+00:00,594.9530639648438,594.9530639648438,594.9530639648438,594.9530639648438,594.9530639648438,0
2024-05-30 22:31:00+00:00,594.8746337890625,594.8746337890625,594.8746337890625,594.8746337890625,594.8746337890625,0
2024-05-30 22:32:00+00:00,594.99169921875,594.99169921875,594.99169921875,594.99169921875,594.99169921875,0
2024-05-30 22:33:00+00:00,595.0438232421875,595.0438232421875,595.0438232421875,595.0438232421875,595.0438232421875,3958912
2024-05-30 22:34:00+00:00,595.1285400390625,595.1285400390625,595.1285400390625,595.1285400390625,595.1285400390625,248960
2024-05-30 22:35:00+00:00,595.1363525390625,595.1363525390625,595.1363525390625,595.1363525390625,595.1363525390625,262912
2024-05-30 22:36:00+00:00,595.1320190429688,595.1320190429688,595.1320190429688,595.1320190429688,595.1320190429688,0
2024-05-30 22:37:00+00:00,595.0066528320312,595.0066528320312,595.0066528320312,595.0066528320312,595.0066528320312,81536
2024-05-30 22:39:00+00:00,595.0530395507812,595.0530395507812,595.0530395507812,595.0530395507812,595.0530395507812,0
2024-05-30 22:40:00+00:00,595.0230102539062,595.0230102539062,595.0230102539062,595.0230102539062,595.0230102539062,9344
2024-05-30 22:41:00+00:00,595.0092163085938,595.0092163085938,595.0092163085938,595.0092163085938,595.0092163085938,0
2024-05-30 22:42:00+00:00,595.1170043945312,595.1170043945312,595.1170043945312,595.1170043945312,595.1170043945312,0
2024-05-30 22:43:00+00:00,595.22216796875,595.22216796875,595.22216796875,595.22216796875,595.22216796875,0
2024-05-30 22:44:00+00:00,595.226318359375,595.226318359375,595.226318359375,595.226318359375,595.226318359375,1789696
2024-05-30 22:45:00+00:00,595.1348876953125,595.1348876953125,595.1348876953125,595.1348876953125,595.1348876953125,0
2024-05-30 22:46:00+00:00,595.118408203125,595.118408203125,595.118408203125,595.118408203125,595.118408203125,0
2024-05-30 22:47:00+00:00,595.2108154296875,595.2108154296875,595.2108154296875,595.2108154296875,595.2108154296875,887168
2024-05-30 22:48:00+00:00,595.2236938476562,595.2236938476562,595.2236938476562,595.2236938476562,595.2236938476562,271360
2024-05-30 22:49:00+00:00,595.2337036132812,595.2337036132812,595.2337036132812,595.2337036132812,595.2337036132812,0
2024-05-30 22:51:00+00:00,595.1514892578125,595.1514892578125,595.1514892578125,595.1514892578125,595.1514892578125,0
2024-05-30 22:52:00+00:00,595.0562133789062,595.0562133789062,595.0562133789062,595.0562133789062,595.0562133789062,0
2024-05-30 22:53:00+00:00,595.115234375,595.115234375,595.115234375,595.115234375,595.115234375,758912
2024-05-30 22:54:00+00:00,595.0806274414062,595.0806274414062,595.0806274414062,595.0806274414062,595.0806274414062,0
2024-05-30 22:55:00+00:00,594.9990844726562,594.9990844726562,594.9990844726562,594.9990844726562,594.9990844726562,0
2024-05-30 22:56:00+00:00,594.9987182617188,594.9987182617188,594.9987182617188,594.9987182617188,594.9987182617188,0
2024-05-30 22:57:00+00:00,595.01171875,595.01171875,595.01171875,595.01171875,595.01171875,0
2024-05-30 22:58:00+00:00,594.9647216796875,594.9647216796875,594.9647216796875,594.9647216796875,594.9647216796875,0
2024-05-30 22:59:00+00:00,594.9552001953125,594.9552001953125,594.9552001953125,594.9552001953125,594.9552001953125,708736
2024-05-30 23:00:00+00:00,594.9594116210938,594.9594116210938,594.9594116210938,594.9594116210938,594.9594116210938,0
2024-05-30 23:01:00+00:00,594.924072265625,594.924072265625,594.924072265625,594.924072265625,594.924072265625,0
2024-05-30 23:03:00+00:00,594.9447021484375,594.9447021484375,594.9447021484375,594.9447021484375,594.9447021484375,0
2024-05-30 23:04:00+00:00,594.87109375,594.87109375,594.87109375,594.87109375,594.87109375,0
2024-05-30 23:05:00+00:00,594.8598022460938,594.8598022460938,594.8598022460938,594.8598022460938,594.8598022460938,0
2024-05-30 23:06:00+00:00,594.707275390625,594.707275390625,594.707275390625,594.707275390625,594.707275390625,17280
2024-05-30 23:07:00+00:00,594.7255249023438,594.7255249023438,594.7255249023438,594.7255249023438,594.7255249023438,0
2024-05-30 23:08:00+00:00,594.8547973632812,594.8547973632812,594.8547973632812,594.8547973632812,594.8547973632812,736384
2024-05-30 23:10:00+00:00,595.11669921875,595.11669921875,595.11669921875,595.11669921875,595.11669921875,0
2024-05-30 23:11:00+00:00,595.1151733398438,595.1151733398438,595.1151733398438,595.1151733398438,595.1151733398438,110464
2024-05-30 23:12:00+00:00,595.1068115234375,595.1068115234375,595.1068115234375,595.1068115234375,595.1068115234375,1836672
2024-05-30 23:13:00+00:00,595.2487182617188,595.2487182617188,595.2487182617188,595.2487182617188,595.2487182617188,896
2024-05-30 23:15:00+00:00,595.2128295898438,595.2128295898438,595.2128295898438,595.2128295898438,595.2128295898438,0
2024-05-30 23:16:00+00:00,595.2105712890625,595.2105712890625,595.2105712890625,595.2105712890625,595.2105712890625,0
2024-05-30 23:17:00+00:00,595.1819458007812,595.1819458007812,595.1819458007812,595.1819458007812,595.1819458007812,0
2024-05-30 23:18:00+00:00,595.17578125,595.17578125,595.17578125,595.17578125,595.17578125,0
2024-05-30 23:19:00+00:00,595.0965576171875,595.0965576171875,595.0965576171875,595.0965576171875,595.0965576171875,0
2024-05-30 23:20:00+00:00,595.107177734375,595.107177734375,595.107177734375,595.107177734375,595.107177734375,369152
2024-05-30 23:21:00+00:00,595.1127319335938,595.1127319335938,595.1127319335938,595.1127319335938,595.1127319335938,23424
2024-05-30 23:22:00+00:00,595.23046875,595.23046875,595.23046875,595.23046875,595.23046875,0
2024-05-30 23:23:00+00:00,595.2470092773438,595.2470092773438,595.2470092773438,595.2470092773438,595.2470092773438,1911680
2024-05-30 23:24:00+00:00,595.2408447265625,595.2408447265625,595.2408447265625,595.2408447265625,595.2408447265625,36480
2024-05-30 23:25:00+00:00,595.4317016601562,595.4317016601562,595.4317016601562,595.4317016601562,595.4317016601562,12544
2024-05-30 23:27:00+00:00,595.4261474609375,595.4261474609375,595.4261474609375,595.4261474609375,595.4261474609375,598272
2024-05-30 23:28:00+00:00,595.4252319335938,595.4252319335938,595.4252319335938,595.4252319335938,595.4252319335938,0
2024-05-30 23:29:00+00:00,595.4635620117188,595.4635620117188,595.4635620117188,595.4635620117188,595.4635620117188,0
2024-05-30 23:30:00+00:00,595.4290771484375,595.4290771484375,595.4290771484375,595.4290771484375,595.4290771484375,0
2024-05-30 23:31:00+00:00,595.4389038085938,595.4389038085938,595.4389038085938,595.4389038085938,595.4389038085938,0
2024-05-30 23:32:00+00:00,595.4575805664062,595.4575805664062,595.4575805664062,595.4575805664062,595.4575805664062,0
2024-05-30 23:33:00+00:00,595.4288330078125,595.4288330078125,595.4288330078125,595.4288330078125,595.4288330078125,105728
2024-05-30 23:34:00+00:00,595.4270629882812,595.4270629882812,595.4270629882812,595.4270629882812,595.4270629882812,0
2024-05-30 23:35:00+00:00,595.45361328125,595.45361328125,595.45361328125,595.45361328125,595.45361328125,0
2024-05-30 23:36:00+00:00,595.3784790039062,595.3784790039062,595.3784790039062,595.3784790039062,595.3784790039062,0
2024-05-30 23:37:00+00:00,595.3941650390625,595.3941650390625,595.3941650390625,595.3941650390625,595.3941650390625,0
2024-05-30 23:39:00+00:00,595.28125,595.28125,595.28125,595.28125,595.28125,0
2024-05-30 23:40:00+00:00,595.136962890625,595.136962890625,595.136962890625,595.136962890625,595.136962890625,0
2024-05-30 23:41:00+00:00,595.1170043945312,595.1170043945312,595.1170043945312,595.1170043945312,595.1170043945312,0
2024-05-30 23:42:00+00:00,595.1080932617188,595.1080932617188,595.1080932617188,595.1080932617188,595.1080932617188,118400
2024-05-30 23:43:00+00:00,594.97119140625,594.97119140625,594.97119140625,594.97119140625,594.97119140625,0
2024-05-30 23:44:00+00:00,594.957275390625,594.957275390625,594.957275390625,594.957275390625,594.957275390625,0
2024-05-30 23:45:00+00:00,594.968994140625,594.968994140625,594.968994140625,594.968994140625,594.968994140625,0
2024-05-30 23:46:00+00:00,594.9845581054688,594.9845581054688,594.9845581054688,594.9845581054688,594.9845581054688,0
2024-05-30 23:47:00+00:00,594.9262084960938,594.9262084960938,594.9262084960938,594.9262084960938,594.9262084960938,1064576
2024-05-30 23:48:00+00:00,594.9227294921875,594.9227294921875,594.9227294921875,594.9227294921875,594.9227294921875,0
2024-05-30 23:49:00+00:00,594.8824462890625,594.8824462890625,594.8824462890625,594.8824462890625,594.8824462890625,0
2024-05-30 23:51:00+00:00,594.9231567382812,594.9231567382812,594.9231567382812,594.9231567382812,594.9231567382812,0
2024-05-30 23:52:00+00:00,594.937744140625,594.937744140625,594.937744140625,594.937744140625,594.937744140625,0
2024-05-30 23:53:00+00:00,594.9313354492188,594.9313354492188,594.9313354492188,594.9313354492188,594.9313354492188,305024
2024-05-30 23:54:00+00:00,594.964111328125,594.964111328125,594.964111328125,594.964111328125,594.964111328125,0
2024-05-30 23:55:00+00:00,595.0795288085938,595.0795288085938,595.0795288085938,595.0795288085938,595.0795288085938,0
2024-05-30 23:56:00+00:00,595.0540161132812,595.0540161132812,595.0540161132812,595.0540161132812,595.0540161132812,0
2024-05-30 23:57:00+00:00,595.07568359375,595.07568359375,595.07568359375,595.07568359375,595.07568359375,146432
2024-05-30 23:58:00+00:00,595.0780639648438,595.0780639648438,595.0780639648438,595.0780639648438,595.0780639648438,120704
