Date,Open,High,Low,Close,Adj Close,Volume
2024-05-09 00:00:00+00:00,61117.61328125,61117.61328125,61117.61328125,61117.61328125,61117.61328125,0
2024-05-09 00:04:00+00:00,61116.6484375,61116.6484375,61116.6484375,61116.6484375,61116.6484375,0
2024-05-09 00:10:00+00:00,61121.5625,61121.5625,61121.5625,61121.5625,61121.5625,0
2024-05-09 00:15:00+00:00,61158.33984375,61158.33984375,61158.33984375,61158.33984375,61158.33984375,243920
2024-05-09 00:20:00+00:00,61163.875,61163.875,61163.875,61163.875,61163.875,0
2024-05-09 00:25:00+00:00,61175.76953125,61175.76953125,61175.76953125,61175.76953125,61175.76953125,0
2024-05-09 00:30:00+00:00,61208.97265625,61208.97265625,61208.97265625,61208.97265625,61208.97265625,0
2024-05-09 00:35:00+00:00,61231.734375,61231.734375,61231.734375,61231.734375,61231.734375,0
2024-05-09 00:40:00+00:00,61263.79296875,61263.79296875,61263.79296875,61263.79296875,61263.79296875,127296
2024-05-09 00:45:00+00:00,61308.90234375,61308.90234375,61308.90234375,61308.90234375,61308.90234375,0
2024-05-09 00:50:00+00:00,61316.7734375,61316.7734375,61316.7734375,61316.7734375,61316.7734375,0
2024-05-09 00:55:00+00:00,61337.55859375,61337.55859375,61337.55859375,61337.55859375,61337.55859375,0
2024-05-09 01:00:00+00:00,61348.02734375,61348.02734375,61348.02734375,61348.02734375,61348.02734375,0
2024-05-09 01:04:00+00:00,61357.6484375,61357.6484375,61357.6484375,61357.6484375,61357.6484375,0
2024-05-09 01:10:00+00:00,61390.06640625,61390.06640625,61390.06640625,61390.06640625,61390.06640625,317360
2024-05-09 01:15:00+00:00,61415.8515625,61415.8515625,61415.8515625,61415.8515625,61415.8515625,500080
2024-05-09 01:20:00+00:00,61418.8515625,61418.8515625,61418.8515625,61418.8515625,61418.8515625,25616
2024-05-09 01:25:00+00:00,61416.94921875,61416.94921875,61416.94921875,61416.94921875,61416.94921875,187584
2024-05-09 01:30:00+00:00,61430.91796875,61430.91796875,61430.91796875,61430.91796875,61430.91796875,0
2024-05-09 01:35:00+00:00,61432.2578125,61432.2578125,61432.2578125,61432.2578125,61432.2578125,0
2024-05-09 01:40:00+00:00,61426.19140625,61426.19140625,61426.19140625,61426.19140625,61426.19140625,73120
2024-05-09 01:45:00+00:00,61415.9453125,61415.9453125,61415.9453125,61415.9453125,61415.9453125,0
2024-05-09 01:50:00+00:00,61418.05859375,61418.05859375,61418.05859375,61418.05859375,61418.05859375,0
2024-05-09 01:55:00+00:00,61427.91796875,61427.91796875,61427.91796875,61427.91796875,61427.91796875,0
2024-05-09 02:00:00+00:00,61451.5859375,61451.5859375,61451.5859375,61451.5859375,61451.5859375,364512
2024-05-09 02:04:00+00:00,61457.3515625,61457.3515625,61457.3515625,61457.3515625,61457.3515625,0
2024-05-09 02:10:00+00:00,61457.57421875,61457.57421875,61457.57421875,61457.57421875,61457.57421875,0
2024-05-09 02:15:00+00:00,61443.03125,61443.03125,61443.03125,61443.03125,61443.03125,0
2024-05-09 02:20:00+00:00,61456.59765625,61456.59765625,61456.59765625,61456.59765625,61456.59765625,506928
2024-05-09 02:25:00+00:00,61462.9609375,61462.9609375,61462.9609375,61462.9609375,61462.9609375,102208
2024-05-09 02:30:00+00:00,61471.140625,61471.140625,61471.140625,61471.140625,61471.140625,0
2024-05-09 02:35:00+00:00,61490.37890625,61490.37890625,61490.37890625,61490.37890625,61490.37890625,199936
2024-05-09 02:40:00+00:00,61521.5390625,61521.5390625,61521.5390625,61521.5390625,61521.5390625,1494272
2024-05-09 02:45:00+00:00,61544.359375,61544.359375,61544.359375,61544.359375,61544.359375,643232
2024-05-09 02:50:00+00:00,61552.08203125,61552.08203125,61552.08203125,61552.08203125,61552.08203125,0
2024-05-09 02:55:00+00:00,61562.84765625,61562.84765625,61562.84765625,61562.84765625,61562.84765625,120720
2024-05-09 03:00:00+00:00,61573.48046875,61573.48046875,61573.48046875,61573.48046875,61573.48046875,482608
2024-05-09 03:04:00+00:00,61592.33203125,61592.33203125,61592.33203125,61592.33203125,61592.33203125,0
2024-05-09 03:10:00+00:00,61641.328125,61641.328125,61641.328125,61641.328125,61641.328125,438048
2024-05-09 03:15:00+00:00,61589.28515625,61589.28515625,61589.28515625,61589.28515625,61589.28515625,121792
2024-05-09 03:20:00+00:00,61534.6171875,61534.6171875,61534.6171875,61534.6171875,61534.6171875,381104
2024-05-09 03:25:00+00:00,61534.88671875,61534.88671875,61534.88671875,61534.88671875,61534.88671875,0
2024-05-09 03:30:00+00:00,61517.06640625,61517.06640625,61517.06640625,61517.06640625,61517.06640625,0
2024-05-09 03:35:00+00:00,61553.0859375,61553.0859375,61553.0859375,61553.0859375,61553.0859375,13264
2024-05-09 03:40:00+00:00,61583.26953125,61583.26953125,61583.26953125,61583.26953125,61583.26953125,0
2024-05-09 03:45:00+00:00,61591.5,61591.5,61591.5,61591.5,61591.5,0
2024-05-09 03:50:00+00:00,61590.84765625,61590.84765625,61590.84765625,61590.84765625,61590.84765625,0
2024-05-09 03:55:00+00:00,61624.77734375,61624.77734375,61624.77734375,61624.77734375,61624.77734375,0
2024-05-09 04:00:00+00:00,61620.1171875,61620.1171875,61620.1171875,61620.1171875,61620.1171875,55440
2024-05-09 04:05:00+00:00,61622.01171875,61622.01171875,61622.01171875,61622.01171875,61622.01171875,0
2024-05-09 04:10:00+00:00,61636.578125,61636.578125,61636.578125,61636.578125,61636.578125,0
2024-05-09 04:15:00+00:00,61633.78515625,61633.78515625,61633.78515625,61633.78515625,61633.78515625,378704
2024-05-09 04:20:00+00:00,61646.90625,61646.90625,61646.90625,61646.90625,61646.90625,119104
2024-05-09 04:25:00+00:00,61613.15625,61613.15625,61613.15625,61613.15625,61613.15625,0
2024-05-09 04:30:00+00:00,61589.61328125,61589.61328125,61589.61328125,61589.61328125,61589.61328125,0
2024-05-09 04:35:00+00:00,61541.4609375,61541.4609375,61541.4609375,61541.4609375,61541.4609375,479440
2024-05-09 04:40:00+00:00,61551.015625,61551.015625,61551.015625,61551.015625,61551.015625,0
2024-05-09 04:45:00+00:00,61544.64453125,61544.64453125,61544.64453125,61544.64453125,61544.64453125,0
2024-05-09 04:50:00+00:00,61544.75,61544.75,61544.75,61544.75,61544.75,0
2024-05-09 04:55:00+00:00,61541.9921875,61541.9921875,61541.9921875,61541.9921875,61541.9921875,0
2024-05-09 05:00:00+00:00,61540.6484375,61540.6484375,61540.6484375,61540.6484375,61540.6484375,0
2024-05-09 05:04:00+00:00,61534.4765625,61534.4765625,61534.4765625,61534.4765625,61534.4765625,0
2024-05-09 05:10:00+00:00,61532.74609375,61532.74609375,61532.74609375,61532.74609375,61532.74609375,0
2024-05-09 05:15:00+00:00,61543.3671875,61543.3671875,61543.3671875,61543.3671875,61543.3671875,0
2024-05-09 05:20:00+00:00,61542.55859375,61542.55859375,61542.55859375,61542.55859375,61542.55859375,0
2024-05-09 05:25:00+00:00,61599.98828125,61599.98828125,61599.98828125,61599.98828125,61599.98828125,199456
2024-05-09 05:30:00+00:00,61585.44140625,61585.44140625,61585.44140625,61585.44140625,61585.44140625,2500848
2024-05-09 05:35:00+00:00,61537.54296875,61537.54296875,61537.54296875,61537.54296875,61537.54296875,369712
2024-05-09 05:40:00+00:00,61536.1171875,61536.1171875,61536.1171875,61536.1171875,61536.1171875,0
2024-05-09 05:45:00+00:00,61550.50390625,61550.50390625,61550.50390625,61550.50390625,61550.50390625,605920
2024-05-09 05:50:00+00:00,61550.5,61550.5,61550.5,61550.5,61550.5,0
2024-05-09 05:55:00+00:00,61563.109375,61563.109375,61563.109375,61563.109375,61563.109375,54432
2024-05-09 06:00:00+00:00,61585.39453125,61585.39453125,61585.39453125,61585.39453125,61585.39453125,347968
2024-05-09 06:04:00+00:00,61585.23046875,61585.23046875,61585.23046875,61585.23046875,61585.23046875,0
2024-05-09 06:10:00+00:00,61623.171875,61623.171875,61623.171875,61623.171875,61623.171875,136256
2024-05-09 06:15:00+00:00,61646.703125,61646.703125,61646.703125,61646.703125,61646.703125,97552
2024-05-09 06:20:00+00:00,61631.26953125,61631.26953125,61631.26953125,61631.26953125,61631.26953125,0
2024-05-09 06:25:00+00:00,61630.83984375,61630.83984375,61630.83984375,61630.83984375,61630.83984375,0
2024-05-09 06:30:00+00:00,61634.59375,61634.59375,61634.59375,61634.59375,61634.59375,0
2024-05-09 06:35:00+00:00,61643.0703125,61643.0703125,61643.0703125,61643.0703125,61643.0703125,0
2024-05-09 06:40:00+00:00,61616.99609375,61616.99609375,61616.99609375,61616.99609375,61616.99609375,0
2024-05-09 06:45:00+00:00,61613.94140625,61613.94140625,61613.94140625,61613.94140625,61613.94140625,0
2024-05-09 06:50:00+00:00,61579.5859375,61579.5859375,61579.5859375,61579.5859375,61579.5859375,606096
2024-05-09 06:55:00+00:00,61582.76953125,61582.76953125,61582.76953125,61582.76953125,61582.76953125,0
2024-05-09 07:00:00+00:00,61588.171875,61588.171875,61588.171875,61588.171875,61588.171875,0
2024-05-09 07:05:00+00:00,61588.78125,61588.78125,61588.78125,61588.78125,61588.78125,45632
2024-05-09 07:10:00+00:00,61563.84765625,61563.84765625,61563.84765625,61563.84765625,61563.84765625,606176
2024-05-09 07:15:00+00:00,61549.89453125,61549.89453125,61549.89453125,61549.89453125,61549.89453125,0
2024-05-09 07:20:00+00:00,61540.7734375,61540.7734375,61540.7734375,61540.7734375,61540.7734375,168400
2024-05-09 07:25:00+00:00,61542.10546875,61542.10546875,61542.10546875,61542.10546875,61542.10546875,0
2024-05-09 07:30:00+00:00,61531.66015625,61531.66015625,61531.66015625,61531.66015625,61531.66015625,0
2024-05-09 07:35:00+00:00,61515.0546875,61515.0546875,61515.0546875,61515.0546875,61515.0546875,156992
2024-05-09 07:40:00+00:00,61461.83984375,61461.83984375,61461.83984375,61461.83984375,61461.83984375,410128
2024-05-09 07:45:00+00:00,61467.2109375,61467.2109375,61467.2109375,61467.2109375,61467.2109375,1239312
2024-05-09 07:50:00+00:00,61401.69140625,61401.69140625,61401.69140625,61401.69140625,61401.69140625,522000
2024-05-09 07:55:00+00:00,61361.40625,61361.40625,61361.40625,61361.40625,61361.40625,128064
2024-05-09 08:00:00+00:00,61360.015625,61360.015625,61360.015625,61360.015625,61360.015625,0
2024-05-09 08:05:00+00:00,61381.40234375,61381.40234375,61381.40234375,61381.40234375,61381.40234375,0
2024-05-09 08:10:00+00:00,61356.83984375,61356.83984375,61356.83984375,61356.83984375,61356.83984375,0
2024-05-09 08:15:00+00:00,61317.66015625,61317.66015625,61317.66015625,61317.66015625,61317.66015625,108384
2024-05-09 08:20:00+00:00,61347.63671875,61347.63671875,61347.63671875,61347.63671875,61347.63671875,0
2024-05-09 08:25:00+00:00,61365.296875,61365.296875,61365.296875,61365.296875,61365.296875,0
2024-05-09 08:30:00+00:00,61355.1171875,61355.1171875,61355.1171875,61355.1171875,61355.1171875,31424
2024-05-09 08:35:00+00:00,61340.46875,61340.46875,61340.46875,61340.46875,61340.46875,0
2024-05-09 08:40:00+00:00,61357.2421875,61357.2421875,61357.2421875,61357.2421875,61357.2421875,0
2024-05-09 08:45:00+00:00,61351.7578125,61351.7578125,61351.7578125,61351.7578125,61351.7578125,0
2024-05-09 08:50:00+00:00,61372.44921875,61372.44921875,61372.44921875,61372.44921875,61372.44921875,0
2024-05-09 08:55:00+00:00,61301.5390625,61301.5390625,61301.5390625,61301.5390625,61301.5390625,0
2024-05-09 09:00:00+00:00,61304.44921875,61304.44921875,61304.44921875,61304.44921875,61304.44921875,0
2024-05-09 09:05:00+00:00,61277.203125,61277.203125,61277.203125,61277.203125,61277.203125,0
2024-05-09 09:10:00+00:00,61274.49609375,61274.49609375,61274.49609375,61274.49609375,61274.49609375,0
2024-05-09 09:15:00+00:00,61259.1484375,61259.1484375,61259.1484375,61259.1484375,61259.1484375,43808
2024-05-09 09:20:00+00:00,61220.21484375,61220.21484375,61220.21484375,61220.21484375,61220.21484375,0
2024-05-09 09:25:00+00:00,61166.01171875,61166.01171875,61166.01171875,61166.01171875,61166.01171875,0
2024-05-09 09:30:00+00:00,61136.52734375,61136.52734375,61136.52734375,61136.52734375,61136.52734375,632416
2024-05-09 09:35:00+00:00,61109.171875,61109.171875,61109.171875,61109.171875,61109.171875,0
2024-05-09 09:40:00+00:00,61040.15234375,61040.15234375,61040.15234375,61040.15234375,61040.15234375,0
2024-05-09 09:45:00+00:00,61070.4140625,61070.4140625,61070.4140625,61070.4140625,61070.4140625,1021264
2024-05-09 09:50:00+00:00,61064.47265625,61064.47265625,61064.47265625,61064.47265625,61064.47265625,0
2024-05-09 09:55:00+00:00,61082.24609375,61082.24609375,61082.24609375,61082.24609375,61082.24609375,0
2024-05-09 10:00:00+00:00,61144.23046875,61144.23046875,61144.23046875,61144.23046875,61144.23046875,0
2024-05-09 10:05:00+00:00,61153.96484375,61153.96484375,61153.96484375,61153.96484375,61153.96484375,0
2024-05-09 10:10:00+00:00,61140.0546875,61140.0546875,61140.0546875,61140.0546875,61140.0546875,0
2024-05-09 10:15:00+00:00,61128.09375,61128.09375,61128.09375,61128.09375,61128.09375,0
2024-05-09 10:20:00+00:00,61060.7734375,61060.7734375,61060.7734375,61060.7734375,61060.7734375,0
2024-05-09 10:25:00+00:00,61044.67578125,61044.67578125,61044.67578125,61044.67578125,61044.67578125,0
2024-05-09 10:30:00+00:00,61033.7578125,61033.7578125,61033.7578125,61033.7578125,61033.7578125,0
2024-05-09 10:35:00+00:00,61033.7890625,61033.7890625,61033.7890625,61033.7890625,61033.7890625,12800
2024-05-09 10:40:00+00:00,61061.88671875,61061.88671875,61061.88671875,61061.88671875,61061.88671875,0
2024-05-09 10:45:00+00:00,61067.74609375,61067.74609375,61067.74609375,61067.74609375,61067.74609375,183616
2024-05-09 10:50:00+00:00,61085.1328125,61085.1328125,61085.1328125,61085.1328125,61085.1328125,224224
2024-05-09 10:55:00+00:00,61085.2578125,61085.2578125,61085.2578125,61085.2578125,61085.2578125,43440
2024-05-09 11:00:00+00:00,60974.20703125,60974.20703125,60974.20703125,60974.20703125,60974.20703125,258048
2024-05-09 11:05:00+00:00,60839.96484375,60839.96484375,60839.96484375,60839.96484375,60839.96484375,1517968
2024-05-09 11:10:00+00:00,60825.828125,60825.828125,60825.828125,60825.828125,60825.828125,2619008
2024-05-09 11:15:00+00:00,60857.91796875,60857.91796875,60857.91796875,60857.91796875,60857.91796875,0
2024-05-09 11:20:00+00:00,60887.3125,60887.3125,60887.3125,60887.3125,60887.3125,930032
2024-05-09 11:25:00+00:00,60902.55859375,60902.55859375,60902.55859375,60902.55859375,60902.55859375,334288
2024-05-09 11:30:00+00:00,60946.359375,60946.359375,60946.359375,60946.359375,60946.359375,70112
2024-05-09 11:35:00+00:00,60945.98828125,60945.98828125,60945.98828125,60945.98828125,60945.98828125,92896
2024-05-09 11:40:00+00:00,60979.21875,60979.21875,60979.21875,60979.21875,60979.21875,0
2024-05-09 11:45:00+00:00,61033.296875,61033.296875,61033.296875,61033.296875,61033.296875,0
2024-05-09 11:50:00+00:00,61076.5703125,61076.5703125,61076.5703125,61076.5703125,61076.5703125,531680
2024-05-09 11:55:00+00:00,61055.04296875,61055.04296875,61055.04296875,61055.04296875,61055.04296875,0
2024-05-09 12:00:00+00:00,61052.7265625,61052.7265625,61052.7265625,61052.7265625,61052.7265625,0
2024-05-09 12:05:00+00:00,61066.46875,61066.46875,61066.46875,61066.46875,61066.46875,0
2024-05-09 12:10:00+00:00,61089.40625,61089.40625,61089.40625,61089.40625,61089.40625,736
2024-05-09 12:15:00+00:00,61120.91015625,61120.91015625,61120.91015625,61120.91015625,61120.91015625,0
2024-05-09 12:20:00+00:00,61138.25390625,61138.25390625,61138.25390625,61138.25390625,61138.25390625,0
2024-05-09 12:25:00+00:00,61142.30078125,61142.30078125,61142.30078125,61142.30078125,61142.30078125,0
2024-05-09 12:30:00+00:00,61140.51953125,61140.51953125,61140.51953125,61140.51953125,61140.51953125,0
2024-05-09 12:35:00+00:00,61347.515625,61347.515625,61347.515625,61347.515625,61347.515625,2493264
2024-05-09 12:40:00+00:00,61314.828125,61314.828125,61314.828125,61314.828125,61314.828125,13040
2024-05-09 12:45:00+00:00,61363.35546875,61363.35546875,61363.35546875,61363.35546875,61363.35546875,292208
2024-05-09 12:50:00+00:00,61397.265625,61397.265625,61397.265625,61397.265625,61397.265625,0
2024-05-09 12:55:00+00:00,61409.77734375,61409.77734375,61409.77734375,61409.77734375,61409.77734375,0
2024-05-09 13:00:00+00:00,61447.46875,61447.46875,61447.46875,61447.46875,61447.46875,0
2024-05-09 13:05:00+00:00,61412.9609375,61412.9609375,61412.9609375,61412.9609375,61412.9609375,0
2024-05-09 13:10:00+00:00,61413.453125,61413.453125,61413.453125,61413.453125,61413.453125,146928
2024-05-09 13:15:00+00:00,61415.04296875,61415.04296875,61415.04296875,61415.04296875,61415.04296875,0
2024-05-09 13:20:00+00:00,61406.4296875,61406.4296875,61406.4296875,61406.4296875,61406.4296875,0
2024-05-09 13:25:00+00:00,61378.42578125,61378.42578125,61378.42578125,61378.42578125,61378.42578125,0
2024-05-09 13:30:00+00:00,61378.484375,61378.484375,61378.484375,61378.484375,61378.484375,0
2024-05-09 13:35:00+00:00,61350.44140625,61350.44140625,61350.44140625,61350.44140625,61350.44140625,182512
2024-05-09 13:40:00+00:00,61272.6015625,61272.6015625,61272.6015625,61272.6015625,61272.6015625,7264
2024-05-09 13:45:00+00:00,61161.01171875,61161.01171875,61161.01171875,61161.01171875,61161.01171875,492256
2024-05-09 13:50:00+00:00,61177.453125,61177.453125,61177.453125,61177.453125,61177.453125,173504
2024-05-09 13:55:00+00:00,61193.29296875,61193.29296875,61193.29296875,61193.29296875,61193.29296875,29408
2024-05-09 14:00:00+00:00,61192.58203125,61192.58203125,61192.58203125,61192.58203125,61192.58203125,2596928
2024-05-09 14:05:00+00:00,61234.16015625,61234.16015625,61234.16015625,61234.16015625,61234.16015625,0
2024-05-09 14:10:00+00:00,61292.93359375,61292.93359375,61292.93359375,61292.93359375,61292.93359375,283504
2024-05-09 14:14:00+00:00,61343.5703125,61343.5703125,61343.5703125,61343.5703125,61343.5703125,667648
2024-05-09 14:20:00+00:00,61272.19140625,61272.19140625,61272.19140625,61272.19140625,61272.19140625,99408
2024-05-09 14:25:00+00:00,61241.71484375,61241.71484375,61241.71484375,61241.71484375,61241.71484375,0
2024-05-09 14:30:00+00:00,61219.640625,61219.640625,61219.640625,61219.640625,61219.640625,0
2024-05-09 14:35:00+00:00,61288.41015625,61288.41015625,61288.41015625,61288.41015625,61288.41015625,1802176
2024-05-09 14:40:00+00:00,61344.421875,61344.421875,61344.421875,61344.421875,61344.421875,0
2024-05-09 14:45:00+00:00,61337.98828125,61337.98828125,61337.98828125,61337.98828125,61337.98828125,22512
2024-05-09 14:50:00+00:00,61347.52734375,61347.52734375,61347.52734375,61347.52734375,61347.52734375,0
2024-05-09 14:55:00+00:00,61345.3046875,61345.3046875,61345.3046875,61345.3046875,61345.3046875,0
2024-05-09 15:00:00+00:00,61382.87109375,61382.87109375,61382.87109375,61382.87109375,61382.87109375,252480
2024-05-09 15:05:00+00:00,61420.734375,61420.734375,61420.734375,61420.734375,61420.734375,642464
2024-05-09 15:10:00+00:00,61572.59765625,61572.59765625,61572.59765625,61572.59765625,61572.59765625,889472
2024-05-09 15:15:00+00:00,61676.56640625,61676.56640625,61676.56640625,61676.56640625,61676.56640625,1430304
2024-05-09 15:20:00+00:00,61636.05078125,61636.05078125,61636.05078125,61636.05078125,61636.05078125,0
2024-05-09 15:25:00+00:00,61679.95703125,61679.95703125,61679.95703125,61679.95703125,61679.95703125,0
2024-05-09 15:30:00+00:00,61967.4140625,61967.4140625,61967.4140625,61967.4140625,61967.4140625,1360576
2024-05-09 15:35:00+00:00,61979.28515625,61979.28515625,61979.28515625,61979.28515625,61979.28515625,1912208
2024-05-09 15:40:00+00:00,61973.234375,61973.234375,61973.234375,61973.234375,61973.234375,905200
2024-05-09 15:45:00+00:00,62023.125,62023.125,62023.125,62023.125,62023.125,0
2024-05-09 15:50:00+00:00,62000.16796875,62000.16796875,62000.16796875,62000.16796875,62000.16796875,966208
2024-05-09 15:55:00+00:00,61995.8828125,61995.8828125,61995.8828125,61995.8828125,61995.8828125,0
2024-05-09 16:00:00+00:00,62039.4453125,62039.4453125,62039.4453125,62039.4453125,62039.4453125,4360528
2024-05-09 16:05:00+00:00,62079.6015625,62079.6015625,62079.6015625,62079.6015625,62079.6015625,236176
2024-05-09 16:10:00+00:00,62229.109375,62229.109375,62229.109375,62229.109375,62229.109375,444256
2024-05-09 16:15:00+00:00,62292.26171875,62292.26171875,62292.26171875,62292.26171875,62292.26171875,1215200
2024-05-09 16:20:00+00:00,62324.01953125,62324.01953125,62324.01953125,62324.01953125,62324.01953125,1089776
2024-05-09 16:25:00+00:00,62438.4765625,62438.4765625,62438.4765625,62438.4765625,62438.4765625,0
2024-05-09 16:30:00+00:00,62439.296875,62439.296875,62439.296875,62439.296875,62439.296875,944976
2024-05-09 16:35:00+00:00,62380.80859375,62380.80859375,62380.80859375,62380.80859375,62380.80859375,318464
2024-05-09 16:40:00+00:00,62371.71484375,62371.71484375,62371.71484375,62371.71484375,62371.71484375,83440
2024-05-09 16:45:00+00:00,62363.10546875,62363.10546875,62363.10546875,62363.10546875,62363.10546875,292320
2024-05-09 16:50:00+00:00,62223.65625,62223.65625,62223.65625,62223.65625,62223.65625,361232
2024-05-09 16:55:00+00:00,62162.9296875,62162.9296875,62162.9296875,62162.9296875,62162.9296875,0
2024-05-09 17:00:00+00:00,62034.984375,62034.984375,62034.984375,62034.984375,62034.984375,973776
2024-05-09 17:05:00+00:00,61978.67578125,61978.67578125,61978.67578125,61978.67578125,61978.67578125,499072
2024-05-09 17:10:00+00:00,61990.54296875,61990.54296875,61990.54296875,61990.54296875,61990.54296875,0
2024-05-09 17:15:00+00:00,61972.26171875,61972.26171875,61972.26171875,61972.26171875,61972.26171875,0
2024-05-09 17:20:00+00:00,61944.26953125,61944.26953125,61944.26953125,61944.26953125,61944.26953125,0
2024-05-09 17:25:00+00:00,61907.29296875,61907.29296875,61907.29296875,61907.29296875,61907.29296875,376400
2024-05-09 17:30:00+00:00,61939.25390625,61939.25390625,61939.25390625,61939.25390625,61939.25390625,0
2024-05-09 17:35:00+00:00,61990.7890625,61990.7890625,61990.7890625,61990.7890625,61990.7890625,0
2024-05-09 17:40:00+00:00,61981.671875,61981.671875,61981.671875,61981.671875,61981.671875,0
2024-05-09 17:45:00+00:00,61982.4609375,61982.4609375,61982.4609375,61982.4609375,61982.4609375,0
2024-05-09 17:50:00+00:00,62059.328125,62059.328125,62059.328125,62059.328125,62059.328125,359248
2024-05-09 17:55:00+00:00,62062.41015625,62062.41015625,62062.41015625,62062.41015625,62062.41015625,0
2024-05-09 18:00:00+00:00,62014.2109375,62014.2109375,62014.2109375,62014.2109375,62014.2109375,0
2024-05-09 18:05:00+00:00,61976.28125,61976.28125,61976.28125,61976.28125,61976.28125,543232
2024-05-09 18:10:00+00:00,62010.06640625,62010.06640625,62010.06640625,62010.06640625,62010.06640625,1766464
2024-05-09 18:15:00+00:00,62037.23828125,62037.23828125,62037.23828125,62037.23828125,62037.23828125,4580112
2024-05-09 18:20:00+00:00,62072.96484375,62072.96484375,62072.96484375,62072.96484375,62072.96484375,61136
2024-05-09 18:25:00+00:00,62060.9609375,62060.9609375,62060.9609375,62060.9609375,62060.9609375,0
2024-05-09 18:30:00+00:00,62077.09765625,62077.09765625,62077.09765625,62077.09765625,62077.09765625,8640
2024-05-09 18:35:00+00:00,62076.625,62076.625,62076.625,62076.625,62076.625,112592
2024-05-09 18:40:00+00:00,62063.98046875,62063.98046875,62063.98046875,62063.98046875,62063.98046875,108416
2024-05-09 18:45:00+00:00,62056.6875,62056.6875,62056.6875,62056.6875,62056.6875,0
2024-05-09 18:50:00+00:00,62094.875,62094.875,62094.875,62094.875,62094.875,0
2024-05-09 18:55:00+00:00,62126.828125,62126.828125,62126.828125,62126.828125,62126.828125,78400
2024-05-09 19:00:00+00:00,62154.1171875,62154.1171875,62154.1171875,62154.1171875,62154.1171875,550032
2024-05-09 19:05:00+00:00,62183.109375,62183.109375,62183.109375,62183.109375,62183.109375,0
2024-05-09 19:10:00+00:00,62217.140625,62217.140625,62217.140625,62217.140625,62217.140625,427616
2024-05-09 19:15:00+00:00,62208.60546875,62208.60546875,62208.60546875,62208.60546875,62208.60546875,0
2024-05-09 19:20:00+00:00,62219.9296875,62219.9296875,62219.9296875,62219.9296875,62219.9296875,0
2024-05-09 19:25:00+00:00,62227.64453125,62227.64453125,62227.64453125,62227.64453125,62227.64453125,0
2024-05-09 19:30:00+00:00,62230.1328125,62230.1328125,62230.1328125,62230.1328125,62230.1328125,0
2024-05-09 19:35:00+00:00,62279.2265625,62279.2265625,62279.2265625,62279.2265625,62279.2265625,272256
2024-05-09 19:40:00+00:00,62278.2109375,62278.2109375,62278.2109375,62278.2109375,62278.2109375,640080
2024-05-09 19:45:00+00:00,62283.4453125,62283.4453125,62283.4453125,62283.4453125,62283.4453125,0
2024-05-09 19:50:00+00:00,62268.953125,62268.953125,62268.953125,62268.953125,62268.953125,0
2024-05-09 19:55:00+00:00,62366.50390625,62366.50390625,62366.50390625,62366.50390625,62366.50390625,67088
2024-05-09 20:00:00+00:00,62359.4609375,62359.4609375,62359.4609375,62359.4609375,62359.4609375,1445232
2024-05-09 20:05:00+00:00,62367.40625,62367.40625,62367.40625,62367.40625,62367.40625,0
2024-05-09 20:10:00+00:00,62435.60546875,62435.60546875,62435.60546875,62435.60546875,62435.60546875,29680
2024-05-09 20:15:00+00:00,62457.14453125,62457.14453125,62457.14453125,62457.14453125,62457.14453125,10400
2024-05-09 20:20:00+00:00,62411.87109375,62411.87109375,62411.87109375,62411.87109375,62411.87109375,0
2024-05-09 20:25:00+00:00,62410.22265625,62410.22265625,62410.22265625,62410.22265625,62410.22265625,0
2024-05-09 20:30:00+00:00,62398.06640625,62398.06640625,62398.06640625,62398.06640625,62398.06640625,0
2024-05-09 20:35:00+00:00,62383.48046875,62383.48046875,62383.48046875,62383.48046875,62383.48046875,0
2024-05-09 20:40:00+00:00,62431.46484375,62431.46484375,62431.46484375,62431.46484375,62431.46484375,0
2024-05-09 20:45:00+00:00,62420.14453125,62420.14453125,62420.14453125,62420.14453125,62420.14453125,0
2024-05-09 20:50:00+00:00,62432.0390625,62432.0390625,62432.0390625,62432.0390625,62432.0390625,0
2024-05-09 20:55:00+00:00,62460.44921875,62460.44921875,62460.44921875,62460.44921875,62460.44921875,0
2024-05-09 21:00:00+00:00,62486.88671875,62486.88671875,62486.88671875,62486.88671875,62486.88671875,0
2024-05-09 21:05:00+00:00,62549.12109375,62549.12109375,62549.12109375,62549.12109375,62549.12109375,0
2024-05-09 21:10:00+00:00,62617.57421875,62617.57421875,62617.57421875,62617.57421875,62617.57421875,0
2024-05-09 21:15:00+00:00,62625.6953125,62625.6953125,62625.6953125,62625.6953125,62625.6953125,210832
2024-05-09 21:20:00+00:00,62595.25390625,62595.25390625,62595.25390625,62595.25390625,62595.25390625,0
2024-05-09 21:25:00+00:00,62538.48046875,62538.48046875,62538.48046875,62538.48046875,62538.48046875,0
2024-05-09 21:30:00+00:00,62527.07421875,62527.07421875,62527.07421875,62527.07421875,62527.07421875,0
2024-05-09 21:35:00+00:00,62529.5625,62529.5625,62529.5625,62529.5625,62529.5625,0
2024-05-09 21:40:00+00:00,62500.359375,62500.359375,62500.359375,62500.359375,62500.359375,0
2024-05-09 21:45:00+00:00,62488.75,62488.75,62488.75,62488.75,62488.75,0
2024-05-09 21:50:00+00:00,62490.55859375,62490.55859375,62490.55859375,62490.55859375,62490.55859375,0
2024-05-09 21:55:00+00:00,62492.640625,62492.640625,62492.640625,62492.640625,62492.640625,0
2024-05-09 22:00:00+00:00,62503.8984375,62503.8984375,62503.8984375,62503.8984375,62503.8984375,0
2024-05-09 22:05:00+00:00,62489.2890625,62489.2890625,62489.2890625,62489.2890625,62489.2890625,0
2024-05-09 22:10:00+00:00,62508.2734375,62508.2734375,62508.2734375,62508.2734375,62508.2734375,0
2024-05-09 22:15:00+00:00,62529.515625,62529.515625,62529.515625,62529.515625,62529.515625,0
2024-05-09 22:20:00+00:00,62545.890625,62545.890625,62545.890625,62545.890625,62545.890625,0
2024-05-09 22:25:00+00:00,62561.296875,62561.296875,62561.296875,62561.296875,62561.296875,0
2024-05-09 22:30:00+00:00,62605.0078125,62605.0078125,62605.0078125,62605.0078125,62605.0078125,0
2024-05-09 22:35:00+00:00,62603.47265625,62603.47265625,62603.47265625,62603.47265625,62603.47265625,0
2024-05-09 22:40:00+00:00,62700.37890625,62700.37890625,62700.37890625,62700.37890625,62700.37890625,169168
2024-05-09 22:45:00+00:00,62744.71484375,62744.71484375,62744.71484375,62744.71484375,62744.71484375,262656
2024-05-09 22:50:00+00:00,62892.546875,62892.546875,62892.546875,62892.546875,62892.546875,3318592
2024-05-09 22:55:00+00:00,63022.97265625,63022.97265625,63022.97265625,63022.97265625,63022.97265625,1926064
2024-05-09 23:00:00+00:00,63028.01953125,63028.01953125,63028.01953125,63028.01953125,63028.01953125,2719280
2024-05-09 23:05:00+00:00,63055.55859375,63055.55859375,63055.55859375,63055.55859375,63055.55859375,0
2024-05-09 23:10:00+00:00,63023.73828125,63023.73828125,63023.73828125,63023.73828125,63023.73828125,0
2024-05-09 23:15:00+00:00,63056.859375,63056.859375,63056.859375,63056.859375,63056.859375,0
2024-05-09 23:20:00+00:00,63014.34375,63014.34375,63014.34375,63014.34375,63014.34375,620000
2024-05-09 23:25:00+00:00,62948.58203125,62948.58203125,62948.58203125,62948.58203125,62948.58203125,0
2024-05-09 23:30:00+00:00,62964.0078125,62964.0078125,62964.0078125,62964.0078125,62964.0078125,0
2024-05-09 23:35:00+00:00,62957.80078125,62957.80078125,62957.80078125,62957.80078125,62957.80078125,0
2024-05-09 23:40:00+00:00,62925.6953125,62925.6953125,62925.6953125,62925.6953125,62925.6953125,73296
2024-05-09 23:45:00+00:00,62928.92578125,62928.92578125,62928.92578125,62928.92578125,62928.92578125,0
2024-05-09 23:50:00+00:00,62960.2890625,62960.2890625,62960.2890625,62960.2890625,62960.2890625,0
2024-05-09 23:55:00+00:00,63047.30078125,63047.30078125,63047.30078125,63047.30078125,63047.30078125,0
