Date,Open,High,Low,Close,Adj Close,Volume
2024-03-01 09:30:00-05:00,14.529999732971191,14.579999923706055,14.46500015258789,14.520000457763672,14.520000457763672,1033224
2024-03-01 09:31:00-05:00,14.520000457763672,14.638699531555176,14.510000228881836,14.59000015258789,14.59000015258789,389481
2024-03-01 09:32:00-05:00,14.595000267028809,14.9399995803833,14.579999923706055,14.880000114440918,14.880000114440918,479651
2024-03-01 09:33:00-05:00,14.869999885559082,14.890000343322754,14.760000228881836,14.800000190734863,14.800000190734863,234428
2024-03-01 09:34:00-05:00,14.800000190734863,14.84000015258789,14.770000457763672,14.8100004196167,14.8100004196167,187233
2024-03-01 09:35:00-05:00,14.819999694824219,15.0600004196167,14.8100004196167,14.970000267028809,14.970000267028809,337617
2024-03-01 09:36:00-05:00,14.975000381469727,15.149999618530273,14.975000381469727,15.074999809265137,15.074999809265137,219614
2024-03-01 09:37:00-05:00,15.079999923706055,15.15999984741211,15.0,15.140000343322754,15.140000343322754,225383
2024-03-01 09:38:00-05:00,15.140000343322754,15.180000305175781,15.079999923706055,15.15999984741211,15.15999984741211,259054
2024-03-01 09:39:00-05:00,15.15999984741211,15.210000038146973,15.07800006866455,15.204999923706055,15.204999923706055,282324
2024-03-01 09:40:00-05:00,15.20580005645752,15.300000190734863,15.15999984741211,15.180000305175781,15.180000305175781,299849
2024-03-01 09:41:00-05:00,15.180000305175781,15.34000015258789,15.178000450134277,15.295000076293945,15.295000076293945,238961
2024-03-01 09:42:00-05:00,15.295000076293945,15.449999809265137,15.289999961853027,15.369999885559082,15.369999885559082,266823
2024-03-01 09:43:00-05:00,15.368599891662598,15.375,15.270000457763672,15.288399696350098,15.288399696350098,220685
2024-03-01 09:44:00-05:00,15.28689956665039,15.380000114440918,15.270000457763672,15.380000114440918,15.380000114440918,160282
2024-03-01 09:45:00-05:00,15.380000114440918,15.460000038146973,15.279999732971191,15.3100004196167,15.3100004196167,199749
2024-03-01 09:46:00-05:00,15.319999694824219,15.36989974975586,15.3100004196167,15.354999542236328,15.354999542236328,171299
2024-03-01 09:47:00-05:00,15.359999656677246,15.359999656677246,15.300000190734863,15.3149995803833,15.3149995803833,142361
2024-03-01 09:48:00-05:00,15.3149995803833,15.380000114440918,15.279999732971191,15.380000114440918,15.380000114440918,319717
2024-03-01 09:49:00-05:00,15.375,15.430000305175781,15.3100004196167,15.430000305175781,15.430000305175781,232720
2024-03-01 09:50:00-05:00,15.430000305175781,15.470000267028809,15.390000343322754,15.4350004196167,15.4350004196167,198678
2024-03-01 09:51:00-05:00,15.430000305175781,15.460000038146973,15.390000343322754,15.454999923706055,15.454999923706055,383058
2024-03-01 09:52:00-05:00,15.459699630737305,15.470000267028809,15.395000457763672,15.420000076293945,15.420000076293945,185891
2024-03-01 09:53:00-05:00,15.420000076293945,15.420000076293945,15.390000343322754,15.414999961853027,15.414999961853027,128738
2024-03-01 09:54:00-05:00,15.414999961853027,15.4399995803833,15.40999984741211,15.4350004196167,15.4350004196167,138670
2024-03-01 09:55:00-05:00,15.4350004196167,15.479999542236328,15.420000076293945,15.479999542236328,15.479999542236328,143808
2024-03-01 09:56:00-05:00,15.475000381469727,15.489999771118164,15.449999809265137,15.46500015258789,15.46500015258789,130882
2024-03-01 09:57:00-05:00,15.46500015258789,15.46500015258789,15.4399995803833,15.444999694824219,15.444999694824219,117324
2024-03-01 09:58:00-05:00,15.444999694824219,15.479999542236328,15.440699577331543,15.475000381469727,15.475000381469727,132974
2024-03-01 09:59:00-05:00,15.470600128173828,15.520000457763672,15.470000267028809,15.520000457763672,15.520000457763672,109726
2024-03-01 10:00:00-05:00,15.520000457763672,15.539999961853027,15.444999694824219,15.46500015258789,15.46500015258789,175076
2024-03-01 10:01:00-05:00,15.470000267028809,15.510000228881836,15.470000267028809,15.505000114440918,15.505000114440918,137303
2024-03-01 10:02:00-05:00,15.510000228881836,15.515000343322754,15.42080020904541,15.444999694824219,15.444999694824219,213411
2024-03-01 10:03:00-05:00,15.444999694824219,15.444999694824219,15.40999984741211,15.425000190734863,15.425000190734863,225411
2024-03-01 10:04:00-05:00,15.425000190734863,15.449999809265137,15.40999984741211,15.430000305175781,15.430000305175781,130370
2024-03-01 10:05:00-05:00,15.431099891662598,15.449999809265137,15.40999984741211,15.420000076293945,15.420000076293945,255488
2024-03-01 10:06:00-05:00,15.420700073242188,15.460000038146973,15.40999984741211,15.460000038146973,15.460000038146973,193529
2024-03-01 10:07:00-05:00,15.460000038146973,15.5,15.454999923706055,15.5,15.5,68814
2024-03-01 10:08:00-05:00,15.5,15.539999961853027,15.484999656677246,15.515000343322754,15.515000343322754,172789
2024-03-01 10:09:00-05:00,15.515000343322754,15.539999961853027,15.510000228881836,15.53499984741211,15.53499984741211,61228
2024-03-01 10:10:00-05:00,15.53499984741211,15.569999694824219,15.510000228881836,15.569899559020996,15.569899559020996,185015
2024-03-01 10:11:00-05:00,15.5649995803833,15.579999923706055,15.539999961853027,15.539999961853027,15.539999961853027,110280
2024-03-01 10:12:00-05:00,15.545000076293945,15.600000381469727,15.545000076293945,15.555000305175781,15.555000305175781,124458
2024-03-01 10:13:00-05:00,15.550000190734863,15.5649995803833,15.520000457763672,15.545000076293945,15.545000076293945,219073
2024-03-01 10:14:00-05:00,15.539999961853027,15.550000190734863,15.529999732971191,15.550000190734863,15.550000190734863,41798
2024-03-01 10:15:00-05:00,15.545000076293945,15.579999923706055,15.529999732971191,15.550000190734863,15.550000190734863,158011
2024-03-01 10:16:00-05:00,15.5600004196167,15.59000015258789,15.550000190734863,15.579999923706055,15.579999923706055,67585
2024-03-01 10:17:00-05:00,15.579999923706055,15.609999656677246,15.569999694824219,15.600000381469727,15.600000381469727,154572
2024-03-01 10:18:00-05:00,15.600000381469727,15.65999984741211,15.600000381469727,15.645000457763672,15.645000457763672,150870
2024-03-01 10:19:00-05:00,15.645000457763672,15.670000076293945,15.610400199890137,15.621000289916992,15.621000289916992,123832
2024-03-01 10:20:00-05:00,15.630000114440918,15.699999809265137,15.619999885559082,15.670000076293945,15.670000076293945,153549
2024-03-01 10:21:00-05:00,15.675000190734863,15.675000190734863,15.635000228881836,15.640999794006348,15.640999794006348,61902
2024-03-01 10:22:00-05:00,15.640000343322754,15.675000190734863,15.600000381469727,15.670000076293945,15.670000076293945,190371
2024-03-01 10:23:00-05:00,15.670000076293945,15.6899995803833,15.569999694824219,15.578900337219238,15.578900337219238,70622
2024-03-01 10:24:00-05:00,15.569999694824219,15.579999923706055,15.489999771118164,15.515000343322754,15.515000343322754,143864
2024-03-01 10:25:00-05:00,15.510000228881836,15.5600004196167,15.489999771118164,15.494999885559082,15.494999885559082,145233
2024-03-01 10:26:00-05:00,15.494999885559082,15.505000114440918,15.489999771118164,15.494999885559082,15.494999885559082,41282
2024-03-01 10:27:00-05:00,15.491100311279297,15.524999618530273,15.479999542236328,15.5,15.5,145995
2024-03-01 10:28:00-05:00,15.494999885559082,15.529999732971191,15.489999771118164,15.515000343322754,15.515000343322754,96043
2024-03-01 10:29:00-05:00,15.520000457763672,15.520000457763672,15.494999885559082,15.505000114440918,15.505000114440918,68083
2024-03-01 10:30:00-05:00,15.505000114440918,15.515000343322754,15.484999656677246,15.489999771118164,15.489999771118164,76212
2024-03-01 10:31:00-05:00,15.490099906921387,15.510000228881836,15.489999771118164,15.494999885559082,15.494999885559082,113291
2024-03-01 10:32:00-05:00,15.494999885559082,15.539999961853027,15.489999771118164,15.53499984741211,15.53499984741211,79214
2024-03-01 10:33:00-05:00,15.539999961853027,15.550000190734863,15.520000457763672,15.539999961853027,15.539999961853027,85442
2024-03-01 10:34:00-05:00,15.539999961853027,15.545000076293945,15.520000457763672,15.520000457763672,15.520000457763672,33979
2024-03-01 10:35:00-05:00,15.520000457763672,15.529999732971191,15.489999771118164,15.524999618530273,15.524999618530273,85137
2024-03-01 10:36:00-05:00,15.520000457763672,15.520000457763672,15.479999542236328,15.494999885559082,15.494999885559082,76225
2024-03-01 10:37:00-05:00,15.492500305175781,15.520000457763672,15.489999771118164,15.515000343322754,15.515000343322754,44760
2024-03-01 10:38:00-05:00,15.515000343322754,15.524999618530273,15.489999771118164,15.494999885559082,15.494999885559082,111615
2024-03-01 10:39:00-05:00,15.490099906921387,15.505000114440918,15.489999771118164,15.494999885559082,15.494999885559082,55402
2024-03-01 10:40:00-05:00,15.489999771118164,15.529999732971191,15.489999771118164,15.529999732971191,15.529999732971191,42843
2024-03-01 10:41:00-05:00,15.524999618530273,15.545000076293945,15.520000457763672,15.539899826049805,15.539899826049805,68147
2024-03-01 10:42:00-05:00,15.539999961853027,15.579999923706055,15.539999961853027,15.569700241088867,15.569700241088867,47417
2024-03-01 10:43:00-05:00,15.5649995803833,15.574999809265137,15.539999961853027,15.539999961853027,15.539999961853027,57343
2024-03-01 10:44:00-05:00,15.539999961853027,15.545000076293945,15.520000457763672,15.524999618530273,15.524999618530273,39165
2024-03-01 10:45:00-05:00,15.520099639892578,15.53499984741211,15.512499809265137,15.512499809265137,15.512499809265137,58194
2024-03-01 10:46:00-05:00,15.512499809265137,15.51990032196045,15.5,15.505000114440918,15.505000114440918,31112
2024-03-01 10:47:00-05:00,15.505000114440918,15.510000228881836,15.5,15.505000114440918,15.505000114440918,21644
2024-03-01 10:48:00-05:00,15.50100040435791,15.515000343322754,15.489999771118164,15.494999885559082,15.494999885559082,93364
2024-03-01 10:49:00-05:00,15.494999885559082,15.510000228881836,15.484999656677246,15.510000228881836,15.510000228881836,74478
2024-03-01 10:50:00-05:00,15.510000228881836,15.520000457763672,15.489999771118164,15.5,15.5,41036
2024-03-01 10:51:00-05:00,15.494999885559082,15.539999961853027,15.479999542236328,15.53499984741211,15.53499984741211,148809
2024-03-01 10:52:00-05:00,15.53499984741211,15.53499984741211,15.5,15.505000114440918,15.505000114440918,49411
2024-03-01 10:53:00-05:00,15.505000114440918,15.505000114440918,15.479999542236328,15.489999771118164,15.489999771118164,62477
2024-03-01 10:54:00-05:00,15.494999885559082,15.510000228881836,15.489999771118164,15.505000114440918,15.505000114440918,55715
2024-03-01 10:55:00-05:00,15.505000114440918,15.515000343322754,15.489999771118164,15.490099906921387,15.490099906921387,49856
2024-03-01 10:56:00-05:00,15.494999885559082,15.5,15.489999771118164,15.494999885559082,15.494999885559082,29076
2024-03-01 10:57:00-05:00,15.5,15.50879955291748,15.489999771118164,15.5,15.5,69014
2024-03-01 10:58:00-05:00,15.508199691772461,15.529999732971191,15.5,15.524999618530273,15.524999618530273,49994
2024-03-01 10:59:00-05:00,15.529999732971191,15.53499984741211,15.510000228881836,15.524999618530273,15.524999618530273,85663
2024-03-01 11:00:00-05:00,15.524999618530273,15.550000190734863,15.520000457763672,15.529999732971191,15.529999732971191,47169
2024-03-01 11:01:00-05:00,15.53499984741211,15.53499984741211,15.520000457763672,15.520000457763672,15.520000457763672,33022
2024-03-01 11:02:00-05:00,15.520000457763672,15.539999961853027,15.520000457763672,15.520000457763672,15.520000457763672,40689
2024-03-01 11:03:00-05:00,15.520000457763672,15.520000457763672,15.5,15.505000114440918,15.505000114440918,53695
2024-03-01 11:04:00-05:00,15.5,15.505000114440918,15.489999771118164,15.494999885559082,15.494999885559082,35253
2024-03-01 11:05:00-05:00,15.494999885559082,15.510000228881836,15.489999771118164,15.510000228881836,15.510000228881836,67656
2024-03-01 11:06:00-05:00,15.510000228881836,15.529999732971191,15.5,15.505000114440918,15.505000114440918,62913
2024-03-01 11:07:00-05:00,15.505000114440918,15.510000228881836,15.489999771118164,15.5,15.5,54819
2024-03-01 11:08:00-05:00,15.5,15.529500007629395,15.5,15.520000457763672,15.520000457763672,65079
2024-03-01 11:09:00-05:00,15.524999618530273,15.524999618530273,15.510000228881836,15.510000228881836,15.510000228881836,68038
2024-03-01 11:10:00-05:00,15.510000228881836,15.515000343322754,15.510000228881836,15.515000343322754,15.515000343322754,21334
2024-03-01 11:11:00-05:00,15.510000228881836,15.515000343322754,15.494999885559082,15.5,15.5,64117
2024-03-01 11:12:00-05:00,15.5,15.529999732971191,15.494999885559082,15.529999732971191,15.529999732971191,72396
2024-03-01 11:13:00-05:00,15.529999732971191,15.529999732971191,15.520000457763672,15.523500442504883,15.523500442504883,30672
2024-03-01 11:14:00-05:00,15.524999618530273,15.529999732971191,15.520000457763672,15.520000457763672,15.520000457763672,10018
2024-03-01 11:15:00-05:00,15.529999732971191,15.529999732971191,15.489999771118164,15.510000228881836,15.510000228881836,87877
2024-03-01 11:16:00-05:00,15.510000228881836,15.539999961853027,15.505000114440918,15.515000343322754,15.515000343322754,110784
2024-03-01 11:17:00-05:00,15.511099815368652,15.511099815368652,15.489999771118164,15.494999885559082,15.494999885559082,90413
2024-03-01 11:18:00-05:00,15.489999771118164,15.505000114440918,15.489999771118164,15.494999885559082,15.494999885559082,56486
2024-03-01 11:19:00-05:00,15.494999885559082,15.5,15.479999542236328,15.5,15.5,60565
2024-03-01 11:20:00-05:00,15.494999885559082,15.505000114440918,15.489999771118164,15.489999771118164,15.489999771118164,70240
2024-03-01 11:21:00-05:00,15.489999771118164,15.5,15.479999542236328,15.494999885559082,15.494999885559082,173183
2024-03-01 11:22:00-05:00,15.494999885559082,15.494999885559082,15.489999771118164,15.494999885559082,15.494999885559082,13329
2024-03-01 11:23:00-05:00,15.49429988861084,15.5,15.489999771118164,15.5,15.5,46158
2024-03-01 11:24:00-05:00,15.5,15.510000228881836,15.489999771118164,15.510000228881836,15.510000228881836,127603
2024-03-01 11:25:00-05:00,15.505000114440918,15.505000114440918,15.489999771118164,15.494999885559082,15.494999885559082,36104
2024-03-01 11:26:00-05:00,15.494999885559082,15.494999885559082,15.460000038146973,15.46500015258789,15.46500015258789,252457
2024-03-01 11:27:00-05:00,15.470000267028809,15.5,15.46500015258789,15.494999885559082,15.494999885559082,106241
2024-03-01 11:28:00-05:00,15.494999885559082,15.5,15.489999771118164,15.494999885559082,15.494999885559082,44785
2024-03-01 11:29:00-05:00,15.494999885559082,15.494999885559082,15.479999542236328,15.484999656677246,15.484999656677246,72277
2024-03-01 11:30:00-05:00,15.484999656677246,15.484999656677246,15.470000267028809,15.475000381469727,15.475000381469727,108300
2024-03-01 11:31:00-05:00,15.475000381469727,15.479999542236328,15.470000267028809,15.470100402832031,15.470100402832031,48707
2024-03-01 11:32:00-05:00,15.475000381469727,15.479999542236328,15.470000267028809,15.475000381469727,15.475000381469727,33620
2024-03-01 11:33:00-05:00,15.475000381469727,15.479999542236328,15.470000267028809,15.475000381469727,15.475000381469727,19794
2024-03-01 11:34:00-05:00,15.479999542236328,15.479999542236328,15.470000267028809,15.475000381469727,15.475000381469727,91509
2024-03-01 11:35:00-05:00,15.475000381469727,15.479999542236328,15.449999809265137,15.454999923706055,15.454999923706055,158535
2024-03-01 11:36:00-05:00,15.449999809265137,15.477499961853027,15.449999809265137,15.475000381469727,15.475000381469727,219854
2024-03-01 11:37:00-05:00,15.475099563598633,15.479999542236328,15.470000267028809,15.475000381469727,15.475000381469727,26464
2024-03-01 11:38:00-05:00,15.475000381469727,15.479999542236328,15.470000267028809,15.475000381469727,15.475000381469727,46984
2024-03-01 11:39:00-05:00,15.475000381469727,15.505000114440918,15.475000381469727,15.494999885559082,15.494999885559082,125304
2024-03-01 11:40:00-05:00,15.5,15.510000228881836,15.494999885559082,15.505000114440918,15.505000114440918,62037
2024-03-01 11:41:00-05:00,15.510000228881836,15.520000457763672,15.5,15.505000114440918,15.505000114440918,33855
2024-03-01 11:42:00-05:00,15.505000114440918,15.510000228881836,15.5,15.510000228881836,15.510000228881836,8551
2024-03-01 11:43:00-05:00,15.5,15.520000457763672,15.5,15.520000457763672,15.520000457763672,40106
2024-03-01 11:44:00-05:00,15.517000198364258,15.550000190734863,15.510100364685059,15.550000190734863,15.550000190734863,98665
2024-03-01 11:45:00-05:00,15.549500465393066,15.550000190734863,15.529999732971191,15.539899826049805,15.539899826049805,43964
2024-03-01 11:46:00-05:00,15.529999732971191,15.539999961853027,15.5,15.5,15.5,63862
2024-03-01 11:47:00-05:00,15.5,15.505800247192383,15.489999771118164,15.505000114440918,15.505000114440918,70921
2024-03-01 11:48:00-05:00,15.505000114440918,15.505000114440918,15.489999771118164,15.494999885559082,15.494999885559082,32260
2024-03-01 11:49:00-05:00,15.494999885559082,15.515000343322754,15.49370002746582,15.505000114440918,15.505000114440918,63365
2024-03-01 11:50:00-05:00,15.505000114440918,15.520000457763672,15.505000114440918,15.520000457763672,15.520000457763672,48045
2024-03-01 11:51:00-05:00,15.520000457763672,15.520000457763672,15.512499809265137,15.520000457763672,15.520000457763672,20233
2024-03-01 11:52:00-05:00,15.515000343322754,15.520000457763672,15.489999771118164,15.489999771118164,15.489999771118164,75614
2024-03-01 11:53:00-05:00,15.494999885559082,15.5,15.489999771118164,15.489999771118164,15.489999771118164,29541
2024-03-01 11:54:00-05:00,15.489999771118164,15.5,15.489999771118164,15.489999771118164,15.489999771118164,25045
2024-03-01 11:55:00-05:00,15.494999885559082,15.5,15.460000038146973,15.46500015258789,15.46500015258789,45507
2024-03-01 11:56:00-05:00,15.460000038146973,15.46500015258789,15.430000305175781,15.430000305175781,15.430000305175781,30931
2024-03-01 11:57:00-05:00,15.430000305175781,15.430000305175781,15.390000343322754,15.399999618530273,15.399999618530273,61982
2024-03-01 11:58:00-05:00,15.404999732971191,15.414999961853027,15.390000343322754,15.414999961853027,15.414999961853027,74987
2024-03-01 11:59:00-05:00,15.40999984741211,15.420000076293945,15.40999984741211,15.420000076293945,15.420000076293945,16887
2024-03-01 12:00:00-05:00,15.414999961853027,15.417900085449219,15.390000343322754,15.395000457763672,15.395000457763672,36334
2024-03-01 12:01:00-05:00,15.395000457763672,15.399999618530273,15.390000343322754,15.395000457763672,15.395000457763672,23465
2024-03-01 12:02:00-05:00,15.395000457763672,15.420000076293945,15.395000457763672,15.395000457763672,15.395000457763672,62956
2024-03-01 12:03:00-05:00,15.395000457763672,15.395000457763672,15.369999885559082,15.380000114440918,15.380000114440918,75626
2024-03-01 12:04:00-05:00,15.382499694824219,15.399999618530273,15.380000114440918,15.395000457763672,15.395000457763672,37095
2024-03-01 12:05:00-05:00,15.39229965209961,15.395000457763672,15.380000114440918,15.385000228881836,15.385000228881836,74732
2024-03-01 12:06:00-05:00,15.385000228881836,15.390000343322754,15.380000114440918,15.385000228881836,15.385000228881836,18281
2024-03-01 12:07:00-05:00,15.385000228881836,15.390000343322754,15.380000114440918,15.385000228881836,15.385000228881836,16170
2024-03-01 12:08:00-05:00,15.385000228881836,15.390000343322754,15.380000114440918,15.385000228881836,15.385000228881836,17773
2024-03-01 12:09:00-05:00,15.385000228881836,15.404999732971191,15.385000228881836,15.399999618530273,15.399999618530273,83703
2024-03-01 12:10:00-05:00,15.395000457763672,15.404999732971191,15.39109992980957,15.399999618530273,15.399999618530273,39476
2024-03-01 12:11:00-05:00,15.40999984741211,15.40999984741211,15.399999618530273,15.404999732971191,15.404999732971191,20083
2024-03-01 12:12:00-05:00,15.40999984741211,15.40999984741211,15.369999885559082,15.375,15.375,147296
2024-03-01 12:13:00-05:00,15.375,15.399900436401367,15.375,15.399900436401367,15.399900436401367,61990
2024-03-01 12:14:00-05:00,15.396699905395508,15.40999984741211,15.390000343322754,15.395000457763672,15.395000457763672,77092
2024-03-01 12:15:00-05:00,15.395000457763672,15.399999618530273,15.390000343322754,15.399999618530273,15.399999618530273,59793
2024-03-01 12:16:00-05:00,15.395000457763672,15.414999961853027,15.390000343322754,15.414999961853027,15.414999961853027,199238
2024-03-01 12:17:00-05:00,15.40999984741211,15.414999961853027,15.40999984741211,15.414999961853027,15.414999961853027,9683
2024-03-01 12:18:00-05:00,15.40999984741211,15.40999984741211,15.399999618530273,15.404999732971191,15.404999732971191,36442
2024-03-01 12:19:00-05:00,15.399999618530273,15.405900001525879,15.399999618530273,15.399999618530273,15.399999618530273,24911
2024-03-01 12:20:00-05:00,15.399999618530273,15.407899856567383,15.399999618530273,15.404999732971191,15.404999732971191,24695
2024-03-01 12:21:00-05:00,15.399999618530273,15.40999984741211,15.390000343322754,15.399999618530273,15.399999618530273,85282
2024-03-01 12:22:00-05:00,15.404999732971191,15.404999732971191,15.399999618530273,15.399999618530273,15.399999618530273,8128
2024-03-01 12:23:00-05:00,15.399999618530273,15.404999732971191,15.390000343322754,15.395000457763672,15.395000457763672,27162
2024-03-01 12:24:00-05:00,15.395000457763672,15.399999618530273,15.390000343322754,15.395000457763672,15.395000457763672,45133
2024-03-01 12:25:00-05:00,15.395000457763672,15.399999618530273,15.390000343322754,15.395000457763672,15.395000457763672,20012
2024-03-01 12:26:00-05:00,15.395000457763672,15.404999732971191,15.390000343322754,15.404999732971191,15.404999732971191,56630
2024-03-01 12:27:00-05:00,15.404999732971191,15.404999732971191,15.390000343322754,15.395000457763672,15.395000457763672,21623
2024-03-01 12:28:00-05:00,15.395000457763672,15.395000457763672,15.390000343322754,15.395000457763672,15.395000457763672,17199
2024-03-01 12:29:00-05:00,15.395000457763672,15.409500122070312,15.390000343322754,15.399999618530273,15.399999618530273,120554
2024-03-01 12:30:00-05:00,15.395000457763672,15.395000457763672,15.390000343322754,15.395000457763672,15.395000457763672,5867
2024-03-01 12:31:00-05:00,15.395000457763672,15.399999618530273,15.390000343322754,15.395000457763672,15.395000457763672,63874
2024-03-01 12:32:00-05:00,15.395000457763672,15.399999618530273,15.390000343322754,15.395000457763672,15.395000457763672,4532
2024-03-01 12:33:00-05:00,15.395000457763672,15.399999618530273,15.390000343322754,15.395000457763672,15.395000457763672,30064
2024-03-01 12:34:00-05:00,15.390000343322754,15.395000457763672,15.390000343322754,15.395000457763672,15.395000457763672,20799
2024-03-01 12:35:00-05:00,15.390000343322754,15.399999618530273,15.390000343322754,15.395000457763672,15.395000457763672,23469
2024-03-01 12:36:00-05:00,15.395000457763672,15.399999618530273,15.390000343322754,15.395000457763672,15.395000457763672,19287
2024-03-01 12:37:00-05:00,15.395000457763672,15.430000305175781,15.390000343322754,15.420599937438965,15.420599937438965,88556
2024-03-01 12:38:00-05:00,15.425000190734863,15.430000305175781,15.420000076293945,15.425000190734863,15.425000190734863,10071
2024-03-01 12:39:00-05:00,15.425000190734863,15.444999694824219,15.420000076293945,15.425000190734863,15.425000190734863,64749
2024-03-01 12:40:00-05:00,15.425000190734863,15.425000190734863,15.390000343322754,15.395000457763672,15.395000457763672,40360
2024-03-01 12:41:00-05:00,15.395000457763672,15.399999618530273,15.390000343322754,15.399999618530273,15.399999618530273,24334
2024-03-01 12:42:00-05:00,15.399999618530273,15.399999618530273,15.390000343322754,15.39009952545166,15.39009952545166,13924
2024-03-01 12:43:00-05:00,15.395000457763672,15.399999618530273,15.390000343322754,15.395000457763672,15.395000457763672,31815
2024-03-01 12:44:00-05:00,15.390000343322754,15.399999618530273,15.390000343322754,15.395000457763672,15.395000457763672,28060
2024-03-01 12:45:00-05:00,15.390000343322754,15.399999618530273,15.390000343322754,15.395000457763672,15.395000457763672,20810
2024-03-01 12:46:00-05:00,15.395000457763672,15.395000457763672,15.380000114440918,15.385000228881836,15.385000228881836,50234
2024-03-01 12:47:00-05:00,15.385000228881836,15.385000228881836,15.369999885559082,15.385000228881836,15.385000228881836,129258
2024-03-01 12:48:00-05:00,15.385000228881836,15.385000228881836,15.382499694824219,15.385000228881836,15.385000228881836,7047
2024-03-01 12:49:00-05:00,15.385000228881836,15.390000343322754,15.380000114440918,15.380000114440918,15.380000114440918,18640
2024-03-01 12:50:00-05:00,15.385000228881836,15.385100364685059,15.369999885559082,15.375,15.375,60023
2024-03-01 12:51:00-05:00,15.375,15.375,15.369999885559082,15.375,15.375,14839
2024-03-01 12:52:00-05:00,15.375,15.380000114440918,15.369999885559082,15.375,15.375,15358
2024-03-01 12:53:00-05:00,15.375,15.380000114440918,15.369999885559082,15.375,15.375,17989
2024-03-01 12:54:00-05:00,15.369999885559082,15.380000114440918,15.369999885559082,15.369999885559082,15.369999885559082,35477
2024-03-01 12:55:00-05:00,15.375,15.375,15.359999656677246,15.366999626159668,15.366999626159668,98859
2024-03-01 12:56:00-05:00,15.364999771118164,15.369999885559082,15.359999656677246,15.359999656677246,15.359999656677246,13772
2024-03-01 12:57:00-05:00,15.364999771118164,15.364999771118164,15.359999656677246,15.364999771118164,15.364999771118164,27391
2024-03-01 12:58:00-05:00,15.364999771118164,15.369099617004395,15.350000381469727,15.354999542236328,15.354999542236328,56038
2024-03-01 12:59:00-05:00,15.350000381469727,15.354999542236328,15.350000381469727,15.354999542236328,15.354999542236328,22772
2024-03-01 13:00:00-05:00,15.350000381469727,15.354999542236328,15.350000381469727,15.350000381469727,15.350000381469727,33012
2024-03-01 13:01:00-05:00,15.354999542236328,15.359999656677246,15.350000381469727,15.354999542236328,15.354999542236328,55579
2024-03-01 13:02:00-05:00,15.350000381469727,15.359999656677246,15.350000381469727,15.354999542236328,15.354999542236328,9929
2024-03-01 13:03:00-05:00,15.354999542236328,15.359999656677246,15.352499961853027,15.354999542236328,15.354999542236328,7043
2024-03-01 13:04:00-05:00,15.354999542236328,15.369999885559082,15.34000015258789,15.345000267028809,15.345000267028809,113677
2024-03-01 13:05:00-05:00,15.34000015258789,15.350000381469727,15.34000015258789,15.345000267028809,15.345000267028809,54341
2024-03-01 13:06:00-05:00,15.345000267028809,15.350000381469727,15.34000015258789,15.345000267028809,15.345000267028809,13503
2024-03-01 13:07:00-05:00,15.350000381469727,15.359999656677246,15.341400146484375,15.359999656677246,15.359999656677246,29233
2024-03-01 13:08:00-05:00,15.354999542236328,15.390000343322754,15.354999542236328,15.390000343322754,15.390000343322754,34001
2024-03-01 13:09:00-05:00,15.385000228881836,15.390000343322754,15.380000114440918,15.390000343322754,15.390000343322754,30810
2024-03-01 13:10:00-05:00,15.390000343322754,15.390000343322754,15.380000114440918,15.385000228881836,15.385000228881836,13035
2024-03-01 13:11:00-05:00,15.385000228881836,15.4399995803833,15.380000114440918,15.420000076293945,15.420000076293945,118495
2024-03-01 13:12:00-05:00,15.420000076293945,15.420000076293945,15.40999984741211,15.414999961853027,15.414999961853027,22953
2024-03-01 13:13:00-05:00,15.414999961853027,15.420000076293945,15.390000343322754,15.395000457763672,15.395000457763672,51410
2024-03-01 13:14:00-05:00,15.395000457763672,15.399999618530273,15.390000343322754,15.395000457763672,15.395000457763672,18292
2024-03-01 13:15:00-05:00,15.395000457763672,15.399999618530273,15.390000343322754,15.395000457763672,15.395000457763672,9198
2024-03-01 13:16:00-05:00,15.395000457763672,15.399999618530273,15.390000343322754,15.390000343322754,15.390000343322754,10037
2024-03-01 13:17:00-05:00,15.395000457763672,15.395000457763672,15.390000343322754,15.395000457763672,15.395000457763672,20143
2024-03-01 13:18:00-05:00,15.395000457763672,15.40999984741211,15.390000343322754,15.404999732971191,15.404999732971191,74989
2024-03-01 13:19:00-05:00,15.399999618530273,15.404999732971191,15.399999618530273,15.404999732971191,15.404999732971191,5023
2024-03-01 13:20:00-05:00,15.401000022888184,15.404999732971191,15.399999618530273,15.404999732971191,15.404999732971191,8251
2024-03-01 13:21:00-05:00,15.404999732971191,15.404999732971191,15.390000343322754,15.395000457763672,15.395000457763672,24379
2024-03-01 13:22:00-05:00,15.395000457763672,15.398500442504883,15.390000343322754,15.395000457763672,15.395000457763672,26838
2024-03-01 13:23:00-05:00,15.395000457763672,15.399999618530273,15.390000343322754,15.395000457763672,15.395000457763672,15238
2024-03-01 13:24:00-05:00,15.390000343322754,15.399999618530273,15.390000343322754,15.390000343322754,15.390000343322754,13180
2024-03-01 13:25:00-05:00,15.395000457763672,15.399999618530273,15.390000343322754,15.395000457763672,15.395000457763672,20882
2024-03-01 13:26:00-05:00,15.390000343322754,15.399999618530273,15.390000343322754,15.390000343322754,15.390000343322754,15159
2024-03-01 13:27:00-05:00,15.395000457763672,15.399999618530273,15.390000343322754,15.390000343322754,15.390000343322754,12952
2024-03-01 13:28:00-05:00,15.395000457763672,15.399999618530273,15.390000343322754,15.399999618530273,15.399999618530273,18748
2024-03-01 13:29:00-05:00,15.390000343322754,15.399999618530273,15.390000343322754,15.395000457763672,15.395000457763672,16614
2024-03-01 13:30:00-05:00,15.399999618530273,15.40999984741211,15.390000343322754,15.395000457763672,15.395000457763672,109010
2024-03-01 13:31:00-05:00,15.395000457763672,15.399999618530273,15.395000457763672,15.395000457763672,15.395000457763672,13486
2024-03-01 13:32:00-05:00,15.395000457763672,15.399999618530273,15.390000343322754,15.395000457763672,15.395000457763672,10739
2024-03-01 13:33:00-05:00,15.395000457763672,15.399999618530273,15.390899658203125,15.395000457763672,15.395000457763672,6782
2024-03-01 13:34:00-05:00,15.399999618530273,15.420000076293945,15.395000457763672,15.414999961853027,15.414999961853027,91802
2024-03-01 13:35:00-05:00,15.414999961853027,15.420000076293945,15.399999618530273,15.40999984741211,15.40999984741211,43848
2024-03-01 13:36:00-05:00,15.409899711608887,15.420000076293945,15.409899711608887,15.414999961853027,15.414999961853027,30007
2024-03-01 13:37:00-05:00,15.40999984741211,15.410099983215332,15.399999618530273,15.404999732971191,15.404999732971191,22020
2024-03-01 13:38:00-05:00,15.399999618530273,15.404999732971191,15.399999618530273,15.404999732971191,15.404999732971191,24690
2024-03-01 13:39:00-05:00,15.399999618530273,15.409899711608887,15.399999618530273,15.399999618530273,15.399999618530273,24163
2024-03-01 13:40:00-05:00,15.399999618530273,15.404999732971191,15.390000343322754,15.395000457763672,15.395000457763672,40366
2024-03-01 13:41:00-05:00,15.399999618530273,15.404999732971191,15.39009952545166,15.399999618530273,15.399999618530273,39352
2024-03-01 13:42:00-05:00,15.400099754333496,15.404999732971191,15.399999618530273,15.404999732971191,15.404999732971191,14701
2024-03-01 13:43:00-05:00,15.404999732971191,15.40999984741211,15.399999618530273,15.404999732971191,15.404999732971191,13093
2024-03-01 13:44:00-05:00,15.404999732971191,15.404999732971191,15.399999618530273,15.399999618530273,15.399999618530273,10899
2024-03-01 13:45:00-05:00,15.402999877929688,15.404999732971191,15.399999618530273,15.399999618530273,15.399999618530273,22757
2024-03-01 13:46:00-05:00,15.399999618530273,15.414999961853027,15.399999618530273,15.411100387573242,15.411100387573242,59559
2024-03-01 13:47:00-05:00,15.414999961853027,15.420000076293945,15.40999984741211,15.414999961853027,15.414999961853027,10766
2024-03-01 13:48:00-05:00,15.414999961853027,15.420000076293945,15.411299705505371,15.414999961853027,15.414999961853027,13466
2024-03-01 13:49:00-05:00,15.419899940490723,15.420000076293945,15.399999618530273,15.406700134277344,15.406700134277344,54022
2024-03-01 13:50:00-05:00,15.404999732971191,15.40999984741211,15.399999618530273,15.404999732971191,15.404999732971191,16653
2024-03-01 13:51:00-05:00,15.399999618530273,15.406100273132324,15.399999618530273,15.404999732971191,15.404999732971191,13099
2024-03-01 13:52:00-05:00,15.404999732971191,15.40999984741211,15.399999618530273,15.404999732971191,15.404999732971191,16341
2024-03-01 13:53:00-05:00,15.399999618530273,15.40999984741211,15.399999618530273,15.404999732971191,15.404999732971191,20815
2024-03-01 13:54:00-05:00,15.404999732971191,15.430000305175781,15.399999618530273,15.425000190734863,15.425000190734863,75105
2024-03-01 13:55:00-05:00,15.425000190734863,15.430000305175781,15.420000076293945,15.425000190734863,15.425000190734863,16809
2024-03-01 13:56:00-05:00,15.425000190734863,15.430000305175781,15.420000076293945,15.425000190734863,15.425000190734863,16114
2024-03-01 13:57:00-05:00,15.430000305175781,15.44950008392334,15.425000190734863,15.444999694824219,15.444999694824219,158566
2024-03-01 13:58:00-05:00,15.444999694824219,15.449999809265137,15.4399995803833,15.4399995803833,15.4399995803833,24271
2024-03-01 13:59:00-05:00,15.444999694824219,15.447500228881836,15.4399995803833,15.444999694824219,15.444999694824219,11965
2024-03-01 14:00:00-05:00,15.441100120544434,15.460000038146973,15.4399995803833,15.457300186157227,15.457300186157227,70597
2024-03-01 14:01:00-05:00,15.454999923706055,15.470000267028809,15.454999923706055,15.470000267028809,15.470000267028809,34353
2024-03-01 14:02:00-05:00,15.460000038146973,15.470000267028809,15.460000038146973,15.470000267028809,15.470000267028809,7011
2024-03-01 14:03:00-05:00,15.46500015258789,15.479999542236328,15.46500015258789,15.475000381469727,15.475000381469727,37189
2024-03-01 14:04:00-05:00,15.470000267028809,15.479999542236328,15.470000267028809,15.479999542236328,15.479999542236328,22406
2024-03-01 14:05:00-05:00,15.479900360107422,15.489999771118164,15.470000267028809,15.484999656677246,15.484999656677246,41011
2024-03-01 14:06:00-05:00,15.489999771118164,15.489999771118164,15.479999542236328,15.482500076293945,15.482500076293945,10258
2024-03-01 14:07:00-05:00,15.484999656677246,15.489999771118164,15.479999542236328,15.489999771118164,15.489999771118164,13379
2024-03-01 14:08:00-05:00,15.489999771118164,15.510000228881836,15.489999771118164,15.510000228881836,15.510000228881836,92001
2024-03-01 14:09:00-05:00,15.510000228881836,15.510000228881836,15.5,15.505000114440918,15.505000114440918,13081
2024-03-01 14:10:00-05:00,15.510000228881836,15.529999732971191,15.505000114440918,15.520500183105469,15.520500183105469,46303
2024-03-01 14:11:00-05:00,15.529999732971191,15.529999732971191,15.520000457763672,15.529999732971191,15.529999732971191,12544
2024-03-01 14:12:00-05:00,15.529999732971191,15.539999961853027,15.524999618530273,15.539899826049805,15.539899826049805,29718
2024-03-01 14:13:00-05:00,15.539999961853027,15.5600004196167,15.529999732971191,15.539999961853027,15.539999961853027,172636
2024-03-01 14:14:00-05:00,15.539999961853027,15.550000190734863,15.53499984741211,15.539999961853027,15.539999961853027,45507
2024-03-01 14:15:00-05:00,15.539999961853027,15.5600004196167,15.529999732971191,15.550000190734863,15.550000190734863,81999
2024-03-01 14:16:00-05:00,15.555000305175781,15.555000305175781,15.524999618530273,15.524999618530273,15.524999618530273,29301
2024-03-01 14:17:00-05:00,15.524999618530273,15.529899597167969,15.510000228881836,15.515000343322754,15.515000343322754,56916
2024-03-01 14:18:00-05:00,15.510499954223633,15.529999732971191,15.510000228881836,15.529999732971191,15.529999732971191,51131
2024-03-01 14:19:00-05:00,15.529999732971191,15.529999732971191,15.521300315856934,15.524999618530273,15.524999618530273,2145
2024-03-01 14:20:00-05:00,15.529999732971191,15.550000190734863,15.520000457763672,15.53499984741211,15.53499984741211,96486
2024-03-01 14:21:00-05:00,15.53499984741211,15.550000190734863,15.529999732971191,15.550000190734863,15.550000190734863,31062
2024-03-01 14:22:00-05:00,15.541299819946289,15.5600004196167,15.541299819946289,15.5600004196167,15.5600004196167,42081
2024-03-01 14:23:00-05:00,15.550000190734863,15.5600004196167,15.510000228881836,15.520000457763672,15.520000457763672,115172
2024-03-01 14:24:00-05:00,15.524999618530273,15.524999618530273,15.510000228881836,15.512499809265137,15.512499809265137,34904
2024-03-01 14:25:00-05:00,15.515000343322754,15.520000457763672,15.510000228881836,15.515000343322754,15.515000343322754,30531
2024-03-01 14:26:00-05:00,15.515000343322754,15.520000457763672,15.510000228881836,15.510000228881836,15.510000228881836,19159
2024-03-01 14:27:00-05:00,15.515000343322754,15.539999961853027,15.510000228881836,15.539999961853027,15.539999961853027,66300
2024-03-01 14:28:00-05:00,15.53499984741211,15.539999961853027,15.529999732971191,15.53499984741211,15.53499984741211,16980
2024-03-01 14:29:00-05:00,15.529999732971191,15.550000190734863,15.520000457763672,15.54990005493164,15.54990005493164,52690
2024-03-01 14:30:00-05:00,15.550000190734863,15.550000190734863,15.539999961853027,15.539999961853027,15.539999961853027,17642
2024-03-01 14:31:00-05:00,15.539999961853027,15.539999961853027,15.524999618530273,15.529999732971191,15.529999732971191,34141
2024-03-01 14:32:00-05:00,15.529999732971191,15.539999961853027,15.529999732971191,15.53499984741211,15.53499984741211,16842
2024-03-01 14:33:00-05:00,15.539999961853027,15.5600004196167,15.529999732971191,15.555000305175781,15.555000305175781,69279
2024-03-01 14:34:00-05:00,15.555000305175781,15.5600004196167,15.550000190734863,15.555000305175781,15.555000305175781,38882
2024-03-01 14:35:00-05:00,15.555000305175781,15.5600004196167,15.539999961853027,15.545000076293945,15.545000076293945,32254
2024-03-01 14:36:00-05:00,15.545000076293945,15.5600004196167,15.542499542236328,15.5600004196167,15.5600004196167,34671
2024-03-01 14:37:00-05:00,15.550000190734863,15.5600004196167,15.541099548339844,15.5600004196167,15.5600004196167,92578
2024-03-01 14:38:00-05:00,15.555000305175781,15.569999694824219,15.555000305175781,15.5600004196167,15.5600004196167,26218
2024-03-01 14:39:00-05:00,15.5600004196167,15.569999694824219,15.550000190734863,15.559900283813477,15.559900283813477,27104
2024-03-01 14:40:00-05:00,15.5600004196167,15.5649995803833,15.550000190734863,15.555000305175781,15.555000305175781,41988
2024-03-01 14:41:00-05:00,15.555000305175781,15.555000305175781,15.539999961853027,15.545000076293945,15.545000076293945,95252
2024-03-01 14:42:00-05:00,15.545000076293945,15.5600004196167,15.539999961853027,15.555000305175781,15.555000305175781,34547
2024-03-01 14:43:00-05:00,15.555000305175781,15.555000305175781,15.550000190734863,15.550000190734863,15.550000190734863,14520
2024-03-01 14:44:00-05:00,15.550000190734863,15.5600004196167,15.550000190734863,15.550000190734863,15.550000190734863,17932
2024-03-01 14:45:00-05:00,15.550000190734863,15.5600004196167,15.529999732971191,15.53499984741211,15.53499984741211,82073
2024-03-01 14:46:00-05:00,15.53499984741211,15.545000076293945,15.520000457763672,15.545000076293945,15.545000076293945,73470
2024-03-01 14:47:00-05:00,15.545000076293945,15.5600004196167,15.545000076293945,15.555000305175781,15.555000305175781,20954
2024-03-01 14:48:00-05:00,15.555000305175781,15.559900283813477,15.545000076293945,15.550000190734863,15.550000190734863,26147
2024-03-01 14:49:00-05:00,15.545000076293945,15.5600004196167,15.541099548339844,15.555000305175781,15.555000305175781,27709
2024-03-01 14:50:00-05:00,15.555000305175781,15.5600004196167,15.550000190734863,15.550000190734863,15.550000190734863,18809
2024-03-01 14:51:00-05:00,15.550000190734863,15.556599617004395,15.550000190734863,15.550000190734863,15.550000190734863,14649
2024-03-01 14:52:00-05:00,15.550000190734863,15.5600004196167,15.539999961853027,15.541000366210938,15.541000366210938,122027
2024-03-01 14:53:00-05:00,15.545000076293945,15.569299697875977,15.539999961853027,15.5625,15.5625,51453
2024-03-01 14:54:00-05:00,15.561200141906738,15.569899559020996,15.5600004196167,15.5600004196167,15.5600004196167,18692
2024-03-01 14:55:00-05:00,15.5649995803833,15.569999694824219,15.5600004196167,15.5600004196167,15.5600004196167,9310
2024-03-01 14:56:00-05:00,15.5649995803833,15.5649995803833,15.539999961853027,15.555000305175781,15.555000305175781,85157
2024-03-01 14:57:00-05:00,15.555000305175781,15.569899559020996,15.555000305175781,15.555000305175781,15.555000305175781,35393
2024-03-01 14:58:00-05:00,15.555000305175781,15.5600004196167,15.539999961853027,15.550000190734863,15.550000190734863,111950
2024-03-01 14:59:00-05:00,15.539999961853027,15.545000076293945,15.539999961853027,15.539999961853027,15.539999961853027,49603
2024-03-01 15:00:00-05:00,15.545000076293945,15.5600004196167,15.539999961853027,15.545000076293945,15.545000076293945,93810
2024-03-01 15:01:00-05:00,15.545000076293945,15.550000190734863,15.539999961853027,15.545000076293945,15.545000076293945,33228
2024-03-01 15:02:00-05:00,15.545000076293945,15.545599937438965,15.539999961853027,15.545000076293945,15.545000076293945,27745
2024-03-01 15:03:00-05:00,15.545000076293945,15.54889965057373,15.539999961853027,15.545000076293945,15.545000076293945,22007
2024-03-01 15:04:00-05:00,15.545000076293945,15.5600004196167,15.539999961853027,15.555000305175781,15.555000305175781,58108
2024-03-01 15:05:00-05:00,15.551400184631348,15.5649995803833,15.550000190734863,15.550000190734863,15.550000190734863,60627
2024-03-01 15:06:00-05:00,15.555000305175781,15.5600004196167,15.539999961853027,15.555000305175781,15.555000305175781,56847
2024-03-01 15:07:00-05:00,15.555000305175781,15.557999610900879,15.539999961853027,15.545000076293945,15.545000076293945,38667
2024-03-01 15:08:00-05:00,15.545000076293945,15.550000190734863,15.539999961853027,15.545000076293945,15.545000076293945,27598
2024-03-01 15:09:00-05:00,15.545000076293945,15.555000305175781,15.539999961853027,15.550000190734863,15.550000190734863,76920
2024-03-01 15:10:00-05:00,15.545000076293945,15.545000076293945,15.539999961853027,15.545000076293945,15.545000076293945,24163
2024-03-01 15:11:00-05:00,15.545000076293945,15.550000190734863,15.539999961853027,15.545000076293945,15.545000076293945,23295
2024-03-01 15:12:00-05:00,15.545000076293945,15.550000190734863,15.539999961853027,15.545000076293945,15.545000076293945,17435
2024-03-01 15:13:00-05:00,15.545000076293945,15.555000305175781,15.539999961853027,15.555000305175781,15.555000305175781,65274
2024-03-01 15:14:00-05:00,15.5600004196167,15.5600004196167,15.555000305175781,15.5600004196167,15.5600004196167,10667
2024-03-01 15:15:00-05:00,15.555000305175781,15.569999694824219,15.550000190734863,15.555000305175781,15.555000305175781,69168
2024-03-01 15:16:00-05:00,15.5600004196167,15.5600004196167,15.539999961853027,15.545000076293945,15.545000076293945,45031
2024-03-01 15:17:00-05:00,15.542099952697754,15.555000305175781,15.539999961853027,15.555000305175781,15.555000305175781,149004
2024-03-01 15:18:00-05:00,15.556300163269043,15.5649995803833,15.555000305175781,15.5649995803833,15.5649995803833,59627
2024-03-01 15:19:00-05:00,15.5649995803833,15.569999694824219,15.564000129699707,15.569999694824219,15.569999694824219,20179
2024-03-01 15:20:00-05:00,15.569999694824219,15.579999923706055,15.5600004196167,15.569999694824219,15.569999694824219,55795
2024-03-01 15:21:00-05:00,15.569999694824219,15.579999923706055,15.569999694824219,15.574999809265137,15.574999809265137,19547
2024-03-01 15:22:00-05:00,15.574999809265137,15.579400062561035,15.569999694824219,15.574999809265137,15.574999809265137,29712
2024-03-01 15:23:00-05:00,15.574999809265137,15.579999923706055,15.569999694824219,15.572500228881836,15.572500228881836,18015
2024-03-01 15:24:00-05:00,15.574999809265137,15.579999923706055,15.569999694824219,15.574999809265137,15.574999809265137,23196
2024-03-01 15:25:00-05:00,15.579999923706055,15.59000015258789,15.574999809265137,15.582500457763672,15.582500457763672,61746
2024-03-01 15:26:00-05:00,15.585000038146973,15.59000015258789,15.580100059509277,15.585000038146973,15.585000038146973,15848
2024-03-01 15:27:00-05:00,15.59000015258789,15.59000015258789,15.579999923706055,15.59000015258789,15.59000015258789,39000
2024-03-01 15:28:00-05:00,15.59000015258789,15.59000015258789,15.579999923706055,15.585000038146973,15.585000038146973,49857
2024-03-01 15:29:00-05:00,15.579999923706055,15.585000038146973,15.569999694824219,15.579999923706055,15.579999923706055,135505
2024-03-01 15:30:00-05:00,15.579999923706055,15.59000015258789,15.569999694824219,15.579999923706055,15.579999923706055,125496
2024-03-01 15:31:00-05:00,15.585000038146973,15.59000015258789,15.555000305175781,15.555000305175781,15.555000305175781,128970
2024-03-01 15:32:00-05:00,15.555000305175781,15.5600004196167,15.539999961853027,15.555000305175781,15.555000305175781,78763
2024-03-01 15:33:00-05:00,15.550000190734863,15.5600004196167,15.550000190734863,15.555000305175781,15.555000305175781,28888
2024-03-01 15:34:00-05:00,15.550000190734863,15.555000305175781,15.539999961853027,15.545000076293945,15.545000076293945,124890
2024-03-01 15:35:00-05:00,15.539999961853027,15.550000190734863,15.539999961853027,15.550000190734863,15.550000190734863,96432
2024-03-01 15:36:00-05:00,15.545000076293945,15.550000190734863,15.539999961853027,15.550000190734863,15.550000190734863,43742
2024-03-01 15:37:00-05:00,15.545000076293945,15.550000190734863,15.539999961853027,15.550000190734863,15.550000190734863,73828
2024-03-01 15:38:00-05:00,15.550000190734863,15.550000190734863,15.539999961853027,15.545000076293945,15.545000076293945,55493
2024-03-01 15:39:00-05:00,15.545000076293945,15.559900283813477,15.539999961853027,15.550000190734863,15.550000190734863,140404
2024-03-01 15:40:00-05:00,15.550000190734863,15.555000305175781,15.539999961853027,15.545000076293945,15.545000076293945,78971
2024-03-01 15:41:00-05:00,15.545000076293945,15.550000190734863,15.539999961853027,15.545000076293945,15.545000076293945,163003
2024-03-01 15:42:00-05:00,15.545000076293945,15.550000190734863,15.539999961853027,15.545000076293945,15.545000076293945,101596
2024-03-01 15:43:00-05:00,15.545000076293945,15.550000190734863,15.539999961853027,15.545000076293945,15.545000076293945,105630
2024-03-01 15:44:00-05:00,15.545000076293945,15.550000190734863,15.539999961853027,15.545000076293945,15.545000076293945,68083
2024-03-01 15:45:00-05:00,15.540300369262695,15.550000190734863,15.539999961853027,15.545000076293945,15.545000076293945,108916
2024-03-01 15:46:00-05:00,15.542499542236328,15.550000190734863,15.539999961853027,15.545000076293945,15.545000076293945,126727
2024-03-01 15:47:00-05:00,15.545000076293945,15.550000190734863,15.539999961853027,15.545000076293945,15.545000076293945,56715
2024-03-01 15:48:00-05:00,15.545000076293945,15.550000190734863,15.539999961853027,15.545000076293945,15.545000076293945,75749
2024-03-01 15:49:00-05:00,15.550000190734863,15.5600004196167,15.539999961853027,15.5600004196167,15.5600004196167,278051
2024-03-01 15:50:00-05:00,15.550000190734863,15.5600004196167,15.550000190734863,15.5600004196167,15.5600004196167,62141
2024-03-01 15:51:00-05:00,15.555000305175781,15.5600004196167,15.539999961853027,15.550000190734863,15.550000190734863,346682
2024-03-01 15:52:00-05:00,15.545000076293945,15.5600004196167,15.539999961853027,15.5600004196167,15.5600004196167,273364
2024-03-01 15:53:00-05:00,15.555000305175781,15.579999923706055,15.555000305175781,15.579999923706055,15.579999923706055,347044
2024-03-01 15:54:00-05:00,15.579999923706055,15.59000015258789,15.5600004196167,15.5600004196167,15.5600004196167,338383
2024-03-01 15:55:00-05:00,15.5600004196167,15.569999694824219,15.550000190734863,15.555000305175781,15.555000305175781,143716
2024-03-01 15:56:00-05:00,15.550000190734863,15.5600004196167,15.550000190734863,15.555000305175781,15.555000305175781,258541
2024-03-01 15:57:00-05:00,15.555000305175781,15.5600004196167,15.550000190734863,15.550000190734863,15.550000190734863,296965
2024-03-01 15:58:00-05:00,15.555000305175781,15.5600004196167,15.550000190734863,15.5600004196167,15.5600004196167,512683
2024-03-01 15:59:00-05:00,15.5600004196167,15.59000015258789,15.550000190734863,15.550000190734863,15.550000190734863,916617
