Date,Open,High,Low,Close,Adj Close,Volume
2023-12-14 00:00:00+00:00,0.10429832339286804,0.10429832339286804,0.10429832339286804,0.10429832339286804,0.10429832339286804,0
2023-12-14 00:01:00+00:00,0.10435081273317337,0.10435081273317337,0.10435081273317337,0.10435081273317337,0.10435081273317337,132544
2023-12-14 00:02:00+00:00,0.10434943437576294,0.10434943437576294,0.10434943437576294,0.10434943437576294,0.10434943437576294,0
2023-12-14 00:03:00+00:00,0.10434034466743469,0.10434034466743469,0.10434034466743469,0.10434034466743469,0.10434034466743469,28736
2023-12-14 00:04:00+00:00,0.10432656109333038,0.10432656109333038,0.10432656109333038,0.10432656109333038,0.10432656109333038,0
2023-12-14 00:05:00+00:00,0.10431291908025742,0.10431291908025742,0.10431291908025742,0.10431291908025742,0.10431291908025742,0
2023-12-14 00:06:00+00:00,0.10431002825498581,0.10431002825498581,0.10431002825498581,0.10431002825498581,0.10431002825498581,0
2023-12-14 00:07:00+00:00,0.10432799160480499,0.10432799160480499,0.10432799160480499,0.10432799160480499,0.10432799160480499,29072
2023-12-14 00:08:00+00:00,0.10433416068553925,0.10433416068553925,0.10433416068553925,0.10433416068553925,0.10433416068553925,0
2023-12-14 00:09:00+00:00,0.1043298989534378,0.1043298989534378,0.1043298989534378,0.1043298989534378,0.1043298989534378,39984
2023-12-14 00:10:00+00:00,0.10432228446006775,0.10432228446006775,0.10432228446006775,0.10432228446006775,0.10432228446006775,169440
2023-12-14 00:11:00+00:00,0.1043197512626648,0.1043197512626648,0.1043197512626648,0.1043197512626648,0.1043197512626648,0
2023-12-14 00:12:00+00:00,0.10432231426239014,0.10432231426239014,0.10432231426239014,0.10432231426239014,0.10432231426239014,17312
2023-12-14 00:13:00+00:00,0.10432485491037369,0.10432485491037369,0.10432485491037369,0.10432485491037369,0.10432485491037369,0
2023-12-14 00:14:00+00:00,0.10432903468608856,0.10432903468608856,0.10432903468608856,0.10432903468608856,0.10432903468608856,82240
2023-12-14 00:15:00+00:00,0.1043284609913826,0.1043284609913826,0.1043284609913826,0.1043284609913826,0.1043284609913826,0
2023-12-14 00:16:00+00:00,0.10432498157024384,0.10432498157024384,0.10432498157024384,0.10432498157024384,0.10432498157024384,0
2023-12-14 00:17:00+00:00,0.10431761294603348,0.10431761294603348,0.10431761294603348,0.10431761294603348,0.10431761294603348,30448
2023-12-14 00:18:00+00:00,0.10430880635976791,0.10430880635976791,0.10430880635976791,0.10430880635976791,0.10430880635976791,0
2023-12-14 00:19:00+00:00,0.10431347787380219,0.10431347787380219,0.10431347787380219,0.10431347787380219,0.10431347787380219,0
2023-12-14 00:20:00+00:00,0.10430088639259338,0.10430088639259338,0.10430088639259338,0.10430088639259338,0.10430088639259338,56048
2023-12-14 00:21:00+00:00,0.1042991355061531,0.1042991355061531,0.1042991355061531,0.1042991355061531,0.1042991355061531,0
2023-12-14 00:22:00+00:00,0.10427874326705933,0.10427874326705933,0.10427874326705933,0.10427874326705933,0.10427874326705933,64384
2023-12-14 00:23:00+00:00,0.10428415983915329,0.10428415983915329,0.10428415983915329,0.10428415983915329,0.10428415983915329,119664
2023-12-14 00:24:00+00:00,0.10428380221128464,0.10428380221128464,0.10428380221128464,0.10428380221128464,0.10428380221128464,148176
2023-12-14 00:25:00+00:00,0.1042250245809555,0.1042250245809555,0.1042250245809555,0.1042250245809555,0.1042250245809555,0
2023-12-14 00:26:00+00:00,0.10423646122217178,0.10423646122217178,0.10423646122217178,0.10423646122217178,0.10423646122217178,0
2023-12-14 00:27:00+00:00,0.10423675924539566,0.10423675924539566,0.10423675924539566,0.10423675924539566,0.10423675924539566,0
2023-12-14 00:28:00+00:00,0.1042436808347702,0.1042436808347702,0.1042436808347702,0.1042436808347702,0.1042436808347702,52384
2023-12-14 00:29:00+00:00,0.10424105823040009,0.10424105823040009,0.10424105823040009,0.10424105823040009,0.10424105823040009,0
2023-12-14 00:30:00+00:00,0.10425172746181488,0.10425172746181488,0.10425172746181488,0.10425172746181488,0.10425172746181488,8672
2023-12-14 00:31:00+00:00,0.10428759455680847,0.10428759455680847,0.10428759455680847,0.10428759455680847,0.10428759455680847,129200
2023-12-14 00:32:00+00:00,0.10429085791110992,0.10429085791110992,0.10429085791110992,0.10429085791110992,0.10429085791110992,25408
2023-12-14 00:33:00+00:00,0.10429128259420395,0.10429128259420395,0.10429128259420395,0.10429128259420395,0.10429128259420395,45312
2023-12-14 00:34:00+00:00,0.1043367013335228,0.1043367013335228,0.1043367013335228,0.1043367013335228,0.1043367013335228,34752
2023-12-14 00:35:00+00:00,0.10432258993387222,0.10432258993387222,0.10432258993387222,0.10432258993387222,0.10432258993387222,51296
2023-12-14 00:36:00+00:00,0.10431773960590363,0.10431773960590363,0.10431773960590363,0.10431773960590363,0.10431773960590363,19680
2023-12-14 00:37:00+00:00,0.10428588092327118,0.10428588092327118,0.10428588092327118,0.10428588092327118,0.10428588092327118,0
2023-12-14 00:38:00+00:00,0.10428252816200256,0.10428252816200256,0.10428252816200256,0.10428252816200256,0.10428252816200256,0
2023-12-14 00:39:00+00:00,0.10427988320589066,0.10427988320589066,0.10427988320589066,0.10427988320589066,0.10427988320589066,0
2023-12-14 00:40:00+00:00,0.10427788645029068,0.10427788645029068,0.10427788645029068,0.10427788645029068,0.10427788645029068,203328
2023-12-14 00:41:00+00:00,0.1042826846241951,0.1042826846241951,0.1042826846241951,0.1042826846241951,0.1042826846241951,0
2023-12-14 00:42:00+00:00,0.10427704453468323,0.10427704453468323,0.10427704453468323,0.10427704453468323,0.10427704453468323,3360
2023-12-14 00:43:00+00:00,0.10426098853349686,0.10426098853349686,0.10426098853349686,0.10426098853349686,0.10426098853349686,24080
2023-12-14 00:44:00+00:00,0.10426072776317596,0.10426072776317596,0.10426072776317596,0.10426072776317596,0.10426072776317596,0
2023-12-14 00:45:00+00:00,0.10426334291696548,0.10426334291696548,0.10426334291696548,0.10426334291696548,0.10426334291696548,0
2023-12-14 00:46:00+00:00,0.10427038371562958,0.10427038371562958,0.10427038371562958,0.10427038371562958,0.10427038371562958,0
2023-12-14 00:47:00+00:00,0.10425949841737747,0.10425949841737747,0.10425949841737747,0.10425949841737747,0.10425949841737747,0
2023-12-14 00:48:00+00:00,0.10425945371389389,0.10425945371389389,0.10425945371389389,0.10425945371389389,0.10425945371389389,12384
2023-12-14 00:49:00+00:00,0.1042780876159668,0.1042780876159668,0.1042780876159668,0.1042780876159668,0.1042780876159668,0
2023-12-14 00:50:00+00:00,0.10427707433700562,0.10427707433700562,0.10427707433700562,0.10427707433700562,0.10427707433700562,12848
2023-12-14 00:51:00+00:00,0.10428151488304138,0.10428151488304138,0.10428151488304138,0.10428151488304138,0.10428151488304138,31744
2023-12-14 00:52:00+00:00,0.10429702699184418,0.10429702699184418,0.10429702699184418,0.10429702699184418,0.10429702699184418,0
2023-12-14 00:53:00+00:00,0.10431258380413055,0.10431258380413055,0.10431258380413055,0.10431258380413055,0.10431258380413055,480
2023-12-14 00:54:00+00:00,0.10430661588907242,0.10430661588907242,0.10430661588907242,0.10430661588907242,0.10430661588907242,6560
2023-12-14 00:55:00+00:00,0.10430775582790375,0.10430775582790375,0.10430775582790375,0.10430775582790375,0.10430775582790375,10704
2023-12-14 00:56:00+00:00,0.10430685430765152,0.10430685430765152,0.10430685430765152,0.10430685430765152,0.10430685430765152,25136
2023-12-14 00:57:00+00:00,0.10431631654500961,0.10431631654500961,0.10431631654500961,0.10431631654500961,0.10431631654500961,44624
2023-12-14 00:58:00+00:00,0.10430456697940826,0.10430456697940826,0.10430456697940826,0.10430456697940826,0.10430456697940826,20928
2023-12-14 00:59:00+00:00,0.1042935699224472,0.1042935699224472,0.1042935699224472,0.1042935699224472,0.1042935699224472,53184
2023-12-14 01:00:00+00:00,0.10429704189300537,0.10429704189300537,0.10429704189300537,0.10429704189300537,0.10429704189300537,10720
2023-12-14 01:01:00+00:00,0.1043318584561348,0.1043318584561348,0.1043318584561348,0.1043318584561348,0.1043318584561348,0
2023-12-14 01:02:00+00:00,0.10432920604944229,0.10432920604944229,0.10432920604944229,0.10432920604944229,0.10432920604944229,39856
2023-12-14 01:03:00+00:00,0.10432226955890656,0.10432226955890656,0.10432226955890656,0.10432226955890656,0.10432226955890656,29488
2023-12-14 01:04:00+00:00,0.10432865470647812,0.10432865470647812,0.10432865470647812,0.10432865470647812,0.10432865470647812,249056
2023-12-14 01:05:00+00:00,0.1043272316455841,0.1043272316455841,0.1043272316455841,0.1043272316455841,0.1043272316455841,0
2023-12-14 01:06:00+00:00,0.10433294624090195,0.10433294624090195,0.10433294624090195,0.10433294624090195,0.10433294624090195,113760
2023-12-14 01:07:00+00:00,0.10435089468955994,0.10435089468955994,0.10435089468955994,0.10435089468955994,0.10435089468955994,87264
2023-12-14 01:08:00+00:00,0.10434930771589279,0.10434930771589279,0.10434930771589279,0.10434930771589279,0.10434930771589279,96416
2023-12-14 01:09:00+00:00,0.10435408353805542,0.10435408353805542,0.10435408353805542,0.10435408353805542,0.10435408353805542,0
2023-12-14 01:10:00+00:00,0.10438397526741028,0.10438397526741028,0.10438397526741028,0.10438397526741028,0.10438397526741028,0
2023-12-14 01:11:00+00:00,0.10436943918466568,0.10436943918466568,0.10436943918466568,0.10436943918466568,0.10436943918466568,0
2023-12-14 01:12:00+00:00,0.10436291247606277,0.10436291247606277,0.10436291247606277,0.10436291247606277,0.10436291247606277,0
2023-12-14 01:13:00+00:00,0.10435739159584045,0.10435739159584045,0.10435739159584045,0.10435739159584045,0.10435739159584045,0
2023-12-14 01:14:00+00:00,0.1043577641248703,0.1043577641248703,0.1043577641248703,0.1043577641248703,0.1043577641248703,9824
2023-12-14 01:15:00+00:00,0.10436155647039413,0.10436155647039413,0.10436155647039413,0.10436155647039413,0.10436155647039413,31520
2023-12-14 01:16:00+00:00,0.10438603162765503,0.10438603162765503,0.10438603162765503,0.10438603162765503,0.10438603162765503,0
2023-12-14 01:17:00+00:00,0.10437671840190887,0.10437671840190887,0.10437671840190887,0.10437671840190887,0.10437671840190887,21984
2023-12-14 01:18:00+00:00,0.10436570644378662,0.10436570644378662,0.10436570644378662,0.10436570644378662,0.10436570644378662,0
2023-12-14 01:19:00+00:00,0.1043151468038559,0.1043151468038559,0.1043151468038559,0.1043151468038559,0.1043151468038559,0
2023-12-14 01:20:00+00:00,0.10432349145412445,0.10432349145412445,0.10432349145412445,0.10432349145412445,0.10432349145412445,0
2023-12-14 01:21:00+00:00,0.10431916266679764,0.10431916266679764,0.10431916266679764,0.10431916266679764,0.10431916266679764,22896
2023-12-14 01:22:00+00:00,0.10429148375988007,0.10429148375988007,0.10429148375988007,0.10429148375988007,0.10429148375988007,0
2023-12-14 01:23:00+00:00,0.10428232699632645,0.10428232699632645,0.10428232699632645,0.10428232699632645,0.10428232699632645,0
2023-12-14 01:24:00+00:00,0.10428232699632645,0.10428232699632645,0.10428232699632645,0.10428232699632645,0.10428232699632645,0
2023-12-14 01:25:00+00:00,0.10426780581474304,0.10426780581474304,0.10426780581474304,0.10426780581474304,0.10426780581474304,0
2023-12-14 01:26:00+00:00,0.10427819192409515,0.10427819192409515,0.10427819192409515,0.10427819192409515,0.10427819192409515,0
2023-12-14 01:27:00+00:00,0.10429387539625168,0.10429387539625168,0.10429387539625168,0.10429387539625168,0.10429387539625168,6608
2023-12-14 01:28:00+00:00,0.10433245450258255,0.10433245450258255,0.10433245450258255,0.10433245450258255,0.10433245450258255,0
2023-12-14 01:29:00+00:00,0.10433090478181839,0.10433090478181839,0.10433090478181839,0.10433090478181839,0.10433090478181839,0
2023-12-14 01:30:00+00:00,0.10432986915111542,0.10432986915111542,0.10432986915111542,0.10432986915111542,0.10432986915111542,0
2023-12-14 01:31:00+00:00,0.104337677359581,0.104337677359581,0.104337677359581,0.104337677359581,0.104337677359581,0
2023-12-14 01:32:00+00:00,0.10434336215257645,0.10434336215257645,0.10434336215257645,0.10434336215257645,0.10434336215257645,0
2023-12-14 01:33:00+00:00,0.10433978587388992,0.10433978587388992,0.10433978587388992,0.10433978587388992,0.10433978587388992,0
2023-12-14 01:34:00+00:00,0.10433774441480637,0.10433774441480637,0.10433774441480637,0.10433774441480637,0.10433774441480637,0
2023-12-14 01:35:00+00:00,0.10432536154985428,0.10432536154985428,0.10432536154985428,0.10432536154985428,0.10432536154985428,0
2023-12-14 01:36:00+00:00,0.10432855039834976,0.10432855039834976,0.10432855039834976,0.10432855039834976,0.10432855039834976,0
2023-12-14 01:37:00+00:00,0.10432707518339157,0.10432707518339157,0.10432707518339157,0.10432707518339157,0.10432707518339157,0
2023-12-14 01:38:00+00:00,0.10432391613721848,0.10432391613721848,0.10432391613721848,0.10432391613721848,0.10432391613721848,0
2023-12-14 01:39:00+00:00,0.10431904345750809,0.10431904345750809,0.10431904345750809,0.10431904345750809,0.10431904345750809,0
2023-12-14 01:41:00+00:00,0.10428530722856522,0.10428530722856522,0.10428530722856522,0.10428530722856522,0.10428530722856522,0
2023-12-14 01:42:00+00:00,0.10428865998983383,0.10428865998983383,0.10428865998983383,0.10428865998983383,0.10428865998983383,0
2023-12-14 01:43:00+00:00,0.1043061688542366,0.1043061688542366,0.1043061688542366,0.1043061688542366,0.1043061688542366,0
2023-12-14 01:44:00+00:00,0.10430120676755905,0.10430120676755905,0.10430120676755905,0.10430120676755905,0.10430120676755905,13552
2023-12-14 01:45:00+00:00,0.10430685430765152,0.10430685430765152,0.10430685430765152,0.10430685430765152,0.10430685430765152,0
2023-12-14 01:46:00+00:00,0.1043289452791214,0.1043289452791214,0.1043289452791214,0.1043289452791214,0.1043289452791214,23072
2023-12-14 01:47:00+00:00,0.10432124882936478,0.10432124882936478,0.10432124882936478,0.10432124882936478,0.10432124882936478,0
2023-12-14 01:48:00+00:00,0.10430693626403809,0.10430693626403809,0.10430693626403809,0.10430693626403809,0.10430693626403809,0
2023-12-14 01:49:00+00:00,0.10431395471096039,0.10431395471096039,0.10431395471096039,0.10431395471096039,0.10431395471096039,0
2023-12-14 01:50:00+00:00,0.10430927574634552,0.10430927574634552,0.10430927574634552,0.10430927574634552,0.10430927574634552,0
2023-12-14 01:51:00+00:00,0.1043056771159172,0.1043056771159172,0.1043056771159172,0.1043056771159172,0.1043056771159172,0
2023-12-14 01:52:00+00:00,0.1043098047375679,0.1043098047375679,0.1043098047375679,0.1043098047375679,0.1043098047375679,0
2023-12-14 01:53:00+00:00,0.10430776327848434,0.10430776327848434,0.10430776327848434,0.10430776327848434,0.10430776327848434,0
2023-12-14 01:54:00+00:00,0.10430747270584106,0.10430747270584106,0.10430747270584106,0.10430747270584106,0.10430747270584106,34240
2023-12-14 01:55:00+00:00,0.10427645593881607,0.10427645593881607,0.10427645593881607,0.10427645593881607,0.10427645593881607,48400
2023-12-14 01:56:00+00:00,0.10428008437156677,0.10428008437156677,0.10428008437156677,0.10428008437156677,0.10428008437156677,32352
2023-12-14 01:57:00+00:00,0.104278564453125,0.104278564453125,0.104278564453125,0.104278564453125,0.104278564453125,0
2023-12-14 01:58:00+00:00,0.10429259389638901,0.10429259389638901,0.10429259389638901,0.10429259389638901,0.10429259389638901,0
2023-12-14 01:59:00+00:00,0.10429555177688599,0.10429555177688599,0.10429555177688599,0.10429555177688599,0.10429555177688599,38096
2023-12-14 02:00:00+00:00,0.10429815948009491,0.10429815948009491,0.10429815948009491,0.10429815948009491,0.10429815948009491,0
2023-12-14 02:01:00+00:00,0.10433056950569153,0.10433056950569153,0.10433056950569153,0.10433056950569153,0.10433056950569153,0
2023-12-14 02:02:00+00:00,0.10433480888605118,0.10433480888605118,0.10433480888605118,0.10433480888605118,0.10433480888605118,0
2023-12-14 02:03:00+00:00,0.1043177917599678,0.1043177917599678,0.1043177917599678,0.1043177917599678,0.1043177917599678,0
2023-12-14 02:04:00+00:00,0.1043006181716919,0.1043006181716919,0.1043006181716919,0.1043006181716919,0.1043006181716919,0
2023-12-14 02:05:00+00:00,0.1042989194393158,0.1042989194393158,0.1042989194393158,0.1042989194393158,0.1042989194393158,0
2023-12-14 02:06:00+00:00,0.10430234670639038,0.10430234670639038,0.10430234670639038,0.10430234670639038,0.10430234670639038,0
2023-12-14 02:07:00+00:00,0.10428193211555481,0.10428193211555481,0.10428193211555481,0.10428193211555481,0.10428193211555481,0
2023-12-14 02:08:00+00:00,0.10427426546812057,0.10427426546812057,0.10427426546812057,0.10427426546812057,0.10427426546812057,0
2023-12-14 02:09:00+00:00,0.1042761579155922,0.1042761579155922,0.1042761579155922,0.1042761579155922,0.1042761579155922,0
2023-12-14 02:10:00+00:00,0.10426025092601776,0.10426025092601776,0.10426025092601776,0.10426025092601776,0.10426025092601776,0
2023-12-14 02:11:00+00:00,0.10425971448421478,0.10425971448421478,0.10425971448421478,0.10425971448421478,0.10425971448421478,0
2023-12-14 02:12:00+00:00,0.10426096618175507,0.10426096618175507,0.10426096618175507,0.10426096618175507,0.10426096618175507,0
2023-12-14 02:13:00+00:00,0.1042601689696312,0.1042601689696312,0.1042601689696312,0.1042601689696312,0.1042601689696312,0
2023-12-14 02:14:00+00:00,0.10425517708063126,0.10425517708063126,0.10425517708063126,0.10425517708063126,0.10425517708063126,0
2023-12-14 02:15:00+00:00,0.10424719005823135,0.10424719005823135,0.10424719005823135,0.10424719005823135,0.10424719005823135,0
2023-12-14 02:16:00+00:00,0.10425963252782822,0.10425963252782822,0.10425963252782822,0.10425963252782822,0.10425963252782822,0
2023-12-14 02:17:00+00:00,0.1042545959353447,0.1042545959353447,0.1042545959353447,0.1042545959353447,0.1042545959353447,0
2023-12-14 02:18:00+00:00,0.10424626618623734,0.10424626618623734,0.10424626618623734,0.10424626618623734,0.10424626618623734,0
2023-12-14 02:19:00+00:00,0.10421764105558395,0.10421764105558395,0.10421764105558395,0.10421764105558395,0.10421764105558395,0
2023-12-14 02:20:00+00:00,0.1042100191116333,0.1042100191116333,0.1042100191116333,0.1042100191116333,0.1042100191116333,0
2023-12-14 02:21:00+00:00,0.10420646518468857,0.10420646518468857,0.10420646518468857,0.10420646518468857,0.10420646518468857,0
2023-12-14 02:22:00+00:00,0.10417357832193375,0.10417357832193375,0.10417357832193375,0.10417357832193375,0.10417357832193375,0
2023-12-14 02:23:00+00:00,0.10418308526277542,0.10418308526277542,0.10418308526277542,0.10418308526277542,0.10418308526277542,0
2023-12-14 02:24:00+00:00,0.10419359803199768,0.10419359803199768,0.10419359803199768,0.10419359803199768,0.10419359803199768,0
2023-12-14 02:26:00+00:00,0.10425037890672684,0.10425037890672684,0.10425037890672684,0.10425037890672684,0.10425037890672684,116224
2023-12-14 02:27:00+00:00,0.10424686968326569,0.10424686968326569,0.10424686968326569,0.10424686968326569,0.10424686968326569,0
2023-12-14 02:28:00+00:00,0.10420652478933334,0.10420652478933334,0.10420652478933334,0.10420652478933334,0.10420652478933334,0
2023-12-14 02:29:00+00:00,0.10419604182243347,0.10419604182243347,0.10419604182243347,0.10419604182243347,0.10419604182243347,0
2023-12-14 02:30:00+00:00,0.10420070588588715,0.10420070588588715,0.10420070588588715,0.10420070588588715,0.10420070588588715,0
2023-12-14 02:31:00+00:00,0.10420676320791245,0.10420676320791245,0.10420676320791245,0.10420676320791245,0.10420676320791245,0
2023-12-14 02:32:00+00:00,0.10420771688222885,0.10420771688222885,0.10420771688222885,0.10420771688222885,0.10420771688222885,0
2023-12-14 02:33:00+00:00,0.10421303659677505,0.10421303659677505,0.10421303659677505,0.10421303659677505,0.10421303659677505,0
2023-12-14 02:34:00+00:00,0.10420605540275574,0.10420605540275574,0.10420605540275574,0.10420605540275574,0.10420605540275574,0
2023-12-14 02:35:00+00:00,0.10420826822519302,0.10420826822519302,0.10420826822519302,0.10420826822519302,0.10420826822519302,18992
2023-12-14 02:36:00+00:00,0.10421015322208405,0.10421015322208405,0.10421015322208405,0.10421015322208405,0.10421015322208405,0
2023-12-14 02:37:00+00:00,0.10420791804790497,0.10420791804790497,0.10420791804790497,0.10420791804790497,0.10420791804790497,0
2023-12-14 02:38:00+00:00,0.10420123487710953,0.10420123487710953,0.10420123487710953,0.10420123487710953,0.10420123487710953,0
2023-12-14 02:39:00+00:00,0.10421241819858551,0.10421241819858551,0.10421241819858551,0.10421241819858551,0.10421241819858551,18400
2023-12-14 02:40:00+00:00,0.10420452058315277,0.10420452058315277,0.10420452058315277,0.10420452058315277,0.10420452058315277,23648
2023-12-14 02:41:00+00:00,0.10420543700456619,0.10420543700456619,0.10420543700456619,0.10420543700456619,0.10420543700456619,72528
2023-12-14 02:42:00+00:00,0.10421327501535416,0.10421327501535416,0.10421327501535416,0.10421327501535416,0.10421327501535416,0
2023-12-14 02:43:00+00:00,0.10424730181694031,0.10424730181694031,0.10424730181694031,0.10424730181694031,0.10424730181694031,0
2023-12-14 02:44:00+00:00,0.10422959178686142,0.10422959178686142,0.10422959178686142,0.10422959178686142,0.10422959178686142,0
2023-12-14 02:45:00+00:00,0.10424012690782547,0.10424012690782547,0.10424012690782547,0.10424012690782547,0.10424012690782547,0
2023-12-14 02:46:00+00:00,0.10420701652765274,0.10420701652765274,0.10420701652765274,0.10420701652765274,0.10420701652765274,52864
2023-12-14 02:47:00+00:00,0.10421066731214523,0.10421066731214523,0.10421066731214523,0.10421066731214523,0.10421066731214523,2656
2023-12-14 02:48:00+00:00,0.10421248525381088,0.10421248525381088,0.10421248525381088,0.10421248525381088,0.10421248525381088,11808
2023-12-14 02:49:00+00:00,0.10422176122665405,0.10422176122665405,0.10422176122665405,0.10422176122665405,0.10422176122665405,0
2023-12-14 02:50:00+00:00,0.10421108454465866,0.10421108454465866,0.10421108454465866,0.10421108454465866,0.10421108454465866,0
2023-12-14 02:51:00+00:00,0.10422404110431671,0.10422404110431671,0.10422404110431671,0.10422404110431671,0.10422404110431671,0
2023-12-14 02:52:00+00:00,0.10423551499843597,0.10423551499843597,0.10423551499843597,0.10423551499843597,0.10423551499843597,0
2023-12-14 02:53:00+00:00,0.10425136238336563,0.10425136238336563,0.10425136238336563,0.10425136238336563,0.10425136238336563,13952
2023-12-14 02:54:00+00:00,0.10424220561981201,0.10424220561981201,0.10424220561981201,0.10424220561981201,0.10424220561981201,0
2023-12-14 02:55:00+00:00,0.10421303659677505,0.10421303659677505,0.10421303659677505,0.10421303659677505,0.10421303659677505,0
2023-12-14 02:56:00+00:00,0.10420665889978409,0.10420665889978409,0.10420665889978409,0.10420665889978409,0.10420665889978409,0
2023-12-14 02:57:00+00:00,0.10419438034296036,0.10419438034296036,0.10419438034296036,0.10419438034296036,0.10419438034296036,0
2023-12-14 02:58:00+00:00,0.104191854596138,0.104191854596138,0.104191854596138,0.104191854596138,0.104191854596138,0
2023-12-14 02:59:00+00:00,0.10419484972953796,0.10419484972953796,0.10419484972953796,0.10419484972953796,0.10419484972953796,5584
2023-12-14 03:00:00+00:00,0.10420211404561996,0.10420211404561996,0.10420211404561996,0.10420211404561996,0.10420211404561996,0
2023-12-14 03:01:00+00:00,0.1042211577296257,0.1042211577296257,0.1042211577296257,0.1042211577296257,0.1042211577296257,0
2023-12-14 03:02:00+00:00,0.10422856360673904,0.10422856360673904,0.10422856360673904,0.10422856360673904,0.10422856360673904,0
2023-12-14 03:03:00+00:00,0.10423016548156738,0.10423016548156738,0.10423016548156738,0.10423016548156738,0.10423016548156738,2704
2023-12-14 03:04:00+00:00,0.10423190891742706,0.10423190891742706,0.10423190891742706,0.10423190891742706,0.10423190891742706,0
2023-12-14 03:05:00+00:00,0.10423045605421066,0.10423045605421066,0.10423045605421066,0.10423045605421066,0.10423045605421066,0
2023-12-14 03:06:00+00:00,0.10422603040933609,0.10422603040933609,0.10422603040933609,0.10422603040933609,0.10422603040933609,2800
2023-12-14 03:07:00+00:00,0.10425478219985962,0.10425478219985962,0.10425478219985962,0.10425478219985962,0.10425478219985962,0
2023-12-14 03:08:00+00:00,0.10426488518714905,0.10426488518714905,0.10426488518714905,0.10426488518714905,0.10426488518714905,0
2023-12-14 03:09:00+00:00,0.10426223278045654,0.10426223278045654,0.10426223278045654,0.10426223278045654,0.10426223278045654,0
2023-12-14 03:10:00+00:00,0.10424616187810898,0.10424616187810898,0.10424616187810898,0.10424616187810898,0.10424616187810898,0
2023-12-14 03:11:00+00:00,0.10424736887216568,0.10424736887216568,0.10424736887216568,0.10424736887216568,0.10424736887216568,0
2023-12-14 03:12:00+00:00,0.10424147546291351,0.10424147546291351,0.10424147546291351,0.10424147546291351,0.10424147546291351,76176
2023-12-14 03:13:00+00:00,0.10424862056970596,0.10424862056970596,0.10424862056970596,0.10424862056970596,0.10424862056970596,15312
2023-12-14 03:14:00+00:00,0.10425102710723877,0.10425102710723877,0.10425102710723877,0.10425102710723877,0.10425102710723877,58528
2023-12-14 03:15:00+00:00,0.10425069183111191,0.10425069183111191,0.10425069183111191,0.10425069183111191,0.10425069183111191,16496
2023-12-14 03:16:00+00:00,0.10425443947315216,0.10425443947315216,0.10425443947315216,0.10425443947315216,0.10425443947315216,0
2023-12-14 03:17:00+00:00,0.10423680394887924,0.10423680394887924,0.10423680394887924,0.10423680394887924,0.10423680394887924,0
2023-12-14 03:18:00+00:00,0.10423754900693893,0.10423754900693893,0.10423754900693893,0.10423754900693893,0.10423754900693893,35216
2023-12-14 03:19:00+00:00,0.10419337451457977,0.10419337451457977,0.10419337451457977,0.10419337451457977,0.10419337451457977,58736
2023-12-14 03:20:00+00:00,0.10418909043073654,0.10418909043073654,0.10418909043073654,0.10418909043073654,0.10418909043073654,41280
2023-12-14 03:21:00+00:00,0.10419071465730667,0.10419071465730667,0.10419071465730667,0.10419071465730667,0.10419071465730667,0
2023-12-14 03:22:00+00:00,0.10419771075248718,0.10419771075248718,0.10419771075248718,0.10419771075248718,0.10419771075248718,0
2023-12-14 03:23:00+00:00,0.10419099777936935,0.10419099777936935,0.10419099777936935,0.10419099777936935,0.10419099777936935,16112
2023-12-14 03:24:00+00:00,0.10418833047151566,0.10418833047151566,0.10418833047151566,0.10418833047151566,0.10418833047151566,0
2023-12-14 03:25:00+00:00,0.10412974655628204,0.10412974655628204,0.10412974655628204,0.10412974655628204,0.10412974655628204,0
2023-12-14 03:26:00+00:00,0.10412359237670898,0.10412359237670898,0.10412359237670898,0.10412359237670898,0.10412359237670898,1088
2023-12-14 03:27:00+00:00,0.10413017868995667,0.10413017868995667,0.10413017868995667,0.10413017868995667,0.10413017868995667,0
2023-12-14 03:28:00+00:00,0.10412955284118652,0.10412955284118652,0.10412955284118652,0.10412955284118652,0.10412955284118652,0
2023-12-14 03:29:00+00:00,0.10412689298391342,0.10412689298391342,0.10412689298391342,0.10412689298391342,0.10412689298391342,0
2023-12-14 03:30:00+00:00,0.10412024706602097,0.10412024706602097,0.10412024706602097,0.10412024706602097,0.10412024706602097,0
2023-12-14 03:31:00+00:00,0.1041204184293747,0.1041204184293747,0.1041204184293747,0.1041204184293747,0.1041204184293747,0
2023-12-14 03:32:00+00:00,0.10411550849676132,0.10411550849676132,0.10411550849676132,0.10411550849676132,0.10411550849676132,7680
2023-12-14 03:33:00+00:00,0.10410694777965546,0.10410694777965546,0.10410694777965546,0.10410694777965546,0.10410694777965546,0
2023-12-14 03:34:00+00:00,0.10411323606967926,0.10411323606967926,0.10411323606967926,0.10411323606967926,0.10411323606967926,0
2023-12-14 03:35:00+00:00,0.10410355776548386,0.10410355776548386,0.10410355776548386,0.10410355776548386,0.10410355776548386,0
2023-12-14 03:36:00+00:00,0.10411373525857925,0.10411373525857925,0.10411373525857925,0.10411373525857925,0.10411373525857925,0
2023-12-14 03:37:00+00:00,0.10412802547216415,0.10412802547216415,0.10412802547216415,0.10412802547216415,0.10412802547216415,0
2023-12-14 03:38:00+00:00,0.10412199050188065,0.10412199050188065,0.10412199050188065,0.10412199050188065,0.10412199050188065,0
2023-12-14 03:40:00+00:00,0.10407471656799316,0.10407471656799316,0.10407471656799316,0.10407471656799316,0.10407471656799316,0
2023-12-14 03:41:00+00:00,0.10407459735870361,0.10407459735870361,0.10407459735870361,0.10407459735870361,0.10407459735870361,124272
2023-12-14 03:42:00+00:00,0.10408289730548859,0.10408289730548859,0.10408289730548859,0.10408289730548859,0.10408289730548859,0
2023-12-14 03:43:00+00:00,0.1040765792131424,0.1040765792131424,0.1040765792131424,0.1040765792131424,0.1040765792131424,0
2023-12-14 03:44:00+00:00,0.10407954454421997,0.10407954454421997,0.10407954454421997,0.10407954454421997,0.10407954454421997,0
2023-12-14 03:45:00+00:00,0.10407669097185135,0.10407669097185135,0.10407669097185135,0.10407669097185135,0.10407669097185135,0
2023-12-14 03:46:00+00:00,0.10409919172525406,0.10409919172525406,0.10409919172525406,0.10409919172525406,0.10409919172525406,35312
2023-12-14 03:47:00+00:00,0.10410154610872269,0.10410154610872269,0.10410154610872269,0.10410154610872269,0.10410154610872269,0
2023-12-14 03:48:00+00:00,0.10409756749868393,0.10409756749868393,0.10409756749868393,0.10409756749868393,0.10409756749868393,0
2023-12-14 03:49:00+00:00,0.10410233587026596,0.10410233587026596,0.10410233587026596,0.10410233587026596,0.10410233587026596,0
2023-12-14 03:50:00+00:00,0.10409978032112122,0.10409978032112122,0.10409978032112122,0.10409978032112122,0.10409978032112122,0
2023-12-14 03:51:00+00:00,0.10409601032733917,0.10409601032733917,0.10409601032733917,0.10409601032733917,0.10409601032733917,35712
2023-12-14 03:52:00+00:00,0.10407894849777222,0.10407894849777222,0.10407894849777222,0.10407894849777222,0.10407894849777222,0
2023-12-14 03:53:00+00:00,0.10408081114292145,0.10408081114292145,0.10408081114292145,0.10408081114292145,0.10408081114292145,0
2023-12-14 03:54:00+00:00,0.10408531874418259,0.10408531874418259,0.10408531874418259,0.10408531874418259,0.10408531874418259,6848
2023-12-14 03:55:00+00:00,0.10410009324550629,0.10410009324550629,0.10410009324550629,0.10410009324550629,0.10410009324550629,0
2023-12-14 03:56:00+00:00,0.10409671813249588,0.10409671813249588,0.10409671813249588,0.10409671813249588,0.10409671813249588,0
2023-12-14 03:57:00+00:00,0.10410235822200775,0.10410235822200775,0.10410235822200775,0.10410235822200775,0.10410235822200775,0
2023-12-14 03:58:00+00:00,0.10411115735769272,0.10411115735769272,0.10411115735769272,0.10411115735769272,0.10411115735769272,0
2023-12-14 03:59:00+00:00,0.10411439836025238,0.10411439836025238,0.10411439836025238,0.10411439836025238,0.10411439836025238,18928
2023-12-14 04:00:00+00:00,0.10411337018013,0.10411337018013,0.10411337018013,0.10411337018013,0.10411337018013,0
2023-12-14 04:01:00+00:00,0.10410051047801971,0.10410051047801971,0.10410051047801971,0.10410051047801971,0.10410051047801971,0
2023-12-14 04:02:00+00:00,0.10410773009061813,0.10410773009061813,0.10410773009061813,0.10410773009061813,0.10410773009061813,0
2023-12-14 04:03:00+00:00,0.10410935431718826,0.10410935431718826,0.10410935431718826,0.10410935431718826,0.10410935431718826,0
2023-12-14 04:04:00+00:00,0.1041189506649971,0.1041189506649971,0.1041189506649971,0.1041189506649971,0.1041189506649971,0
2023-12-14 04:05:00+00:00,0.10411891341209412,0.10411891341209412,0.10411891341209412,0.10411891341209412,0.10411891341209412,0
2023-12-14 04:06:00+00:00,0.10411684960126877,0.10411684960126877,0.10411684960126877,0.10411684960126877,0.10411684960126877,0
2023-12-14 04:07:00+00:00,0.10408961027860641,0.10408961027860641,0.10408961027860641,0.10408961027860641,0.10408961027860641,0
2023-12-14 04:08:00+00:00,0.10410436987876892,0.10410436987876892,0.10410436987876892,0.10410436987876892,0.10410436987876892,0
2023-12-14 04:09:00+00:00,0.10410966724157333,0.10410966724157333,0.10410966724157333,0.10410966724157333,0.10410966724157333,6320
2023-12-14 04:10:00+00:00,0.10414770990610123,0.10414770990610123,0.10414770990610123,0.10414770990610123,0.10414770990610123,171744
2023-12-14 04:11:00+00:00,0.10414718836545944,0.10414718836545944,0.10414718836545944,0.10414718836545944,0.10414718836545944,0
2023-12-14 04:12:00+00:00,0.10414287447929382,0.10414287447929382,0.10414287447929382,0.10414287447929382,0.10414287447929382,0
2023-12-14 04:13:00+00:00,0.10413474589586258,0.10413474589586258,0.10413474589586258,0.10413474589586258,0.10413474589586258,0
2023-12-14 04:14:00+00:00,0.10413608700037003,0.10413608700037003,0.10413608700037003,0.10413608700037003,0.10413608700037003,21984
2023-12-14 04:15:00+00:00,0.10413777083158493,0.10413777083158493,0.10413777083158493,0.10413777083158493,0.10413777083158493,0
2023-12-14 04:16:00+00:00,0.10413070023059845,0.10413070023059845,0.10413070023059845,0.10413070023059845,0.10413070023059845,0
2023-12-14 04:17:00+00:00,0.10413115471601486,0.10413115471601486,0.10413115471601486,0.10413115471601486,0.10413115471601486,0
2023-12-14 04:18:00+00:00,0.1041441336274147,0.1041441336274147,0.1041441336274147,0.1041441336274147,0.1041441336274147,0
2023-12-14 04:19:00+00:00,0.10414249449968338,0.10414249449968338,0.10414249449968338,0.10414249449968338,0.10414249449968338,0
2023-12-14 04:20:00+00:00,0.10414032638072968,0.10414032638072968,0.10414032638072968,0.10414032638072968,0.10414032638072968,592
2023-12-14 04:21:00+00:00,0.1041409894824028,0.1041409894824028,0.1041409894824028,0.1041409894824028,0.1041409894824028,12560
2023-12-14 04:22:00+00:00,0.10413234680891037,0.10413234680891037,0.10413234680891037,0.10413234680891037,0.10413234680891037,0
2023-12-14 04:23:00+00:00,0.10413873195648193,0.10413873195648193,0.10413873195648193,0.10413873195648193,0.10413873195648193,0
2023-12-14 04:24:00+00:00,0.10414031147956848,0.10414031147956848,0.10414031147956848,0.10414031147956848,0.10414031147956848,0
2023-12-14 04:25:00+00:00,0.10415887087583542,0.10415887087583542,0.10415887087583542,0.10415887087583542,0.10415887087583542,0
2023-12-14 04:26:00+00:00,0.1041467934846878,0.1041467934846878,0.1041467934846878,0.1041467934846878,0.1041467934846878,0
2023-12-14 04:27:00+00:00,0.10414271056652069,0.10414271056652069,0.10414271056652069,0.10414271056652069,0.10414271056652069,0
2023-12-14 04:28:00+00:00,0.10413974523544312,0.10413974523544312,0.10413974523544312,0.10413974523544312,0.10413974523544312,0
2023-12-14 04:29:00+00:00,0.10414446145296097,0.10414446145296097,0.10414446145296097,0.10414446145296097,0.10414446145296097,0
2023-12-14 04:30:00+00:00,0.10414039343595505,0.10414039343595505,0.10414039343595505,0.10414039343595505,0.10414039343595505,0
2023-12-14 04:31:00+00:00,0.1041451022028923,0.1041451022028923,0.1041451022028923,0.1041451022028923,0.1041451022028923,0
2023-12-14 04:32:00+00:00,0.10413887351751328,0.10413887351751328,0.10413887351751328,0.10413887351751328,0.10413887351751328,0
2023-12-14 04:33:00+00:00,0.10413462668657303,0.10413462668657303,0.10413462668657303,0.10413462668657303,0.10413462668657303,0
2023-12-14 04:34:00+00:00,0.10413631051778793,0.10413631051778793,0.10413631051778793,0.10413631051778793,0.10413631051778793,0
2023-12-14 04:35:00+00:00,0.1041368842124939,0.1041368842124939,0.1041368842124939,0.1041368842124939,0.1041368842124939,0
2023-12-14 04:36:00+00:00,0.10413748025894165,0.10413748025894165,0.10413748025894165,0.10413748025894165,0.10413748025894165,0
2023-12-14 04:37:00+00:00,0.104121133685112,0.104121133685112,0.104121133685112,0.104121133685112,0.104121133685112,0
2023-12-14 04:38:00+00:00,0.10412265360355377,0.10412265360355377,0.10412265360355377,0.10412265360355377,0.10412265360355377,0
2023-12-14 04:39:00+00:00,0.10411795228719711,0.10411795228719711,0.10411795228719711,0.10411795228719711,0.10411795228719711,0
2023-12-14 04:40:00+00:00,0.10411885380744934,0.10411885380744934,0.10411885380744934,0.10411885380744934,0.10411885380744934,0
2023-12-14 04:41:00+00:00,0.10411400347948074,0.10411400347948074,0.10411400347948074,0.10411400347948074,0.10411400347948074,0
2023-12-14 04:42:00+00:00,0.10411251336336136,0.10411251336336136,0.10411251336336136,0.10411251336336136,0.10411251336336136,38080
2023-12-14 04:43:00+00:00,0.10413700342178345,0.10413700342178345,0.10413700342178345,0.10413700342178345,0.10413700342178345,49600
2023-12-14 04:44:00+00:00,0.10413667559623718,0.10413667559623718,0.10413667559623718,0.10413667559623718,0.10413667559623718,33280
2023-12-14 04:45:00+00:00,0.10414101183414459,0.10414101183414459,0.10414101183414459,0.10414101183414459,0.10414101183414459,21616
2023-12-14 04:46:00+00:00,0.10416285693645477,0.10416285693645477,0.10416285693645477,0.10416285693645477,0.10416285693645477,65088
2023-12-14 04:47:00+00:00,0.10414987057447433,0.10414987057447433,0.10414987057447433,0.10414987057447433,0.10414987057447433,6928
2023-12-14 04:48:00+00:00,0.10414253175258636,0.10414253175258636,0.10414253175258636,0.10414253175258636,0.10414253175258636,0
2023-12-14 04:49:00+00:00,0.1041165441274643,0.1041165441274643,0.1041165441274643,0.1041165441274643,0.1041165441274643,0
2023-12-14 04:50:00+00:00,0.1041160300374031,0.1041160300374031,0.1041160300374031,0.1041160300374031,0.1041160300374031,0
2023-12-14 04:51:00+00:00,0.1041184812784195,0.1041184812784195,0.1041184812784195,0.1041184812784195,0.1041184812784195,0
2023-12-14 04:52:00+00:00,0.10410437732934952,0.10410437732934952,0.10410437732934952,0.10410437732934952,0.10410437732934952,0
2023-12-14 04:54:00+00:00,0.10410583019256592,0.10410583019256592,0.10410583019256592,0.10410583019256592,0.10410583019256592,0
2023-12-14 04:55:00+00:00,0.10411690920591354,0.10411690920591354,0.10411690920591354,0.10411690920591354,0.10411690920591354,0
2023-12-14 04:56:00+00:00,0.10413450747728348,0.10413450747728348,0.10413450747728348,0.10413450747728348,0.10413450747728348,0
2023-12-14 04:57:00+00:00,0.10413680970668793,0.10413680970668793,0.10413680970668793,0.10413680970668793,0.10413680970668793,14640
2023-12-14 04:58:00+00:00,0.10415852814912796,0.10415852814912796,0.10415852814912796,0.10415852814912796,0.10415852814912796,0
2023-12-14 04:59:00+00:00,0.1041581854224205,0.1041581854224205,0.1041581854224205,0.1041581854224205,0.1041581854224205,0
2023-12-14 05:00:00+00:00,0.10415233671665192,0.10415233671665192,0.10415233671665192,0.10415233671665192,0.10415233671665192,0
2023-12-14 05:01:00+00:00,0.10413524508476257,0.10413524508476257,0.10413524508476257,0.10413524508476257,0.10413524508476257,0
2023-12-14 05:02:00+00:00,0.10413683950901031,0.10413683950901031,0.10413683950901031,0.10413683950901031,0.10413683950901031,0
2023-12-14 05:03:00+00:00,0.10414264351129532,0.10414264351129532,0.10414264351129532,0.10414264351129532,0.10414264351129532,3888
2023-12-14 05:04:00+00:00,0.10414787381887436,0.10414787381887436,0.10414787381887436,0.10414787381887436,0.10414787381887436,0
2023-12-14 05:05:00+00:00,0.10414266586303711,0.10414266586303711,0.10414266586303711,0.10414266586303711,0.10414266586303711,0
2023-12-14 05:06:00+00:00,0.10413874685764313,0.10413874685764313,0.10413874685764313,0.10413874685764313,0.10413874685764313,6688
2023-12-14 05:07:00+00:00,0.1041308119893074,0.1041308119893074,0.1041308119893074,0.1041308119893074,0.1041308119893074,0
2023-12-14 05:08:00+00:00,0.10413940995931625,0.10413940995931625,0.10413940995931625,0.10413940995931625,0.10413940995931625,9984
2023-12-14 05:09:00+00:00,0.10413749516010284,0.10413749516010284,0.10413749516010284,0.10413749516010284,0.10413749516010284,0
2023-12-14 05:10:00+00:00,0.10416286438703537,0.10416286438703537,0.10416286438703537,0.10416286438703537,0.10416286438703537,75056
2023-12-14 05:11:00+00:00,0.10416876524686813,0.10416876524686813,0.10416876524686813,0.10416876524686813,0.10416876524686813,0
2023-12-14 05:12:00+00:00,0.10416637361049652,0.10416637361049652,0.10416637361049652,0.10416637361049652,0.10416637361049652,21008
2023-12-14 05:13:00+00:00,0.10418577492237091,0.10418577492237091,0.10418577492237091,0.10418577492237091,0.10418577492237091,73040
2023-12-14 05:14:00+00:00,0.10418904572725296,0.10418904572725296,0.10418904572725296,0.10418904572725296,0.10418904572725296,57552
2023-12-14 05:15:00+00:00,0.10418348759412766,0.10418348759412766,0.10418348759412766,0.10418348759412766,0.10418348759412766,18624
2023-12-14 05:16:00+00:00,0.10420747101306915,0.10420747101306915,0.10420747101306915,0.10420747101306915,0.10420747101306915,0
2023-12-14 05:17:00+00:00,0.10421478748321533,0.10421478748321533,0.10421478748321533,0.10421478748321533,0.10421478748321533,60496
2023-12-14 05:18:00+00:00,0.10422459989786148,0.10422459989786148,0.10422459989786148,0.10422459989786148,0.10422459989786148,7744
2023-12-14 05:19:00+00:00,0.10424251109361649,0.10424251109361649,0.10424251109361649,0.10424251109361649,0.10424251109361649,0
2023-12-14 05:20:00+00:00,0.10424178838729858,0.10424178838729858,0.10424178838729858,0.10424178838729858,0.10424178838729858,0
2023-12-14 05:21:00+00:00,0.10423868894577026,0.10423868894577026,0.10423868894577026,0.10423868894577026,0.10423868894577026,0
2023-12-14 05:22:00+00:00,0.10423440486192703,0.10423440486192703,0.10423440486192703,0.10423440486192703,0.10423440486192703,0
2023-12-14 05:23:00+00:00,0.10423656553030014,0.10423656553030014,0.10423656553030014,0.10423656553030014,0.10423656553030014,32736
2023-12-14 05:24:00+00:00,0.10423815995454788,0.10423815995454788,0.10423815995454788,0.10423815995454788,0.10423815995454788,0
2023-12-14 05:25:00+00:00,0.10425341129302979,0.10425341129302979,0.10425341129302979,0.10425341129302979,0.10425341129302979,0
2023-12-14 05:26:00+00:00,0.10425347834825516,0.10425347834825516,0.10425347834825516,0.10425347834825516,0.10425347834825516,59488
2023-12-14 05:27:00+00:00,0.10426301509141922,0.10426301509141922,0.10426301509141922,0.10426301509141922,0.10426301509141922,0
2023-12-14 05:28:00+00:00,0.1042717769742012,0.1042717769742012,0.1042717769742012,0.1042717769742012,0.1042717769742012,0
2023-12-14 05:29:00+00:00,0.10428017377853394,0.10428017377853394,0.10428017377853394,0.10428017377853394,0.10428017377853394,11312
2023-12-14 05:30:00+00:00,0.10427984595298767,0.10427984595298767,0.10427984595298767,0.10427984595298767,0.10427984595298767,7456
2023-12-14 05:31:00+00:00,0.10429830104112625,0.10429830104112625,0.10429830104112625,0.10429830104112625,0.10429830104112625,0
2023-12-14 05:32:00+00:00,0.10430128127336502,0.10430128127336502,0.10430128127336502,0.10430128127336502,0.10430128127336502,9888
2023-12-14 05:33:00+00:00,0.10430127382278442,0.10430127382278442,0.10430127382278442,0.10430127382278442,0.10430127382278442,0
2023-12-14 05:34:00+00:00,0.10432057827711105,0.10432057827711105,0.10432057827711105,0.10432057827711105,0.10432057827711105,0
2023-12-14 05:35:00+00:00,0.10431838780641556,0.10431838780641556,0.10431838780641556,0.10431838780641556,0.10431838780641556,14768
2023-12-14 05:36:00+00:00,0.10431718826293945,0.10431718826293945,0.10431718826293945,0.10431718826293945,0.10431718826293945,0
2023-12-14 05:37:00+00:00,0.10432787239551544,0.10432787239551544,0.10432787239551544,0.10432787239551544,0.10432787239551544,0
2023-12-14 05:38:00+00:00,0.10433363914489746,0.10433363914489746,0.10433363914489746,0.10433363914489746,0.10433363914489746,0
2023-12-14 05:39:00+00:00,0.10433926433324814,0.10433926433324814,0.10433926433324814,0.10433926433324814,0.10433926433324814,0
2023-12-14 05:40:00+00:00,0.10433276742696762,0.10433276742696762,0.10433276742696762,0.10433276742696762,0.10433276742696762,0
2023-12-14 05:41:00+00:00,0.10433252155780792,0.10433252155780792,0.10433252155780792,0.10433252155780792,0.10433252155780792,0
2023-12-14 05:42:00+00:00,0.10432971268892288,0.10432971268892288,0.10432971268892288,0.10432971268892288,0.10432971268892288,0
2023-12-14 05:43:00+00:00,0.10434537380933762,0.10434537380933762,0.10434537380933762,0.10434537380933762,0.10434537380933762,0
2023-12-14 05:44:00+00:00,0.10433986783027649,0.10433986783027649,0.10433986783027649,0.10433986783027649,0.10433986783027649,0
2023-12-14 05:45:00+00:00,0.10433464497327805,0.10433464497327805,0.10433464497327805,0.10433464497327805,0.10433464497327805,0
2023-12-14 05:46:00+00:00,0.1043146476149559,0.1043146476149559,0.1043146476149559,0.1043146476149559,0.1043146476149559,0
2023-12-14 05:47:00+00:00,0.10431768745183945,0.10431768745183945,0.10431768745183945,0.10431768745183945,0.10431768745183945,0
2023-12-14 05:48:00+00:00,0.10431250184774399,0.10431250184774399,0.10431250184774399,0.10431250184774399,0.10431250184774399,0
2023-12-14 05:49:00+00:00,0.10431568324565887,0.10431568324565887,0.10431568324565887,0.10431568324565887,0.10431568324565887,0
2023-12-14 05:50:00+00:00,0.10431227833032608,0.10431227833032608,0.10431227833032608,0.10431227833032608,0.10431227833032608,0
2023-12-14 05:51:00+00:00,0.10430880635976791,0.10430880635976791,0.10430880635976791,0.10430880635976791,0.10430880635976791,0
2023-12-14 05:52:00+00:00,0.10433308780193329,0.10433308780193329,0.10433308780193329,0.10433308780193329,0.10433308780193329,0
2023-12-14 05:53:00+00:00,0.10434122383594513,0.10434122383594513,0.10434122383594513,0.10434122383594513,0.10434122383594513,33952
2023-12-14 05:54:00+00:00,0.10434314608573914,0.10434314608573914,0.10434314608573914,0.10434314608573914,0.10434314608573914,0
2023-12-14 05:55:00+00:00,0.1043722853064537,0.1043722853064537,0.1043722853064537,0.1043722853064537,0.1043722853064537,112784
2023-12-14 05:56:00+00:00,0.10437565296888351,0.10437565296888351,0.10437565296888351,0.10437565296888351,0.10437565296888351,10976
2023-12-14 05:57:00+00:00,0.10437709838151932,0.10437709838151932,0.10437709838151932,0.10437709838151932,0.10437709838151932,42816
2023-12-14 05:58:00+00:00,0.10435444116592407,0.10435444116592407,0.10435444116592407,0.10435444116592407,0.10435444116592407,234480
2023-12-14 05:59:00+00:00,0.10435410588979721,0.10435410588979721,0.10435410588979721,0.10435410588979721,0.10435410588979721,0
2023-12-14 06:00:00+00:00,0.10435374081134796,0.10435374081134796,0.10435374081134796,0.10435374081134796,0.10435374081134796,0
2023-12-14 06:01:00+00:00,0.10436297953128815,0.10436297953128815,0.10436297953128815,0.10436297953128815,0.10436297953128815,0
2023-12-14 06:02:00+00:00,0.10435428470373154,0.10435428470373154,0.10435428470373154,0.10435428470373154,0.10435428470373154,0
2023-12-14 06:03:00+00:00,0.10435786098241806,0.10435786098241806,0.10435786098241806,0.10435786098241806,0.10435786098241806,0
2023-12-14 06:04:00+00:00,0.10438504070043564,0.10438504070043564,0.10438504070043564,0.10438504070043564,0.10438504070043564,0
2023-12-14 06:05:00+00:00,0.10438426584005356,0.10438426584005356,0.10438426584005356,0.10438426584005356,0.10438426584005356,0
2023-12-14 06:06:00+00:00,0.10439354181289673,0.10439354181289673,0.10439354181289673,0.10439354181289673,0.10439354181289673,28752
2023-12-14 06:07:00+00:00,0.10439396649599075,0.10439396649599075,0.10439396649599075,0.10439396649599075,0.10439396649599075,0
2023-12-14 06:08:00+00:00,0.10439584404230118,0.10439584404230118,0.10439584404230118,0.10439584404230118,0.10439584404230118,0
2023-12-14 06:09:00+00:00,0.10439186543226242,0.10439186543226242,0.10439186543226242,0.10439186543226242,0.10439186543226242,0
2023-12-14 06:10:00+00:00,0.10436009615659714,0.10436009615659714,0.10436009615659714,0.10436009615659714,0.10436009615659714,14480
2023-12-14 06:11:00+00:00,0.10437111556529999,0.10437111556529999,0.10437111556529999,0.10437111556529999,0.10437111556529999,0
2023-12-14 06:12:00+00:00,0.1043710932135582,0.1043710932135582,0.1043710932135582,0.1043710932135582,0.1043710932135582,36160
2023-12-14 06:13:00+00:00,0.10436619073152542,0.10436619073152542,0.10436619073152542,0.10436619073152542,0.10436619073152542,0
2023-12-14 06:14:00+00:00,0.1043778508901596,0.1043778508901596,0.1043778508901596,0.1043778508901596,0.1043778508901596,0
2023-12-14 06:15:00+00:00,0.10437491536140442,0.10437491536140442,0.10437491536140442,0.10437491536140442,0.10437491536140442,0
2023-12-14 06:16:00+00:00,0.10441207140684128,0.10441207140684128,0.10441207140684128,0.10441207140684128,0.10441207140684128,0
2023-12-14 06:17:00+00:00,0.1044190302491188,0.1044190302491188,0.1044190302491188,0.1044190302491188,0.1044190302491188,0
2023-12-14 06:18:00+00:00,0.10441904515028,0.10441904515028,0.10441904515028,0.10441904515028,0.10441904515028,0
2023-12-14 06:19:00+00:00,0.10443076491355896,0.10443076491355896,0.10443076491355896,0.10443076491355896,0.10443076491355896,0
2023-12-14 06:20:00+00:00,0.10442253947257996,0.10442253947257996,0.10442253947257996,0.10442253947257996,0.10442253947257996,0
2023-12-14 06:21:00+00:00,0.10442137718200684,0.10442137718200684,0.10442137718200684,0.10442137718200684,0.10442137718200684,5648
2023-12-14 06:22:00+00:00,0.1044105589389801,0.1044105589389801,0.1044105589389801,0.1044105589389801,0.1044105589389801,0
2023-12-14 06:23:00+00:00,0.1044197678565979,0.1044197678565979,0.1044197678565979,0.1044197678565979,0.1044197678565979,4848
2023-12-14 06:24:00+00:00,0.10442905873060226,0.10442905873060226,0.10442905873060226,0.10442905873060226,0.10442905873060226,157072
2023-12-14 06:25:00+00:00,0.10449093580245972,0.10449093580245972,0.10449093580245972,0.10449093580245972,0.10449093580245972,328272
2023-12-14 06:26:00+00:00,0.1044875979423523,0.1044875979423523,0.1044875979423523,0.1044875979423523,0.1044875979423523,31856
2023-12-14 06:27:00+00:00,0.10448609292507172,0.10448609292507172,0.10448609292507172,0.10448609292507172,0.10448609292507172,13376
2023-12-14 06:28:00+00:00,0.10446812212467194,0.10446812212467194,0.10446812212467194,0.10446812212467194,0.10446812212467194,126016
2023-12-14 06:29:00+00:00,0.10445920377969742,0.10445920377969742,0.10445920377969742,0.10445920377969742,0.10445920377969742,8880
2023-12-14 06:30:00+00:00,0.10445019602775574,0.10445019602775574,0.10445019602775574,0.10445019602775574,0.10445019602775574,11952
2023-12-14 06:31:00+00:00,0.10443824529647827,0.10443824529647827,0.10443824529647827,0.10443824529647827,0.10443824529647827,0
2023-12-14 06:32:00+00:00,0.10443651676177979,0.10443651676177979,0.10443651676177979,0.10443651676177979,0.10443651676177979,0
2023-12-14 06:33:00+00:00,0.10443594306707382,0.10443594306707382,0.10443594306707382,0.10443594306707382,0.10443594306707382,4768
2023-12-14 06:34:00+00:00,0.10438830405473709,0.10438830405473709,0.10438830405473709,0.10438830405473709,0.10438830405473709,234432
2023-12-14 06:35:00+00:00,0.10439037531614304,0.10439037531614304,0.10439037531614304,0.10439037531614304,0.10439037531614304,0
2023-12-14 06:36:00+00:00,0.10438967496156693,0.10438967496156693,0.10438967496156693,0.10438967496156693,0.10438967496156693,91856
2023-12-14 06:37:00+00:00,0.10441017895936966,0.10441017895936966,0.10441017895936966,0.10441017895936966,0.10441017895936966,79200
2023-12-14 06:38:00+00:00,0.10440466552972794,0.10440466552972794,0.10440466552972794,0.10440466552972794,0.10440466552972794,66272
2023-12-14 06:39:00+00:00,0.1044083759188652,0.1044083759188652,0.1044083759188652,0.1044083759188652,0.1044083759188652,0
2023-12-14 06:40:00+00:00,0.10443101078271866,0.10443101078271866,0.10443101078271866,0.10443101078271866,0.10443101078271866,0
2023-12-14 06:41:00+00:00,0.1044323593378067,0.1044323593378067,0.1044323593378067,0.1044323593378067,0.1044323593378067,18688
2023-12-14 06:42:00+00:00,0.10443013906478882,0.10443013906478882,0.10443013906478882,0.10443013906478882,0.10443013906478882,0
2023-12-14 06:43:00+00:00,0.10437459498643875,0.10437459498643875,0.10437459498643875,0.10437459498643875,0.10437459498643875,231936
2023-12-14 06:44:00+00:00,0.10437534749507904,0.10437534749507904,0.10437534749507904,0.10437534749507904,0.10437534749507904,20832
2023-12-14 06:45:00+00:00,0.10438613593578339,0.10438613593578339,0.10438613593578339,0.10438613593578339,0.10438613593578339,14880
2023-12-14 06:46:00+00:00,0.10434728115797043,0.10434728115797043,0.10434728115797043,0.10434728115797043,0.10434728115797043,0
2023-12-14 06:47:00+00:00,0.10435004532337189,0.10435004532337189,0.10435004532337189,0.10435004532337189,0.10435004532337189,0
2023-12-14 06:48:00+00:00,0.10434713214635849,0.10434713214635849,0.10434713214635849,0.10434713214635849,0.10434713214635849,0
2023-12-14 06:49:00+00:00,0.10434772819280624,0.10434772819280624,0.10434772819280624,0.10434772819280624,0.10434772819280624,0
2023-12-14 06:50:00+00:00,0.10433627665042877,0.10433627665042877,0.10433627665042877,0.10433627665042877,0.10433627665042877,6192
2023-12-14 06:51:00+00:00,0.10434086620807648,0.10434086620807648,0.10434086620807648,0.10434086620807648,0.10434086620807648,0
2023-12-14 06:52:00+00:00,0.10437871515750885,0.10437871515750885,0.10437871515750885,0.10437871515750885,0.10437871515750885,0
2023-12-14 06:53:00+00:00,0.10437561571598053,0.10437561571598053,0.10437561571598053,0.10437561571598053,0.10437561571598053,0
2023-12-14 06:54:00+00:00,0.10438000410795212,0.10438000410795212,0.10438000410795212,0.10438000410795212,0.10438000410795212,0
2023-12-14 06:55:00+00:00,0.10440657287836075,0.10440657287836075,0.10440657287836075,0.10440657287836075,0.10440657287836075,0
2023-12-14 06:56:00+00:00,0.10439169406890869,0.10439169406890869,0.10439169406890869,0.10439169406890869,0.10439169406890869,58048
2023-12-14 06:57:00+00:00,0.10438895970582962,0.10438895970582962,0.10438895970582962,0.10438895970582962,0.10438895970582962,335952
2023-12-14 06:58:00+00:00,0.1043216735124588,0.1043216735124588,0.1043216735124588,0.1043216735124588,0.1043216735124588,0
2023-12-14 06:59:00+00:00,0.10432825237512589,0.10432825237512589,0.10432825237512589,0.10432825237512589,0.10432825237512589,5904
2023-12-14 07:00:00+00:00,0.10432671010494232,0.10432671010494232,0.10432671010494232,0.10432671010494232,0.10432671010494232,0
2023-12-14 07:01:00+00:00,0.10433177649974823,0.10433177649974823,0.10433177649974823,0.10433177649974823,0.10433177649974823,0
2023-12-14 07:02:00+00:00,0.10431838035583496,0.10431838035583496,0.10431838035583496,0.10431838035583496,0.10431838035583496,0
2023-12-14 07:03:00+00:00,0.1042967289686203,0.1042967289686203,0.1042967289686203,0.1042967289686203,0.1042967289686203,0
2023-12-14 07:04:00+00:00,0.10420798510313034,0.10420798510313034,0.10420798510313034,0.10420798510313034,0.10420798510313034,0
2023-12-14 07:05:00+00:00,0.10420088469982147,0.10420088469982147,0.10420088469982147,0.10420088469982147,0.10420088469982147,0
2023-12-14 07:06:00+00:00,0.1042003408074379,0.1042003408074379,0.1042003408074379,0.1042003408074379,0.1042003408074379,0
2023-12-14 07:07:00+00:00,0.10420350730419159,0.10420350730419159,0.10420350730419159,0.10420350730419159,0.10420350730419159,0
2023-12-14 07:08:00+00:00,0.10420183092355728,0.10420183092355728,0.10420183092355728,0.10420183092355728,0.10420183092355728,0
2023-12-14 07:09:00+00:00,0.10420116782188416,0.10420116782188416,0.10420116782188416,0.10420116782188416,0.10420116782188416,0
2023-12-14 07:10:00+00:00,0.10418698191642761,0.10418698191642761,0.10418698191642761,0.10418698191642761,0.10418698191642761,0
2023-12-14 07:11:00+00:00,0.10418842732906342,0.10418842732906342,0.10418842732906342,0.10418842732906342,0.10418842732906342,2544
2023-12-14 07:12:00+00:00,0.10418859869241714,0.10418859869241714,0.10418859869241714,0.10418859869241714,0.10418859869241714,0
2023-12-14 07:13:00+00:00,0.10416963696479797,0.10416963696479797,0.10416963696479797,0.10416963696479797,0.10416963696479797,0
2023-12-14 07:14:00+00:00,0.10416756570339203,0.10416756570339203,0.10416756570339203,0.10416756570339203,0.10416756570339203,12304
2023-12-14 07:15:00+00:00,0.10417298972606659,0.10417298972606659,0.10417298972606659,0.10417298972606659,0.10417298972606659,0
2023-12-14 07:16:00+00:00,0.10417010635137558,0.10417010635137558,0.10417010635137558,0.10417010635137558,0.10417010635137558,0
2023-12-14 07:17:00+00:00,0.10417726635932922,0.10417726635932922,0.10417726635932922,0.10417726635932922,0.10417726635932922,0
2023-12-14 07:18:00+00:00,0.10417590290307999,0.10417590290307999,0.10417590290307999,0.10417590290307999,0.10417590290307999,0
2023-12-14 07:19:00+00:00,0.10419544577598572,0.10419544577598572,0.10419544577598572,0.10419544577598572,0.10419544577598572,0
2023-12-14 07:20:00+00:00,0.10419981926679611,0.10419981926679611,0.10419981926679611,0.10419981926679611,0.10419981926679611,0
2023-12-14 07:21:00+00:00,0.10419782996177673,0.10419782996177673,0.10419782996177673,0.10419782996177673,0.10419782996177673,70112
2023-12-14 07:22:00+00:00,0.10420911759138107,0.10420911759138107,0.10420911759138107,0.10420911759138107,0.10420911759138107,0
2023-12-14 07:23:00+00:00,0.10422170907258987,0.10422170907258987,0.10422170907258987,0.10422170907258987,0.10422170907258987,0
2023-12-14 07:24:00+00:00,0.10422168672084808,0.10422168672084808,0.10422168672084808,0.10422168672084808,0.10422168672084808,0
2023-12-14 07:25:00+00:00,0.10427016764879227,0.10427016764879227,0.10427016764879227,0.10427016764879227,0.10427016764879227,0
2023-12-14 07:26:00+00:00,0.10426495969295502,0.10426495969295502,0.10426495969295502,0.10426495969295502,0.10426495969295502,49968
2023-12-14 07:27:00+00:00,0.10425806045532227,0.10425806045532227,0.10425806045532227,0.10425806045532227,0.10425806045532227,0
2023-12-14 07:28:00+00:00,0.10426740348339081,0.10426740348339081,0.10426740348339081,0.10426740348339081,0.10426740348339081,0
2023-12-14 07:29:00+00:00,0.1042681410908699,0.1042681410908699,0.1042681410908699,0.1042681410908699,0.1042681410908699,0
2023-12-14 07:30:00+00:00,0.10426949709653854,0.10426949709653854,0.10426949709653854,0.10426949709653854,0.10426949709653854,0
2023-12-14 07:31:00+00:00,0.10429566353559494,0.10429566353559494,0.10429566353559494,0.10429566353559494,0.10429566353559494,0
2023-12-14 07:32:00+00:00,0.10430601984262466,0.10430601984262466,0.10430601984262466,0.10430601984262466,0.10430601984262466,1920
2023-12-14 07:33:00+00:00,0.10431085526943207,0.10431085526943207,0.10431085526943207,0.10431085526943207,0.10431085526943207,0
2023-12-14 07:34:00+00:00,0.10433091968297958,0.10433091968297958,0.10433091968297958,0.10433091968297958,0.10433091968297958,0
2023-12-14 07:35:00+00:00,0.10432811081409454,0.10432811081409454,0.10432811081409454,0.10432811081409454,0.10432811081409454,0
2023-12-14 07:36:00+00:00,0.10432995855808258,0.10432995855808258,0.10432995855808258,0.10432995855808258,0.10432995855808258,0
2023-12-14 07:37:00+00:00,0.10432005673646927,0.10432005673646927,0.10432005673646927,0.10432005673646927,0.10432005673646927,0
2023-12-14 07:38:00+00:00,0.10432326048612595,0.10432326048612595,0.10432326048612595,0.10432326048612595,0.10432326048612595,0
2023-12-14 07:39:00+00:00,0.10432140529155731,0.10432140529155731,0.10432140529155731,0.10432140529155731,0.10432140529155731,38896
2023-12-14 07:40:00+00:00,0.1043112650513649,0.1043112650513649,0.1043112650513649,0.1043112650513649,0.1043112650513649,95840
2023-12-14 07:41:00+00:00,0.10430558770895004,0.10430558770895004,0.10430558770895004,0.10430558770895004,0.10430558770895004,9584
2023-12-14 07:42:00+00:00,0.10432694852352142,0.10432694852352142,0.10432694852352142,0.10432694852352142,0.10432694852352142,0
2023-12-14 07:43:00+00:00,0.1043657436966896,0.1043657436966896,0.1043657436966896,0.1043657436966896,0.1043657436966896,0
2023-12-14 07:44:00+00:00,0.10435798019170761,0.10435798019170761,0.10435798019170761,0.10435798019170761,0.10435798019170761,0
2023-12-14 07:45:00+00:00,0.10435739159584045,0.10435739159584045,0.10435739159584045,0.10435739159584045,0.10435739159584045,16608
2023-12-14 07:46:00+00:00,0.10435879975557327,0.10435879975557327,0.10435879975557327,0.10435879975557327,0.10435879975557327,175088
2023-12-14 07:47:00+00:00,0.10435245931148529,0.10435245931148529,0.10435245931148529,0.10435245931148529,0.10435245931148529,43360
2023-12-14 07:48:00+00:00,0.10434982180595398,0.10434982180595398,0.10434982180595398,0.10434982180595398,0.10434982180595398,59520
2023-12-14 07:49:00+00:00,0.10435228049755096,0.10435228049755096,0.10435228049755096,0.10435228049755096,0.10435228049755096,6368
2023-12-14 07:50:00+00:00,0.10433945804834366,0.10433945804834366,0.10433945804834366,0.10433945804834366,0.10433945804834366,0
2023-12-14 07:51:00+00:00,0.10434503108263016,0.10434503108263016,0.10434503108263016,0.10434503108263016,0.10434503108263016,0
2023-12-14 07:52:00+00:00,0.10436608642339706,0.10436608642339706,0.10436608642339706,0.10436608642339706,0.10436608642339706,0
2023-12-14 07:53:00+00:00,0.10437740385532379,0.10437740385532379,0.10437740385532379,0.10437740385532379,0.10437740385532379,0
2023-12-14 07:54:00+00:00,0.1043836697936058,0.1043836697936058,0.1043836697936058,0.1043836697936058,0.1043836697936058,0
2023-12-14 07:56:00+00:00,0.10441720485687256,0.10441720485687256,0.10441720485687256,0.10441720485687256,0.10441720485687256,129104
2023-12-14 07:57:00+00:00,0.1044115200638771,0.1044115200638771,0.1044115200638771,0.1044115200638771,0.1044115200638771,0
2023-12-14 07:58:00+00:00,0.10443543642759323,0.10443543642759323,0.10443543642759323,0.10443543642759323,0.10443543642759323,0
2023-12-14 07:59:00+00:00,0.10443217307329178,0.10443217307329178,0.10443217307329178,0.10443217307329178,0.10443217307329178,8864
2023-12-14 08:00:00+00:00,0.10442981868982315,0.10442981868982315,0.10442981868982315,0.10442981868982315,0.10442981868982315,0
2023-12-14 08:01:00+00:00,0.10440465062856674,0.10440465062856674,0.10440465062856674,0.10440465062856674,0.10440465062856674,0
2023-12-14 08:02:00+00:00,0.10441383719444275,0.10441383719444275,0.10441383719444275,0.10441383719444275,0.10441383719444275,0
2023-12-14 08:03:00+00:00,0.1044042631983757,0.1044042631983757,0.1044042631983757,0.1044042631983757,0.1044042631983757,0
2023-12-14 08:04:00+00:00,0.10439562797546387,0.10439562797546387,0.10439562797546387,0.10439562797546387,0.10439562797546387,0
2023-12-14 08:05:00+00:00,0.10439648479223251,0.10439648479223251,0.10439648479223251,0.10439648479223251,0.10439648479223251,576
2023-12-14 08:07:00+00:00,0.10438995063304901,0.10438995063304901,0.10438995063304901,0.10438995063304901,0.10438995063304901,0
2023-12-14 08:08:00+00:00,0.10437887907028198,0.10437887907028198,0.10437887907028198,0.10437887907028198,0.10437887907028198,0
2023-12-14 08:09:00+00:00,0.10438541322946548,0.10438541322946548,0.10438541322946548,0.10438541322946548,0.10438541322946548,0
2023-12-14 08:10:00+00:00,0.10435344278812408,0.10435344278812408,0.10435344278812408,0.10435344278812408,0.10435344278812408,0
2023-12-14 08:11:00+00:00,0.10440502315759659,0.10440502315759659,0.10440502315759659,0.10440502315759659,0.10440502315759659,15632
2023-12-14 08:12:00+00:00,0.10441680997610092,0.10441680997610092,0.10441680997610092,0.10441680997610092,0.10441680997610092,1214688
2023-12-14 08:13:00+00:00,0.10461319983005524,0.10461319983005524,0.10461319983005524,0.10461319983005524,0.10461319983005524,1600992
2023-12-14 08:14:00+00:00,0.1046098992228508,0.1046098992228508,0.1046098992228508,0.1046098992228508,0.1046098992228508,34144
2023-12-14 08:15:00+00:00,0.10460958629846573,0.10460958629846573,0.10460958629846573,0.10460958629846573,0.10460958629846573,0
2023-12-14 08:16:00+00:00,0.10460467636585236,0.10460467636585236,0.10460467636585236,0.10460467636585236,0.10460467636585236,55840
2023-12-14 08:17:00+00:00,0.10461149364709854,0.10461149364709854,0.10461149364709854,0.10461149364709854,0.10461149364709854,46960
2023-12-14 08:18:00+00:00,0.10461347550153732,0.10461347550153732,0.10461347550153732,0.10461347550153732,0.10461347550153732,27840
2023-12-14 08:19:00+00:00,0.10463505983352661,0.10463505983352661,0.10463505983352661,0.10463505983352661,0.10463505983352661,18544
2023-12-14 08:20:00+00:00,0.10463201999664307,0.10463201999664307,0.10463201999664307,0.10463201999664307,0.10463201999664307,0
2023-12-14 08:21:00+00:00,0.10462888330221176,0.10462888330221176,0.10462888330221176,0.10462888330221176,0.10462888330221176,0
2023-12-14 08:22:00+00:00,0.1045885905623436,0.1045885905623436,0.1045885905623436,0.1045885905623436,0.1045885905623436,0
2023-12-14 08:23:00+00:00,0.10460259020328522,0.10460259020328522,0.10460259020328522,0.10460259020328522,0.10460259020328522,52336
2023-12-14 08:24:00+00:00,0.1046050488948822,0.1046050488948822,0.1046050488948822,0.1046050488948822,0.1046050488948822,13472
2023-12-14 08:25:00+00:00,0.10461229830980301,0.10461229830980301,0.10461229830980301,0.10461229830980301,0.10461229830980301,0
2023-12-14 08:26:00+00:00,0.10462534427642822,0.10462534427642822,0.10462534427642822,0.10462534427642822,0.10462534427642822,0
2023-12-14 08:27:00+00:00,0.10462266951799393,0.10462266951799393,0.10462266951799393,0.10462266951799393,0.10462266951799393,0
2023-12-14 08:28:00+00:00,0.10462343692779541,0.10462343692779541,0.10462343692779541,0.10462343692779541,0.10462343692779541,0
2023-12-14 08:29:00+00:00,0.10461927205324173,0.10461927205324173,0.10461927205324173,0.10461927205324173,0.10461927205324173,5936
2023-12-14 08:30:00+00:00,0.10463055223226547,0.10463055223226547,0.10463055223226547,0.10463055223226547,0.10463055223226547,77328
2023-12-14 08:31:00+00:00,0.10469698905944824,0.10469698905944824,0.10469698905944824,0.10469698905944824,0.10469698905944824,408656
2023-12-14 08:32:00+00:00,0.10469455271959305,0.10469455271959305,0.10469455271959305,0.10469455271959305,0.10469455271959305,97120
2023-12-14 08:33:00+00:00,0.10468283295631409,0.10468283295631409,0.10468283295631409,0.10468283295631409,0.10468283295631409,46464
2023-12-14 08:34:00+00:00,0.1046902984380722,0.1046902984380722,0.1046902984380722,0.1046902984380722,0.1046902984380722,75216
2023-12-14 08:35:00+00:00,0.1046885997056961,0.1046885997056961,0.1046885997056961,0.1046885997056961,0.1046885997056961,0
2023-12-14 08:36:00+00:00,0.10468871891498566,0.10468871891498566,0.10468871891498566,0.10468871891498566,0.10468871891498566,0
2023-12-14 08:37:00+00:00,0.10471370071172714,0.10471370071172714,0.10471370071172714,0.10471370071172714,0.10471370071172714,0
2023-12-14 08:38:00+00:00,0.1047183945775032,0.1047183945775032,0.1047183945775032,0.1047183945775032,0.1047183945775032,87888
2023-12-14 08:39:00+00:00,0.10471021384000778,0.10471021384000778,0.10471021384000778,0.10471021384000778,0.10471021384000778,7584
2023-12-14 08:40:00+00:00,0.10469875484704971,0.10469875484704971,0.10469875484704971,0.10469875484704971,0.10469875484704971,8672
2023-12-14 08:41:00+00:00,0.10469397157430649,0.10469397157430649,0.10469397157430649,0.10469397157430649,0.10469397157430649,19200
2023-12-14 08:42:00+00:00,0.10466966778039932,0.10466966778039932,0.10466966778039932,0.10466966778039932,0.10466966778039932,10128
2023-12-14 08:43:00+00:00,0.10454190522432327,0.10454190522432327,0.10454190522432327,0.10454190522432327,0.10454190522432327,1014912
2023-12-14 08:45:00+00:00,0.10452992469072342,0.10452992469072342,0.10452992469072342,0.10452992469072342,0.10452992469072342,93056
2023-12-14 08:46:00+00:00,0.10452385991811752,0.10452385991811752,0.10452385991811752,0.10452385991811752,0.10452385991811752,230448
2023-12-14 08:47:00+00:00,0.10451916605234146,0.10451916605234146,0.10451916605234146,0.10451916605234146,0.10451916605234146,198688
2023-12-14 08:48:00+00:00,0.1045180931687355,0.1045180931687355,0.1045180931687355,0.1045180931687355,0.1045180931687355,23792
2023-12-14 08:49:00+00:00,0.10449575632810593,0.10449575632810593,0.10449575632810593,0.10449575632810593,0.10449575632810593,170832
2023-12-14 08:50:00+00:00,0.10447394102811813,0.10447394102811813,0.10447394102811813,0.10447394102811813,0.10447394102811813,0
2023-12-14 08:51:00+00:00,0.10448061674833298,0.10448061674833298,0.10448061674833298,0.10448061674833298,0.10448061674833298,10784
2023-12-14 08:52:00+00:00,0.10443256050348282,0.10443256050348282,0.10443256050348282,0.10443256050348282,0.10443256050348282,0
2023-12-14 08:53:00+00:00,0.10442207008600235,0.10442207008600235,0.10442207008600235,0.10442207008600235,0.10442207008600235,64592
2023-12-14 08:54:00+00:00,0.10442323982715607,0.10442323982715607,0.10442323982715607,0.10442323982715607,0.10442323982715607,77520
2023-12-14 08:55:00+00:00,0.10442100465297699,0.10442100465297699,0.10442100465297699,0.10442100465297699,0.10442100465297699,0
2023-12-14 08:56:00+00:00,0.1044178232550621,0.1044178232550621,0.1044178232550621,0.1044178232550621,0.1044178232550621,207216
2023-12-14 08:57:00+00:00,0.10441708564758301,0.10441708564758301,0.10441708564758301,0.10441708564758301,0.10441708564758301,0
2023-12-14 08:58:00+00:00,0.10439689457416534,0.10439689457416534,0.10439689457416534,0.10439689457416534,0.10439689457416534,79936
2023-12-14 08:59:00+00:00,0.10439178347587585,0.10439178347587585,0.10439178347587585,0.10439178347587585,0.10439178347587585,7344
2023-12-14 09:00:00+00:00,0.1043965071439743,0.1043965071439743,0.1043965071439743,0.1043965071439743,0.1043965071439743,0
2023-12-14 09:01:00+00:00,0.10440801829099655,0.10440801829099655,0.10440801829099655,0.10440801829099655,0.10440801829099655,0
2023-12-14 09:03:00+00:00,0.1043730154633522,0.1043730154633522,0.1043730154633522,0.1043730154633522,0.1043730154633522,111760
2023-12-14 09:04:00+00:00,0.10434626787900925,0.10434626787900925,0.10434626787900925,0.10434626787900925,0.10434626787900925,26704
2023-12-14 09:05:00+00:00,0.10435192286968231,0.10435192286968231,0.10435192286968231,0.10435192286968231,0.10435192286968231,67616
2023-12-14 09:06:00+00:00,0.10435239225625992,0.10435239225625992,0.10435239225625992,0.10435239225625992,0.10435239225625992,21648
2023-12-14 09:07:00+00:00,0.10438235849142075,0.10438235849142075,0.10438235849142075,0.10438235849142075,0.10438235849142075,166640
2023-12-14 09:09:00+00:00,0.10443519055843353,0.10443519055843353,0.10443519055843353,0.10443519055843353,0.10443519055843353,0
2023-12-14 09:10:00+00:00,0.10461724549531937,0.10461724549531937,0.10461724549531937,0.10461724549531937,0.10461724549531937,1422992
2023-12-14 09:11:00+00:00,0.10460291802883148,0.10460291802883148,0.10460291802883148,0.10460291802883148,0.10460291802883148,157712
2023-12-14 09:12:00+00:00,0.10461938381195068,0.10461938381195068,0.10461938381195068,0.10461938381195068,0.10461938381195068,0
2023-12-14 09:13:00+00:00,0.10458793491125107,0.10458793491125107,0.10458793491125107,0.10458793491125107,0.10458793491125107,779360
2023-12-14 09:14:00+00:00,0.10457821935415268,0.10457821935415268,0.10457821935415268,0.10457821935415268,0.10457821935415268,12448
2023-12-14 09:15:00+00:00,0.10457321256399155,0.10457321256399155,0.10457321256399155,0.10457321256399155,0.10457321256399155,0
2023-12-14 09:16:00+00:00,0.10458993166685104,0.10458993166685104,0.10458993166685104,0.10458993166685104,0.10458993166685104,253600
2023-12-14 09:17:00+00:00,0.10457479953765869,0.10457479953765869,0.10457479953765869,0.10457479953765869,0.10457479953765869,0
2023-12-14 09:18:00+00:00,0.10458564013242722,0.10458564013242722,0.10458564013242722,0.10458564013242722,0.10458564013242722,0
2023-12-14 09:19:00+00:00,0.10455062240362167,0.10455062240362167,0.10455062240362167,0.10455062240362167,0.10455062240362167,0
2023-12-14 09:20:00+00:00,0.10456448793411255,0.10456448793411255,0.10456448793411255,0.10456448793411255,0.10456448793411255,0
2023-12-14 09:21:00+00:00,0.10457194596529007,0.10457194596529007,0.10457194596529007,0.10457194596529007,0.10457194596529007,14864
2023-12-14 09:22:00+00:00,0.10457406938076019,0.10457406938076019,0.10457406938076019,0.10457406938076019,0.10457406938076019,73920
2023-12-14 09:23:00+00:00,0.10456317663192749,0.10456317663192749,0.10456317663192749,0.10456317663192749,0.10456317663192749,0
2023-12-14 09:24:00+00:00,0.10456117987632751,0.10456117987632751,0.10456117987632751,0.10456117987632751,0.10456117987632751,0
2023-12-14 09:25:00+00:00,0.10458029061555862,0.10458029061555862,0.10458029061555862,0.10458029061555862,0.10458029061555862,0
2023-12-14 09:26:00+00:00,0.10457813739776611,0.10457813739776611,0.10457813739776611,0.10457813739776611,0.10457813739776611,0
2023-12-14 09:27:00+00:00,0.10458334535360336,0.10458334535360336,0.10458334535360336,0.10458334535360336,0.10458334535360336,0
2023-12-14 09:28:00+00:00,0.10461732745170593,0.10461732745170593,0.10461732745170593,0.10461732745170593,0.10461732745170593,95648
2023-12-14 09:29:00+00:00,0.1046166718006134,0.1046166718006134,0.1046166718006134,0.1046166718006134,0.1046166718006134,40048
2023-12-14 09:30:00+00:00,0.10461708158254623,0.10461708158254623,0.10461708158254623,0.10461708158254623,0.10461708158254623,49040
2023-12-14 09:31:00+00:00,0.10463322699069977,0.10463322699069977,0.10463322699069977,0.10463322699069977,0.10463322699069977,135776
2023-12-14 09:32:00+00:00,0.10463570803403854,0.10463570803403854,0.10463570803403854,0.10463570803403854,0.10463570803403854,13328
2023-12-14 09:33:00+00:00,0.10463906079530716,0.10463906079530716,0.10463906079530716,0.10463906079530716,0.10463906079530716,5296
2023-12-14 09:34:00+00:00,0.10465669631958008,0.10465669631958008,0.10465669631958008,0.10465669631958008,0.10465669631958008,237264
2023-12-14 09:35:00+00:00,0.10465600341558456,0.10465600341558456,0.10465600341558456,0.10465600341558456,0.10465600341558456,0
2023-12-14 09:36:00+00:00,0.10465235263109207,0.10465235263109207,0.10465235263109207,0.10465235263109207,0.10465235263109207,19360
2023-12-14 09:37:00+00:00,0.10467860847711563,0.10467860847711563,0.10467860847711563,0.10467860847711563,0.10467860847711563,79568
2023-12-14 09:38:00+00:00,0.10468054562807083,0.10468054562807083,0.10468054562807083,0.10468054562807083,0.10468054562807083,5648
2023-12-14 09:39:00+00:00,0.10468780249357224,0.10468780249357224,0.10468780249357224,0.10468780249357224,0.10468780249357224,32688
2023-12-14 09:40:00+00:00,0.1047016829252243,0.1047016829252243,0.1047016829252243,0.1047016829252243,0.1047016829252243,16320
2023-12-14 09:41:00+00:00,0.10470837354660034,0.10470837354660034,0.10470837354660034,0.10470837354660034,0.10470837354660034,19760
2023-12-14 09:42:00+00:00,0.10470540821552277,0.10470540821552277,0.10470540821552277,0.10470540821552277,0.10470540821552277,0
2023-12-14 09:43:00+00:00,0.10473083704710007,0.10473083704710007,0.10473083704710007,0.10473083704710007,0.10473083704710007,24496
2023-12-14 09:44:00+00:00,0.1047322154045105,0.1047322154045105,0.1047322154045105,0.1047322154045105,0.1047322154045105,5632
2023-12-14 09:45:00+00:00,0.10473913699388504,0.10473913699388504,0.10473913699388504,0.10473913699388504,0.10473913699388504,30560
2023-12-14 09:46:00+00:00,0.10473708063364029,0.10473708063364029,0.10473708063364029,0.10473708063364029,0.10473708063364029,4928
2023-12-14 09:47:00+00:00,0.10473975539207458,0.10473975539207458,0.10473975539207458,0.10473975539207458,0.10473975539207458,0
2023-12-14 09:48:00+00:00,0.10474013537168503,0.10474013537168503,0.10474013537168503,0.10474013537168503,0.10474013537168503,50960
2023-12-14 09:49:00+00:00,0.1047733873128891,0.1047733873128891,0.1047733873128891,0.1047733873128891,0.1047733873128891,106480
2023-12-14 09:50:00+00:00,0.10477066785097122,0.10477066785097122,0.10477066785097122,0.10477066785097122,0.10477066785097122,46832
2023-12-14 09:51:00+00:00,0.10476869344711304,0.10476869344711304,0.10476869344711304,0.10476869344711304,0.10476869344711304,0
2023-12-14 09:52:00+00:00,0.1047700047492981,0.1047700047492981,0.1047700047492981,0.1047700047492981,0.1047700047492981,15856
2023-12-14 09:53:00+00:00,0.10477493703365326,0.10477493703365326,0.10477493703365326,0.10477493703365326,0.10477493703365326,8320
2023-12-14 09:54:00+00:00,0.10477212071418762,0.10477212071418762,0.10477212071418762,0.10477212071418762,0.10477212071418762,47984
2023-12-14 09:55:00+00:00,0.10477667301893234,0.10477667301893234,0.10477667301893234,0.10477667301893234,0.10477667301893234,26576
2023-12-14 09:56:00+00:00,0.10478493571281433,0.10478493571281433,0.10478493571281433,0.10478493571281433,0.10478493571281433,40432
2023-12-14 09:57:00+00:00,0.10478979349136353,0.10478979349136353,0.10478979349136353,0.10478979349136353,0.10478979349136353,0
2023-12-14 09:58:00+00:00,0.10484367609024048,0.10484367609024048,0.10484367609024048,0.10484367609024048,0.10484367609024048,0
2023-12-14 09:59:00+00:00,0.10485775768756866,0.10485775768756866,0.10485775768756866,0.10485775768756866,0.10485775768756866,61408
2023-12-14 10:00:00+00:00,0.10484793037176132,0.10484793037176132,0.10484793037176132,0.10484793037176132,0.10484793037176132,34176
2023-12-14 10:01:00+00:00,0.10484185814857483,0.10484185814857483,0.10484185814857483,0.10484185814857483,0.10484185814857483,0
2023-12-14 10:02:00+00:00,0.10484535992145538,0.10484535992145538,0.10484535992145538,0.10484535992145538,0.10484535992145538,0
2023-12-14 10:03:00+00:00,0.10485076904296875,0.10485076904296875,0.10485076904296875,0.10485076904296875,0.10485076904296875,0
2023-12-14 10:04:00+00:00,0.10484316945075989,0.10484316945075989,0.10484316945075989,0.10484316945075989,0.10484316945075989,0
2023-12-14 10:05:00+00:00,0.10483893007040024,0.10483893007040024,0.10483893007040024,0.10483893007040024,0.10483893007040024,8592
2023-12-14 10:06:00+00:00,0.10485409945249557,0.10485409945249557,0.10485409945249557,0.10485409945249557,0.10485409945249557,44288
2023-12-14 10:07:00+00:00,0.10490573197603226,0.10490573197603226,0.10490573197603226,0.10490573197603226,0.10490573197603226,274848
2023-12-14 10:08:00+00:00,0.10491476953029633,0.10491476953029633,0.10491476953029633,0.10491476953029633,0.10491476953029633,10864
2023-12-14 10:09:00+00:00,0.10491091012954712,0.10491091012954712,0.10491091012954712,0.10491091012954712,0.10491091012954712,33984
2023-12-14 10:10:00+00:00,0.1049094870686531,0.1049094870686531,0.1049094870686531,0.1049094870686531,0.1049094870686531,0
2023-12-14 10:11:00+00:00,0.10491792857646942,0.10491792857646942,0.10491792857646942,0.10491792857646942,0.10491792857646942,0
2023-12-14 10:12:00+00:00,0.1049121618270874,0.1049121618270874,0.1049121618270874,0.1049121618270874,0.1049121618270874,0
2023-12-14 10:13:00+00:00,0.10488779842853546,0.10488779842853546,0.10488779842853546,0.10488779842853546,0.10488779842853546,0
2023-12-14 10:14:00+00:00,0.10490177571773529,0.10490177571773529,0.10490177571773529,0.10490177571773529,0.10490177571773529,0
2023-12-14 10:15:00+00:00,0.1048956960439682,0.1048956960439682,0.1048956960439682,0.1048956960439682,0.1048956960439682,0
2023-12-14 10:16:00+00:00,0.10493916273117065,0.10493916273117065,0.10493916273117065,0.10493916273117065,0.10493916273117065,82448
2023-12-14 10:17:00+00:00,0.10494314879179001,0.10494314879179001,0.10494314879179001,0.10494314879179001,0.10494314879179001,18368
2023-12-14 10:18:00+00:00,0.10495615750551224,0.10495615750551224,0.10495615750551224,0.10495615750551224,0.10495615750551224,0
2023-12-14 10:19:00+00:00,0.10495711117982864,0.10495711117982864,0.10495711117982864,0.10495711117982864,0.10495711117982864,0
2023-12-14 10:20:00+00:00,0.10496202856302261,0.10496202856302261,0.10496202856302261,0.10496202856302261,0.10496202856302261,0
2023-12-14 10:21:00+00:00,0.10496240854263306,0.10496240854263306,0.10496240854263306,0.10496240854263306,0.10496240854263306,50992
2023-12-14 10:22:00+00:00,0.10497861355543137,0.10497861355543137,0.10497861355543137,0.10497861355543137,0.10497861355543137,0
2023-12-14 10:23:00+00:00,0.10497792810201645,0.10497792810201645,0.10497792810201645,0.10497792810201645,0.10497792810201645,0
2023-12-14 10:24:00+00:00,0.10501910001039505,0.10501910001039505,0.10501910001039505,0.10501910001039505,0.10501910001039505,81344
2023-12-14 10:25:00+00:00,0.10516820102930069,0.10516820102930069,0.10516820102930069,0.10516820102930069,0.10516820102930069,1086080
2023-12-14 10:26:00+00:00,0.10517564415931702,0.10517564415931702,0.10517564415931702,0.10517564415931702,0.10517564415931702,10080
2023-12-14 10:27:00+00:00,0.10519466549158096,0.10519466549158096,0.10519466549158096,0.10519466549158096,0.10519466549158096,13664
2023-12-14 10:28:00+00:00,0.10522645711898804,0.10522645711898804,0.10522645711898804,0.10522645711898804,0.10522645711898804,31280
2023-12-14 10:29:00+00:00,0.10522355139255524,0.10522355139255524,0.10522355139255524,0.10522355139255524,0.10522355139255524,180544
2023-12-14 10:30:00+00:00,0.1052272841334343,0.1052272841334343,0.1052272841334343,0.1052272841334343,0.1052272841334343,0
2023-12-14 10:31:00+00:00,0.10522837936878204,0.10522837936878204,0.10522837936878204,0.10522837936878204,0.10522837936878204,0
2023-12-14 10:32:00+00:00,0.10523560643196106,0.10523560643196106,0.10523560643196106,0.10523560643196106,0.10523560643196106,0
2023-12-14 10:33:00+00:00,0.10522913932800293,0.10522913932800293,0.10522913932800293,0.10522913932800293,0.10522913932800293,0
2023-12-14 10:34:00+00:00,0.10523609071969986,0.10523609071969986,0.10523609071969986,0.10523609071969986,0.10523609071969986,0
2023-12-14 10:35:00+00:00,0.10522700101137161,0.10522700101137161,0.10522700101137161,0.10522700101137161,0.10522700101137161,47952
2023-12-14 10:36:00+00:00,0.10523554682731628,0.10523554682731628,0.10523554682731628,0.10523554682731628,0.10523554682731628,54944
2023-12-14 10:37:00+00:00,0.10528265684843063,0.10528265684843063,0.10528265684843063,0.10528265684843063,0.10528265684843063,0
2023-12-14 10:38:00+00:00,0.10527694225311279,0.10527694225311279,0.10527694225311279,0.10527694225311279,0.10527694225311279,0
2023-12-14 10:39:00+00:00,0.10527373105287552,0.10527373105287552,0.10527373105287552,0.10527373105287552,0.10527373105287552,8672
2023-12-14 10:40:00+00:00,0.10528570413589478,0.10528570413589478,0.10528570413589478,0.10528570413589478,0.10528570413589478,103136
2023-12-14 10:41:00+00:00,0.10527817159891129,0.10527817159891129,0.10527817159891129,0.10527817159891129,0.10527817159891129,130704
2023-12-14 10:42:00+00:00,0.10527807474136353,0.10527807474136353,0.10527807474136353,0.10527807474136353,0.10527807474136353,9120
2023-12-14 10:43:00+00:00,0.10529268532991409,0.10529268532991409,0.10529268532991409,0.10529268532991409,0.10529268532991409,306992
2023-12-14 10:44:00+00:00,0.1052972599864006,0.1052972599864006,0.1052972599864006,0.1052972599864006,0.1052972599864006,4192
2023-12-14 10:45:00+00:00,0.10530467331409454,0.10530467331409454,0.10530467331409454,0.10530467331409454,0.10530467331409454,18032
2023-12-14 10:46:00+00:00,0.10530348122119904,0.10530348122119904,0.10530348122119904,0.10530348122119904,0.10530348122119904,101104
2023-12-14 10:47:00+00:00,0.10531691461801529,0.10531691461801529,0.10531691461801529,0.10531691461801529,0.10531691461801529,15056
2023-12-14 10:48:00+00:00,0.10531581193208694,0.10531581193208694,0.10531581193208694,0.10531581193208694,0.10531581193208694,68224
2023-12-14 10:49:00+00:00,0.10536090284585953,0.10536090284585953,0.10536090284585953,0.10536090284585953,0.10536090284585953,183216
2023-12-14 10:50:00+00:00,0.10535768419504166,0.10535768419504166,0.10535768419504166,0.10535768419504166,0.10535768419504166,16432
2023-12-14 10:51:00+00:00,0.10536051541566849,0.10536051541566849,0.10536051541566849,0.10536051541566849,0.10536051541566849,35072
2023-12-14 10:52:00+00:00,0.10537231713533401,0.10537231713533401,0.10537231713533401,0.10537231713533401,0.10537231713533401,88928
2023-12-14 10:53:00+00:00,0.10536856949329376,0.10536856949329376,0.10536856949329376,0.10536856949329376,0.10536856949329376,0
2023-12-14 10:54:00+00:00,0.10537318140268326,0.10537318140268326,0.10537318140268326,0.10537318140268326,0.10537318140268326,51440
2023-12-14 10:55:00+00:00,0.10538908839225769,0.10538908839225769,0.10538908839225769,0.10538908839225769,0.10538908839225769,169856
2023-12-14 10:56:00+00:00,0.10539902001619339,0.10539902001619339,0.10539902001619339,0.10539902001619339,0.10539902001619339,33072
2023-12-14 10:57:00+00:00,0.1053963452577591,0.1053963452577591,0.1053963452577591,0.1053963452577591,0.1053963452577591,39232
2023-12-14 10:58:00+00:00,0.10541290789842606,0.10541290789842606,0.10541290789842606,0.10541290789842606,0.10541290789842606,29488
2023-12-14 10:59:00+00:00,0.10539054125547409,0.10539054125547409,0.10539054125547409,0.10539054125547409,0.10539054125547409,123440
2023-12-14 11:00:00+00:00,0.10539579391479492,0.10539579391479492,0.10539579391479492,0.10539579391479492,0.10539579391479492,0
2023-12-14 11:01:00+00:00,0.10536958277225494,0.10536958277225494,0.10536958277225494,0.10536958277225494,0.10536958277225494,0
2023-12-14 11:02:00+00:00,0.10536986589431763,0.10536986589431763,0.10536986589431763,0.10536986589431763,0.10536986589431763,74016
2023-12-14 11:03:00+00:00,0.10537518560886383,0.10537518560886383,0.10537518560886383,0.10537518560886383,0.10537518560886383,18688
2023-12-14 11:04:00+00:00,0.10537227988243103,0.10537227988243103,0.10537227988243103,0.10537227988243103,0.10537227988243103,0
2023-12-14 11:05:00+00:00,0.10537779331207275,0.10537779331207275,0.10537779331207275,0.10537779331207275,0.10537779331207275,0
2023-12-14 11:06:00+00:00,0.10538028180599213,0.10538028180599213,0.10538028180599213,0.10538028180599213,0.10538028180599213,25280
2023-12-14 11:07:00+00:00,0.1053774431347847,0.1053774431347847,0.1053774431347847,0.1053774431347847,0.1053774431347847,24208
2023-12-14 11:08:00+00:00,0.10537823289632797,0.10537823289632797,0.10537823289632797,0.10537823289632797,0.10537823289632797,0
2023-12-14 11:09:00+00:00,0.10538054257631302,0.10538054257631302,0.10538054257631302,0.10538054257631302,0.10538054257631302,0
2023-12-14 11:10:00+00:00,0.10539767146110535,0.10539767146110535,0.10539767146110535,0.10539767146110535,0.10539767146110535,1680
2023-12-14 11:11:00+00:00,0.10538220405578613,0.10538220405578613,0.10538220405578613,0.10538220405578613,0.10538220405578613,25888
2023-12-14 11:12:00+00:00,0.10538630932569504,0.10538630932569504,0.10538630932569504,0.10538630932569504,0.10538630932569504,33312
2023-12-14 11:13:00+00:00,0.1053658202290535,0.1053658202290535,0.1053658202290535,0.1053658202290535,0.1053658202290535,97920
2023-12-14 11:14:00+00:00,0.10538360476493835,0.10538360476493835,0.10538360476493835,0.10538360476493835,0.10538360476493835,98848
2023-12-14 11:15:00+00:00,0.10538104921579361,0.10538104921579361,0.10538104921579361,0.10538104921579361,0.10538104921579361,29568
2023-12-14 11:16:00+00:00,0.10538923740386963,0.10538923740386963,0.10538923740386963,0.10538923740386963,0.10538923740386963,31568
2023-12-14 11:17:00+00:00,0.10539767891168594,0.10539767891168594,0.10539767891168594,0.10539767891168594,0.10539767891168594,0
2023-12-14 11:18:00+00:00,0.10538621991872787,0.10538621991872787,0.10538621991872787,0.10538621991872787,0.10538621991872787,0
2023-12-14 11:19:00+00:00,0.10541108250617981,0.10541108250617981,0.10541108250617981,0.10541108250617981,0.10541108250617981,0
2023-12-14 11:20:00+00:00,0.10540919005870819,0.10540919005870819,0.10540919005870819,0.10540919005870819,0.10540919005870819,0
2023-12-14 11:21:00+00:00,0.10539506375789642,0.10539506375789642,0.10539506375789642,0.10539506375789642,0.10539506375789642,109616
2023-12-14 11:22:00+00:00,0.1053398847579956,0.1053398847579956,0.1053398847579956,0.1053398847579956,0.1053398847579956,0
2023-12-14 11:23:00+00:00,0.10534229129552841,0.10534229129552841,0.10534229129552841,0.10534229129552841,0.10534229129552841,0
2023-12-14 11:24:00+00:00,0.10533928126096725,0.10533928126096725,0.10533928126096725,0.10533928126096725,0.10533928126096725,0
2023-12-14 11:25:00+00:00,0.10533816367387772,0.10533816367387772,0.10533816367387772,0.10533816367387772,0.10533816367387772,41184
2023-12-14 11:26:00+00:00,0.1053282618522644,0.1053282618522644,0.1053282618522644,0.1053282618522644,0.1053282618522644,7648
2023-12-14 11:27:00+00:00,0.10533222556114197,0.10533222556114197,0.10533222556114197,0.10533222556114197,0.10533222556114197,41424
2023-12-14 11:28:00+00:00,0.10531895607709885,0.10531895607709885,0.10531895607709885,0.10531895607709885,0.10531895607709885,0
2023-12-14 11:29:00+00:00,0.10531909763813019,0.10531909763813019,0.10531909763813019,0.10531909763813019,0.10531909763813019,55808
2023-12-14 11:30:00+00:00,0.1053251102566719,0.1053251102566719,0.1053251102566719,0.1053251102566719,0.1053251102566719,17664
2023-12-14 11:31:00+00:00,0.1053270474076271,0.1053270474076271,0.1053270474076271,0.1053270474076271,0.1053270474076271,21760
2023-12-14 11:32:00+00:00,0.1053256243467331,0.1053256243467331,0.1053256243467331,0.1053256243467331,0.1053256243467331,10192
2023-12-14 11:33:00+00:00,0.10533128678798676,0.10533128678798676,0.10533128678798676,0.10533128678798676,0.10533128678798676,37600
2023-12-14 11:34:00+00:00,0.10532134771347046,0.10532134771347046,0.10532134771347046,0.10532134771347046,0.10532134771347046,99536
2023-12-14 11:35:00+00:00,0.10531884431838989,0.10531884431838989,0.10531884431838989,0.10531884431838989,0.10531884431838989,41616
2023-12-14 11:36:00+00:00,0.10533212125301361,0.10533212125301361,0.10533212125301361,0.10533212125301361,0.10533212125301361,0
2023-12-14 11:37:00+00:00,0.10540693253278732,0.10540693253278732,0.10540693253278732,0.10540693253278732,0.10540693253278732,230848
2023-12-14 11:38:00+00:00,0.10539348423480988,0.10539348423480988,0.10539348423480988,0.10539348423480988,0.10539348423480988,192240
2023-12-14 11:39:00+00:00,0.10539550334215164,0.10539550334215164,0.10539550334215164,0.10539550334215164,0.10539550334215164,0
2023-12-14 11:40:00+00:00,0.1053926944732666,0.1053926944732666,0.1053926944732666,0.1053926944732666,0.1053926944732666,207168
2023-12-14 11:41:00+00:00,0.10538692772388458,0.10538692772388458,0.10538692772388458,0.10538692772388458,0.10538692772388458,289952
2023-12-14 11:42:00+00:00,0.10538392513990402,0.10538392513990402,0.10538392513990402,0.10538392513990402,0.10538392513990402,13488
2023-12-14 11:43:00+00:00,0.10540305823087692,0.10540305823087692,0.10540305823087692,0.10540305823087692,0.10540305823087692,168912
2023-12-14 11:44:00+00:00,0.10540163516998291,0.10540163516998291,0.10540163516998291,0.10540163516998291,0.10540163516998291,0
2023-12-14 11:45:00+00:00,0.10540121048688889,0.10540121048688889,0.10540121048688889,0.10540121048688889,0.10540121048688889,0
2023-12-14 11:46:00+00:00,0.1053946316242218,0.1053946316242218,0.1053946316242218,0.1053946316242218,0.1053946316242218,262048
2023-12-14 11:47:00+00:00,0.10540027171373367,0.10540027171373367,0.10540027171373367,0.10540027171373367,0.10540027171373367,45744
2023-12-14 11:48:00+00:00,0.10539700835943222,0.10539700835943222,0.10539700835943222,0.10539700835943222,0.10539700835943222,98560
2023-12-14 11:49:00+00:00,0.10541535168886185,0.10541535168886185,0.10541535168886185,0.10541535168886185,0.10541535168886185,32480
2023-12-14 11:50:00+00:00,0.10541636496782303,0.10541636496782303,0.10541636496782303,0.10541636496782303,0.10541636496782303,0
2023-12-14 11:51:00+00:00,0.10541574656963348,0.10541574656963348,0.10541574656963348,0.10541574656963348,0.10541574656963348,134704
2023-12-14 11:52:00+00:00,0.10542356222867966,0.10542356222867966,0.10542356222867966,0.10542356222867966,0.10542356222867966,278336
2023-12-14 11:53:00+00:00,0.10543732345104218,0.10543732345104218,0.10543732345104218,0.10543732345104218,0.10543732345104218,34512
2023-12-14 11:54:00+00:00,0.1054312139749527,0.1054312139749527,0.1054312139749527,0.1054312139749527,0.1054312139749527,0
2023-12-14 11:55:00+00:00,0.10546620935201645,0.10546620935201645,0.10546620935201645,0.10546620935201645,0.10546620935201645,113616
2023-12-14 11:56:00+00:00,0.10547132045030594,0.10547132045030594,0.10547132045030594,0.10547132045030594,0.10547132045030594,0
2023-12-14 11:57:00+00:00,0.10545341670513153,0.10545341670513153,0.10545341670513153,0.10545341670513153,0.10545341670513153,3920
2023-12-14 11:58:00+00:00,0.1054583191871643,0.1054583191871643,0.1054583191871643,0.1054583191871643,0.1054583191871643,76672
2023-12-14 11:59:00+00:00,0.10546383261680603,0.10546383261680603,0.10546383261680603,0.10546383261680603,0.10546383261680603,21312
2023-12-14 12:00:00+00:00,0.10548794269561768,0.10548794269561768,0.10548794269561768,0.10548794269561768,0.10548794269561768,0
2023-12-14 12:01:00+00:00,0.10552889853715897,0.10552889853715897,0.10552889853715897,0.10552889853715897,0.10552889853715897,117936
2023-12-14 12:02:00+00:00,0.10552624613046646,0.10552624613046646,0.10552624613046646,0.10552624613046646,0.10552624613046646,0
2023-12-14 12:03:00+00:00,0.10552774369716644,0.10552774369716644,0.10552774369716644,0.10552774369716644,0.10552774369716644,58672
2023-12-14 12:04:00+00:00,0.10546617209911346,0.10546617209911346,0.10546617209911346,0.10546617209911346,0.10546617209911346,75184
2023-12-14 12:05:00+00:00,0.105455681681633,0.105455681681633,0.105455681681633,0.105455681681633,0.105455681681633,76496
2023-12-14 12:06:00+00:00,0.10545401275157928,0.10545401275157928,0.10545401275157928,0.10545401275157928,0.10545401275157928,7296
2023-12-14 12:07:00+00:00,0.10540466755628586,0.10540466755628586,0.10540466755628586,0.10540466755628586,0.10540466755628586,192048
2023-12-14 12:08:00+00:00,0.10541760176420212,0.10541760176420212,0.10541760176420212,0.10541760176420212,0.10541760176420212,364720
2023-12-14 12:09:00+00:00,0.10541175305843353,0.10541175305843353,0.10541175305843353,0.10541175305843353,0.10541175305843353,96448
2023-12-14 12:10:00+00:00,0.1054084450006485,0.1054084450006485,0.1054084450006485,0.1054084450006485,0.1054084450006485,181296
2023-12-14 12:12:00+00:00,0.10541150718927383,0.10541150718927383,0.10541150718927383,0.10541150718927383,0.10541150718927383,306736
2023-12-14 12:13:00+00:00,0.10541781038045883,0.10541781038045883,0.10541781038045883,0.10541781038045883,0.10541781038045883,179024
2023-12-14 12:14:00+00:00,0.10541921108961105,0.10541921108961105,0.10541921108961105,0.10541921108961105,0.10541921108961105,0
2023-12-14 12:15:00+00:00,0.10541120916604996,0.10541120916604996,0.10541120916604996,0.10541120916604996,0.10541120916604996,19344
2023-12-14 12:16:00+00:00,0.10534539073705673,0.10534539073705673,0.10534539073705673,0.10534539073705673,0.10534539073705673,317648
2023-12-14 12:17:00+00:00,0.10533209145069122,0.10533209145069122,0.10533209145069122,0.10533209145069122,0.10533209145069122,0
2023-12-14 12:18:00+00:00,0.10533244162797928,0.10533244162797928,0.10533244162797928,0.10533244162797928,0.10533244162797928,0
2023-12-14 12:19:00+00:00,0.10532033443450928,0.10532033443450928,0.10532033443450928,0.10532033443450928,0.10532033443450928,336016
2023-12-14 12:20:00+00:00,0.10532661527395248,0.10532661527395248,0.10532661527395248,0.10532661527395248,0.10532661527395248,71920
2023-12-14 12:21:00+00:00,0.1053130179643631,0.1053130179643631,0.1053130179643631,0.1053130179643631,0.1053130179643631,3200
2023-12-14 12:22:00+00:00,0.10527470707893372,0.10527470707893372,0.10527470707893372,0.10527470707893372,0.10527470707893372,205216
2023-12-14 12:23:00+00:00,0.10528041422367096,0.10528041422367096,0.10528041422367096,0.10528041422367096,0.10528041422367096,36240
2023-12-14 12:24:00+00:00,0.10527815669775009,0.10527815669775009,0.10527815669775009,0.10527815669775009,0.10527815669775009,11872
2023-12-14 12:25:00+00:00,0.10529053956270218,0.10529053956270218,0.10529053956270218,0.10529053956270218,0.10529053956270218,0
2023-12-14 12:26:00+00:00,0.10529851913452148,0.10529851913452148,0.10529851913452148,0.10529851913452148,0.10529851913452148,0
2023-12-14 12:27:00+00:00,0.10530049353837967,0.10530049353837967,0.10530049353837967,0.10530049353837967,0.10530049353837967,0
2023-12-14 12:28:00+00:00,0.10533192753791809,0.10533192753791809,0.10533192753791809,0.10533192753791809,0.10533192753791809,0
2023-12-14 12:29:00+00:00,0.10532480478286743,0.10532480478286743,0.10532480478286743,0.10532480478286743,0.10532480478286743,23200
2023-12-14 12:30:00+00:00,0.10532655566930771,0.10532655566930771,0.10532655566930771,0.10532655566930771,0.10532655566930771,0
2023-12-14 12:31:00+00:00,0.10532528162002563,0.10532528162002563,0.10532528162002563,0.10532528162002563,0.10532528162002563,0
2023-12-14 12:32:00+00:00,0.10532595217227936,0.10532595217227936,0.10532595217227936,0.10532595217227936,0.10532595217227936,0
2023-12-14 12:33:00+00:00,0.10532830655574799,0.10532830655574799,0.10532830655574799,0.10532830655574799,0.10532830655574799,0
2023-12-14 12:34:00+00:00,0.10535042732954025,0.10535042732954025,0.10535042732954025,0.10535042732954025,0.10535042732954025,42528
2023-12-14 12:35:00+00:00,0.10535036027431488,0.10535036027431488,0.10535036027431488,0.10535036027431488,0.10535036027431488,144816
2023-12-14 12:36:00+00:00,0.10536369681358337,0.10536369681358337,0.10536369681358337,0.10536369681358337,0.10536369681358337,31248
2023-12-14 12:37:00+00:00,0.10539720952510834,0.10539720952510834,0.10539720952510834,0.10539720952510834,0.10539720952510834,0
2023-12-14 12:38:00+00:00,0.10539247840642929,0.10539247840642929,0.10539247840642929,0.10539247840642929,0.10539247840642929,19824
2023-12-14 12:39:00+00:00,0.10540447384119034,0.10540447384119034,0.10540447384119034,0.10540447384119034,0.10540447384119034,0
2023-12-14 12:40:00+00:00,0.1053793802857399,0.1053793802857399,0.1053793802857399,0.1053793802857399,0.1053793802857399,178688
2023-12-14 12:41:00+00:00,0.10537291318178177,0.10537291318178177,0.10537291318178177,0.10537291318178177,0.10537291318178177,2896
2023-12-14 12:42:00+00:00,0.10537321120500565,0.10537321120500565,0.10537321120500565,0.10537321120500565,0.10537321120500565,0
2023-12-14 12:43:00+00:00,0.10534779727458954,0.10534779727458954,0.10534779727458954,0.10534779727458954,0.10534779727458954,31840
2023-12-14 12:44:00+00:00,0.10535592585802078,0.10535592585802078,0.10535592585802078,0.10535592585802078,0.10535592585802078,26608
2023-12-14 12:45:00+00:00,0.10537092387676239,0.10537092387676239,0.10537092387676239,0.10537092387676239,0.10537092387676239,204880
2023-12-14 12:46:00+00:00,0.10547519475221634,0.10547519475221634,0.10547519475221634,0.10547519475221634,0.10547519475221634,303792
2023-12-14 12:47:00+00:00,0.1054782047867775,0.1054782047867775,0.1054782047867775,0.1054782047867775,0.1054782047867775,11872
2023-12-14 12:48:00+00:00,0.10547298192977905,0.10547298192977905,0.10547298192977905,0.10547298192977905,0.10547298192977905,0
2023-12-14 12:49:00+00:00,0.10554321855306625,0.10554321855306625,0.10554321855306625,0.10554321855306625,0.10554321855306625,67216
2023-12-14 12:50:00+00:00,0.10554268211126328,0.10554268211126328,0.10554268211126328,0.10554268211126328,0.10554268211126328,70640
2023-12-14 12:51:00+00:00,0.10554295778274536,0.10554295778274536,0.10554295778274536,0.10554295778274536,0.10554295778274536,0
2023-12-14 12:52:00+00:00,0.10548858344554901,0.10548858344554901,0.10548858344554901,0.10548858344554901,0.10548858344554901,0
2023-12-14 12:53:00+00:00,0.10548146069049835,0.10548146069049835,0.10548146069049835,0.10548146069049835,0.10548146069049835,0
2023-12-14 12:54:00+00:00,0.10548548400402069,0.10548548400402069,0.10548548400402069,0.10548548400402069,0.10548548400402069,12496
2023-12-14 12:55:00+00:00,0.10543889552354813,0.10543889552354813,0.10543889552354813,0.10543889552354813,0.10543889552354813,68288
2023-12-14 12:56:00+00:00,0.1054375097155571,0.1054375097155571,0.1054375097155571,0.1054375097155571,0.1054375097155571,0
2023-12-14 12:57:00+00:00,0.1054362952709198,0.1054362952709198,0.1054362952709198,0.1054362952709198,0.1054362952709198,0
2023-12-14 12:58:00+00:00,0.1054380014538765,0.1054380014538765,0.1054380014538765,0.1054380014538765,0.1054380014538765,0
2023-12-14 12:59:00+00:00,0.10543836653232574,0.10543836653232574,0.10543836653232574,0.10543836653232574,0.10543836653232574,42416
2023-12-14 13:01:00+00:00,0.10544600337743759,0.10544600337743759,0.10544600337743759,0.10544600337743759,0.10544600337743759,0
2023-12-14 13:02:00+00:00,0.1054428443312645,0.1054428443312645,0.1054428443312645,0.1054428443312645,0.1054428443312645,0
2023-12-14 13:03:00+00:00,0.10544228553771973,0.10544228553771973,0.10544228553771973,0.10544228553771973,0.10544228553771973,0
2023-12-14 13:04:00+00:00,0.10544343292713165,0.10544343292713165,0.10544343292713165,0.10544343292713165,0.10544343292713165,0
2023-12-14 13:05:00+00:00,0.10543686896562576,0.10543686896562576,0.10543686896562576,0.10543686896562576,0.10543686896562576,68640
2023-12-14 13:06:00+00:00,0.1054346114397049,0.1054346114397049,0.1054346114397049,0.1054346114397049,0.1054346114397049,0
2023-12-14 13:07:00+00:00,0.10531765222549438,0.10531765222549438,0.10531765222549438,0.10531765222549438,0.10531765222549438,0
2023-12-14 13:08:00+00:00,0.10531435906887054,0.10531435906887054,0.10531435906887054,0.10531435906887054,0.10531435906887054,275360
2023-12-14 13:09:00+00:00,0.10530675202608109,0.10530675202608109,0.10530675202608109,0.10530675202608109,0.10530675202608109,0
2023-12-14 13:10:00+00:00,0.10522380471229553,0.10522380471229553,0.10522380471229553,0.10522380471229553,0.10522380471229553,279024
2023-12-14 13:11:00+00:00,0.10519471019506454,0.10519471019506454,0.10519471019506454,0.10519471019506454,0.10519471019506454,29728
2023-12-14 13:12:00+00:00,0.10520441085100174,0.10520441085100174,0.10520441085100174,0.10520441085100174,0.10520441085100174,93136
2023-12-14 13:13:00+00:00,0.10516661405563354,0.10516661405563354,0.10516661405563354,0.10516661405563354,0.10516661405563354,109456
2023-12-14 13:14:00+00:00,0.10517378896474838,0.10517378896474838,0.10517378896474838,0.10517378896474838,0.10517378896474838,5744
2023-12-14 13:15:00+00:00,0.10516563802957535,0.10516563802957535,0.10516563802957535,0.10516563802957535,0.10516563802957535,0
2023-12-14 13:16:00+00:00,0.10501483082771301,0.10501483082771301,0.10501483082771301,0.10501483082771301,0.10501483082771301,145328
2023-12-14 13:17:00+00:00,0.10501445084810257,0.10501445084810257,0.10501445084810257,0.10501445084810257,0.10501445084810257,295472
2023-12-14 13:18:00+00:00,0.10503381490707397,0.10503381490707397,0.10503381490707397,0.10503381490707397,0.10503381490707397,66800
2023-12-14 13:19:00+00:00,0.10505619645118713,0.10505619645118713,0.10505619645118713,0.10505619645118713,0.10505619645118713,592224
2023-12-14 13:20:00+00:00,0.10505592823028564,0.10505592823028564,0.10505592823028564,0.10505592823028564,0.10505592823028564,93376
2023-12-14 13:21:00+00:00,0.10505623370409012,0.10505623370409012,0.10505623370409012,0.10505623370409012,0.10505623370409012,78176
2023-12-14 13:22:00+00:00,0.10508057475090027,0.10508057475090027,0.10508057475090027,0.10508057475090027,0.10508057475090027,0
2023-12-14 13:23:00+00:00,0.10507817566394806,0.10507817566394806,0.10507817566394806,0.10507817566394806,0.10507817566394806,43952
2023-12-14 13:25:00+00:00,0.10505668818950653,0.10505668818950653,0.10505668818950653,0.10505668818950653,0.10505668818950653,166384
2023-12-14 13:26:00+00:00,0.1050461083650589,0.1050461083650589,0.1050461083650589,0.1050461083650589,0.1050461083650589,8976
2023-12-14 13:27:00+00:00,0.10504747927188873,0.10504747927188873,0.10504747927188873,0.10504747927188873,0.10504747927188873,0
2023-12-14 13:28:00+00:00,0.1050397977232933,0.1050397977232933,0.1050397977232933,0.1050397977232933,0.1050397977232933,0
2023-12-14 13:29:00+00:00,0.10501627624034882,0.10501627624034882,0.10501627624034882,0.10501627624034882,0.10501627624034882,0
2023-12-14 13:30:00+00:00,0.10498151183128357,0.10498151183128357,0.10498151183128357,0.10498151183128357,0.10498151183128357,40784
2023-12-14 13:31:00+00:00,0.10476605594158173,0.10476605594158173,0.10476605594158173,0.10476605594158173,0.10476605594158173,1049952
2023-12-14 13:32:00+00:00,0.10465636104345322,0.10465636104345322,0.10465636104345322,0.10465636104345322,0.10465636104345322,93200
2023-12-14 13:33:00+00:00,0.10468950122594833,0.10468950122594833,0.10468950122594833,0.10468950122594833,0.10468950122594833,1570736
2023-12-14 13:34:00+00:00,0.10440727323293686,0.10440727323293686,0.10440727323293686,0.10440727323293686,0.10440727323293686,4163632
2023-12-14 13:35:00+00:00,0.1043742373585701,0.1043742373585701,0.1043742373585701,0.1043742373585701,0.1043742373585701,0
2023-12-14 13:36:00+00:00,0.10437163710594177,0.10437163710594177,0.10437163710594177,0.10437163710594177,0.10437163710594177,167024
2023-12-14 13:37:00+00:00,0.10438114404678345,0.10438114404678345,0.10438114404678345,0.10438114404678345,0.10438114404678345,850064
2023-12-14 13:38:00+00:00,0.10440722852945328,0.10440722852945328,0.10440722852945328,0.10440722852945328,0.10440722852945328,588720
2023-12-14 13:39:00+00:00,0.10440186411142349,0.10440186411142349,0.10440186411142349,0.10440186411142349,0.10440186411142349,134976
2023-12-14 13:40:00+00:00,0.10442575812339783,0.10442575812339783,0.10442575812339783,0.10442575812339783,0.10442575812339783,1343104
2023-12-14 13:41:00+00:00,0.10442493855953217,0.10442493855953217,0.10442493855953217,0.10442493855953217,0.10442493855953217,57824
2023-12-14 13:42:00+00:00,0.10442893952131271,0.10442893952131271,0.10442893952131271,0.10442893952131271,0.10442893952131271,0
2023-12-14 13:43:00+00:00,0.10446421802043915,0.10446421802043915,0.10446421802043915,0.10446421802043915,0.10446421802043915,482704
2023-12-14 13:44:00+00:00,0.10445300489664078,0.10445300489664078,0.10445300489664078,0.10445300489664078,0.10445300489664078,101888
2023-12-14 13:45:00+00:00,0.10447248816490173,0.10447248816490173,0.10447248816490173,0.10447248816490173,0.10447248816490173,63056
2023-12-14 13:46:00+00:00,0.10457918792963028,0.10457918792963028,0.10457918792963028,0.10457918792963028,0.10457918792963028,442304
2023-12-14 13:47:00+00:00,0.10460391640663147,0.10460391640663147,0.10460391640663147,0.10460391640663147,0.10460391640663147,83744
2023-12-14 13:48:00+00:00,0.10459418594837189,0.10459418594837189,0.10459418594837189,0.10459418594837189,0.10459418594837189,113424
2023-12-14 13:49:00+00:00,0.10464940220117569,0.10464940220117569,0.10464940220117569,0.10464940220117569,0.10464940220117569,803312
2023-12-14 13:50:00+00:00,0.10475408285856247,0.10475408285856247,0.10475408285856247,0.10475408285856247,0.10475408285856247,201312
2023-12-14 13:51:00+00:00,0.10481633991003036,0.10481633991003036,0.10481633991003036,0.10481633991003036,0.10481633991003036,164256
2023-12-14 13:52:00+00:00,0.1051139235496521,0.1051139235496521,0.1051139235496521,0.1051139235496521,0.1051139235496521,1209616
2023-12-14 13:53:00+00:00,0.10515594482421875,0.10515594482421875,0.10515594482421875,0.10515594482421875,0.10515594482421875,754432
2023-12-14 13:54:00+00:00,0.1051977202296257,0.1051977202296257,0.1051977202296257,0.1051977202296257,0.1051977202296257,130240
2023-12-14 13:55:00+00:00,0.10534129291772842,0.10534129291772842,0.10534129291772842,0.10534129291772842,0.10534129291772842,1439264
2023-12-14 13:56:00+00:00,0.10533259809017181,0.10533259809017181,0.10533259809017181,0.10533259809017181,0.10533259809017181,45056
2023-12-14 13:57:00+00:00,0.10536152124404907,0.10536152124404907,0.10536152124404907,0.10536152124404907,0.10536152124404907,0
2023-12-14 13:58:00+00:00,0.10546119511127472,0.10546119511127472,0.10546119511127472,0.10546119511127472,0.10546119511127472,264192
2023-12-14 13:59:00+00:00,0.1054348349571228,0.1054348349571228,0.1054348349571228,0.1054348349571228,0.1054348349571228,133008
2023-12-14 14:00:00+00:00,0.10544006526470184,0.10544006526470184,0.10544006526470184,0.10544006526470184,0.10544006526470184,0
2023-12-14 14:01:00+00:00,0.1054144948720932,0.1054144948720932,0.1054144948720932,0.1054144948720932,0.1054144948720932,0
2023-12-14 14:02:00+00:00,0.10539478063583374,0.10539478063583374,0.10539478063583374,0.10539478063583374,0.10539478063583374,0
2023-12-14 14:03:00+00:00,0.10539444535970688,0.10539444535970688,0.10539444535970688,0.10539444535970688,0.10539444535970688,92080
2023-12-14 14:04:00+00:00,0.1052543893456459,0.1052543893456459,0.1052543893456459,0.1052543893456459,0.1052543893456459,83168
2023-12-14 14:05:00+00:00,0.1052488163113594,0.1052488163113594,0.1052488163113594,0.1052488163113594,0.1052488163113594,18656
2023-12-14 14:06:00+00:00,0.1052444577217102,0.1052444577217102,0.1052444577217102,0.1052444577217102,0.1052444577217102,20960
2023-12-14 14:07:00+00:00,0.10523949563503265,0.10523949563503265,0.10523949563503265,0.10523949563503265,0.10523949563503265,48432
2023-12-14 14:08:00+00:00,0.10523282736539841,0.10523282736539841,0.10523282736539841,0.10523282736539841,0.10523282736539841,796656
2023-12-14 14:09:00+00:00,0.10521720349788666,0.10521720349788666,0.10521720349788666,0.10521720349788666,0.10521720349788666,27712
2023-12-14 14:10:00+00:00,0.10523674637079239,0.10523674637079239,0.10523674637079239,0.10523674637079239,0.10523674637079239,408192
2023-12-14 14:11:00+00:00,0.10519872605800629,0.10519872605800629,0.10519872605800629,0.10519872605800629,0.10519872605800629,31152
2023-12-14 14:12:00+00:00,0.1052217110991478,0.1052217110991478,0.1052217110991478,0.1052217110991478,0.1052217110991478,0
2023-12-14 14:13:00+00:00,0.1051582396030426,0.1051582396030426,0.1051582396030426,0.1051582396030426,0.1051582396030426,0
2023-12-14 14:14:00+00:00,0.1051521971821785,0.1051521971821785,0.1051521971821785,0.1051521971821785,0.1051521971821785,0
2023-12-14 14:15:00+00:00,0.10515180230140686,0.10515180230140686,0.10515180230140686,0.10515180230140686,0.10515180230140686,22992
2023-12-14 14:16:00+00:00,0.10509644448757172,0.10509644448757172,0.10509644448757172,0.10509644448757172,0.10509644448757172,205088
2023-12-14 14:17:00+00:00,0.10507909953594208,0.10507909953594208,0.10507909953594208,0.10507909953594208,0.10507909953594208,0
2023-12-14 14:18:00+00:00,0.10508105903863907,0.10508105903863907,0.10508105903863907,0.10508105903863907,0.10508105903863907,77984
2023-12-14 14:19:00+00:00,0.10513751953840256,0.10513751953840256,0.10513751953840256,0.10513751953840256,0.10513751953840256,856768
2023-12-14 14:20:00+00:00,0.10514910519123077,0.10514910519123077,0.10514910519123077,0.10514910519123077,0.10514910519123077,25184
2023-12-14 14:21:00+00:00,0.10516076534986496,0.10516076534986496,0.10516076534986496,0.10516076534986496,0.10516076534986496,180144
2023-12-14 14:22:00+00:00,0.10526937246322632,0.10526937246322632,0.10526937246322632,0.10526937246322632,0.10526937246322632,787408
2023-12-14 14:23:00+00:00,0.10528536140918732,0.10528536140918732,0.10528536140918732,0.10528536140918732,0.10528536140918732,67248
2023-12-14 14:24:00+00:00,0.1052849218249321,0.1052849218249321,0.1052849218249321,0.1052849218249321,0.1052849218249321,40496
2023-12-14 14:25:00+00:00,0.10533057153224945,0.10533057153224945,0.10533057153224945,0.10533057153224945,0.10533057153224945,190048
2023-12-14 14:26:00+00:00,0.10534527897834778,0.10534527897834778,0.10534527897834778,0.10534527897834778,0.10534527897834778,37824
2023-12-14 14:27:00+00:00,0.1053454577922821,0.1053454577922821,0.1053454577922821,0.1053454577922821,0.1053454577922821,0
2023-12-14 14:28:00+00:00,0.10539522767066956,0.10539522767066956,0.10539522767066956,0.10539522767066956,0.10539522767066956,177344
2023-12-14 14:29:00+00:00,0.10540707409381866,0.10540707409381866,0.10540707409381866,0.10540707409381866,0.10540707409381866,0
2023-12-14 14:30:00+00:00,0.10540274530649185,0.10540274530649185,0.10540274530649185,0.10540274530649185,0.10540274530649185,56320
2023-12-14 14:31:00+00:00,0.10542746633291245,0.10542746633291245,0.10542746633291245,0.10542746633291245,0.10542746633291245,242304
2023-12-14 14:32:00+00:00,0.10542988032102585,0.10542988032102585,0.10542988032102585,0.10542988032102585,0.10542988032102585,102208
2023-12-14 14:33:00+00:00,0.1054404228925705,0.1054404228925705,0.1054404228925705,0.1054404228925705,0.1054404228925705,0
2023-12-14 14:34:00+00:00,0.1054309606552124,0.1054309606552124,0.1054309606552124,0.1054309606552124,0.1054309606552124,141440
2023-12-14 14:35:00+00:00,0.10544425249099731,0.10544425249099731,0.10544425249099731,0.10544425249099731,0.10544425249099731,13776
2023-12-14 14:36:00+00:00,0.1054358258843422,0.1054358258843422,0.1054358258843422,0.1054358258843422,0.1054358258843422,0
2023-12-14 14:37:00+00:00,0.10539518296718597,0.10539518296718597,0.10539518296718597,0.10539518296718597,0.10539518296718597,0
2023-12-14 14:38:00+00:00,0.10538900643587112,0.10538900643587112,0.10538900643587112,0.10538900643587112,0.10538900643587112,0
2023-12-14 14:39:00+00:00,0.10538942366838455,0.10538942366838455,0.10538942366838455,0.10538942366838455,0.10538942366838455,10912
2023-12-14 14:40:00+00:00,0.10531444102525711,0.10531444102525711,0.10531444102525711,0.10531444102525711,0.10531444102525711,204064
2023-12-14 14:41:00+00:00,0.10531783103942871,0.10531783103942871,0.10531783103942871,0.10531783103942871,0.10531783103942871,154976
2023-12-14 14:42:00+00:00,0.10529676824808121,0.10529676824808121,0.10529676824808121,0.10529676824808121,0.10529676824808121,0
2023-12-14 14:43:00+00:00,0.10531336069107056,0.10531336069107056,0.10531336069107056,0.10531336069107056,0.10531336069107056,320512
2023-12-14 14:44:00+00:00,0.10530908405780792,0.10530908405780792,0.10530908405780792,0.10530908405780792,0.10530908405780792,13344
2023-12-14 14:45:00+00:00,0.10528980940580368,0.10528980940580368,0.10528980940580368,0.10528980940580368,0.10528980940580368,0
2023-12-14 14:46:00+00:00,0.10525574535131454,0.10525574535131454,0.10525574535131454,0.10525574535131454,0.10525574535131454,54048
2023-12-14 14:47:00+00:00,0.10527064651250839,0.10527064651250839,0.10527064651250839,0.10527064651250839,0.10527064651250839,107696
2023-12-14 14:48:00+00:00,0.10526587814092636,0.10526587814092636,0.10526587814092636,0.10526587814092636,0.10526587814092636,58704
2023-12-14 14:49:00+00:00,0.10525432974100113,0.10525432974100113,0.10525432974100113,0.10525432974100113,0.10525432974100113,51680
2023-12-14 14:50:00+00:00,0.10525248944759369,0.10525248944759369,0.10525248944759369,0.10525248944759369,0.10525248944759369,204464
2023-12-14 14:51:00+00:00,0.10524691641330719,0.10524691641330719,0.10524691641330719,0.10524691641330719,0.10524691641330719,0
2023-12-14 14:52:00+00:00,0.10521848499774933,0.10521848499774933,0.10521848499774933,0.10521848499774933,0.10521848499774933,53504
2023-12-14 14:53:00+00:00,0.10522989183664322,0.10522989183664322,0.10522989183664322,0.10522989183664322,0.10522989183664322,0
2023-12-14 14:54:00+00:00,0.10523239523172379,0.10523239523172379,0.10523239523172379,0.10523239523172379,0.10523239523172379,68192
2023-12-14 14:55:00+00:00,0.10531526803970337,0.10531526803970337,0.10531526803970337,0.10531526803970337,0.10531526803970337,289776
2023-12-14 14:56:00+00:00,0.1053130254149437,0.1053130254149437,0.1053130254149437,0.1053130254149437,0.1053130254149437,69088
2023-12-14 14:57:00+00:00,0.10532581061124802,0.10532581061124802,0.10532581061124802,0.10532581061124802,0.10532581061124802,10544
2023-12-14 14:58:00+00:00,0.1053260788321495,0.1053260788321495,0.1053260788321495,0.1053260788321495,0.1053260788321495,227936
2023-12-14 14:59:00+00:00,0.10532282292842865,0.10532282292842865,0.10532282292842865,0.10532282292842865,0.10532282292842865,0
2023-12-14 15:00:00+00:00,0.10532592982053757,0.10532592982053757,0.10532592982053757,0.10532592982053757,0.10532592982053757,20816
2023-12-14 15:01:00+00:00,0.10533912479877472,0.10533912479877472,0.10533912479877472,0.10533912479877472,0.10533912479877472,0
2023-12-14 15:02:00+00:00,0.10537134855985641,0.10537134855985641,0.10537134855985641,0.10537134855985641,0.10537134855985641,0
2023-12-14 15:03:00+00:00,0.1053832545876503,0.1053832545876503,0.1053832545876503,0.1053832545876503,0.1053832545876503,202944
2023-12-14 15:04:00+00:00,0.1055341362953186,0.1055341362953186,0.1055341362953186,0.1055341362953186,0.1055341362953186,0
2023-12-14 15:05:00+00:00,0.10554604977369308,0.10554604977369308,0.10554604977369308,0.10554604977369308,0.10554604977369308,39104
2023-12-14 15:06:00+00:00,0.10554729402065277,0.10554729402065277,0.10554729402065277,0.10554729402065277,0.10554729402065277,0
2023-12-14 15:07:00+00:00,0.10552538186311722,0.10552538186311722,0.10552538186311722,0.10552538186311722,0.10552538186311722,0
2023-12-14 15:08:00+00:00,0.10553314536809921,0.10553314536809921,0.10553314536809921,0.10553314536809921,0.10553314536809921,0
2023-12-14 15:09:00+00:00,0.10553854703903198,0.10553854703903198,0.10553854703903198,0.10553854703903198,0.10553854703903198,0
2023-12-14 15:10:00+00:00,0.10554596036672592,0.10554596036672592,0.10554596036672592,0.10554596036672592,0.10554596036672592,0
2023-12-14 15:11:00+00:00,0.10555217415094376,0.10555217415094376,0.10555217415094376,0.10555217415094376,0.10555217415094376,0
2023-12-14 15:12:00+00:00,0.10554208606481552,0.10554208606481552,0.10554208606481552,0.10554208606481552,0.10554208606481552,0
2023-12-14 15:13:00+00:00,0.10551151633262634,0.10551151633262634,0.10551151633262634,0.10551151633262634,0.10551151633262634,0
2023-12-14 15:14:00+00:00,0.10550743341445923,0.10550743341445923,0.10550743341445923,0.10550743341445923,0.10550743341445923,0
2023-12-14 15:15:00+00:00,0.1055222898721695,0.1055222898721695,0.1055222898721695,0.1055222898721695,0.1055222898721695,0
2023-12-14 15:16:00+00:00,0.10554815828800201,0.10554815828800201,0.10554815828800201,0.10554815828800201,0.10554815828800201,0
2023-12-14 15:17:00+00:00,0.10554146021604538,0.10554146021604538,0.10554146021604538,0.10554146021604538,0.10554146021604538,0
2023-12-14 15:18:00+00:00,0.10553839802742004,0.10553839802742004,0.10553839802742004,0.10553839802742004,0.10553839802742004,0
2023-12-14 15:19:00+00:00,0.10552094876766205,0.10552094876766205,0.10552094876766205,0.10552094876766205,0.10552094876766205,68096
2023-12-14 15:20:00+00:00,0.10552417486906052,0.10552417486906052,0.10552417486906052,0.10552417486906052,0.10552417486906052,0
2023-12-14 15:21:00+00:00,0.10553291440010071,0.10553291440010071,0.10553291440010071,0.10553291440010071,0.10553291440010071,0
2023-12-14 15:22:00+00:00,0.10553061962127686,0.10553061962127686,0.10553061962127686,0.10553061962127686,0.10553061962127686,0
2023-12-14 15:23:00+00:00,0.10547783970832825,0.10547783970832825,0.10547783970832825,0.10547783970832825,0.10547783970832825,0
2023-12-14 15:24:00+00:00,0.10547871142625809,0.10547871142625809,0.10547871142625809,0.10547871142625809,0.10547871142625809,478192
2023-12-14 15:25:00+00:00,0.10533367842435837,0.10533367842435837,0.10533367842435837,0.10533367842435837,0.10533367842435837,631760
2023-12-14 15:26:00+00:00,0.1053149476647377,0.1053149476647377,0.1053149476647377,0.1053149476647377,0.1053149476647377,15856
2023-12-14 15:27:00+00:00,0.10532079637050629,0.10532079637050629,0.10532079637050629,0.10532079637050629,0.10532079637050629,36048
2023-12-14 15:28:00+00:00,0.10532351583242416,0.10532351583242416,0.10532351583242416,0.10532351583242416,0.10532351583242416,116464
2023-12-14 15:29:00+00:00,0.10530897229909897,0.10530897229909897,0.10530897229909897,0.10530897229909897,0.10530897229909897,28560
2023-12-14 15:30:00+00:00,0.10529612749814987,0.10529612749814987,0.10529612749814987,0.10529612749814987,0.10529612749814987,0
2023-12-14 15:31:00+00:00,0.10528501123189926,0.10528501123189926,0.10528501123189926,0.10528501123189926,0.10528501123189926,509744
2023-12-14 15:32:00+00:00,0.10529903322458267,0.10529903322458267,0.10529903322458267,0.10529903322458267,0.10529903322458267,0
2023-12-14 15:33:00+00:00,0.10530883818864822,0.10530883818864822,0.10530883818864822,0.10530883818864822,0.10530883818864822,0
2023-12-14 15:34:00+00:00,0.10534564405679703,0.10534564405679703,0.10534564405679703,0.10534564405679703,0.10534564405679703,0
2023-12-14 15:35:00+00:00,0.10534532368183136,0.10534532368183136,0.10534532368183136,0.10534532368183136,0.10534532368183136,432
2023-12-14 15:36:00+00:00,0.1053425669670105,0.1053425669670105,0.1053425669670105,0.1053425669670105,0.1053425669670105,0
2023-12-14 15:37:00+00:00,0.10532724857330322,0.10532724857330322,0.10532724857330322,0.10532724857330322,0.10532724857330322,0
2023-12-14 15:38:00+00:00,0.10534235835075378,0.10534235835075378,0.10534235835075378,0.10534235835075378,0.10534235835075378,16800
2023-12-14 15:39:00+00:00,0.10533630102872849,0.10533630102872849,0.10533630102872849,0.10533630102872849,0.10533630102872849,0
2023-12-14 15:40:00+00:00,0.10533932596445084,0.10533932596445084,0.10533932596445084,0.10533932596445084,0.10533932596445084,39152
2023-12-14 15:41:00+00:00,0.10534051805734634,0.10534051805734634,0.10534051805734634,0.10534051805734634,0.10534051805734634,19680
2023-12-14 15:42:00+00:00,0.10534855723381042,0.10534855723381042,0.10534855723381042,0.10534855723381042,0.10534855723381042,0
2023-12-14 15:43:00+00:00,0.10532431304454803,0.10532431304454803,0.10532431304454803,0.10532431304454803,0.10532431304454803,43856
2023-12-14 15:45:00+00:00,0.10534197092056274,0.10534197092056274,0.10534197092056274,0.10534197092056274,0.10534197092056274,37632
2023-12-14 15:46:00+00:00,0.1054181233048439,0.1054181233048439,0.1054181233048439,0.1054181233048439,0.1054181233048439,10112
2023-12-14 15:47:00+00:00,0.10543089359998703,0.10543089359998703,0.10543089359998703,0.10543089359998703,0.10543089359998703,114800
2023-12-14 15:48:00+00:00,0.10541848093271255,0.10541848093271255,0.10541848093271255,0.10541848093271255,0.10541848093271255,55088
2023-12-14 15:49:00+00:00,0.10540906339883804,0.10540906339883804,0.10540906339883804,0.10540906339883804,0.10540906339883804,0
2023-12-14 15:50:00+00:00,0.10542021691799164,0.10542021691799164,0.10542021691799164,0.10542021691799164,0.10542021691799164,0
2023-12-14 15:51:00+00:00,0.10543106496334076,0.10543106496334076,0.10543106496334076,0.10543106496334076,0.10543106496334076,0
2023-12-14 15:52:00+00:00,0.1054409071803093,0.1054409071803093,0.1054409071803093,0.1054409071803093,0.1054409071803093,72528
2023-12-14 15:53:00+00:00,0.10543851554393768,0.10543851554393768,0.10543851554393768,0.10543851554393768,0.10543851554393768,12672
2023-12-14 15:54:00+00:00,0.10542544722557068,0.10542544722557068,0.10542544722557068,0.10542544722557068,0.10542544722557068,0
2023-12-14 15:55:00+00:00,0.10542134940624237,0.10542134940624237,0.10542134940624237,0.10542134940624237,0.10542134940624237,173600
2023-12-14 15:56:00+00:00,0.10540804266929626,0.10540804266929626,0.10540804266929626,0.10540804266929626,0.10540804266929626,9264
2023-12-14 15:57:00+00:00,0.10541561245918274,0.10541561245918274,0.10541561245918274,0.10541561245918274,0.10541561245918274,31056
2023-12-14 15:58:00+00:00,0.10539431869983673,0.10539431869983673,0.10539431869983673,0.10539431869983673,0.10539431869983673,0
2023-12-14 15:59:00+00:00,0.10539496690034866,0.10539496690034866,0.10539496690034866,0.10539496690034866,0.10539496690034866,28272
2023-12-14 16:00:00+00:00,0.1054028868675232,0.1054028868675232,0.1054028868675232,0.1054028868675232,0.1054028868675232,43824
2023-12-14 16:01:00+00:00,0.10540316253900528,0.10540316253900528,0.10540316253900528,0.10540316253900528,0.10540316253900528,0
2023-12-14 16:02:00+00:00,0.10539943724870682,0.10539943724870682,0.10539943724870682,0.10539943724870682,0.10539943724870682,0
2023-12-14 16:03:00+00:00,0.105398029088974,0.105398029088974,0.105398029088974,0.105398029088974,0.105398029088974,8320
2023-12-14 16:04:00+00:00,0.10539916902780533,0.10539916902780533,0.10539916902780533,0.10539916902780533,0.10539916902780533,36352
2023-12-14 16:06:00+00:00,0.1054011657834053,0.1054011657834053,0.1054011657834053,0.1054011657834053,0.1054011657834053,35456
2023-12-14 16:07:00+00:00,0.10538201779127121,0.10538201779127121,0.10538201779127121,0.10538201779127121,0.10538201779127121,0
2023-12-14 16:08:00+00:00,0.1053895652294159,0.1053895652294159,0.1053895652294159,0.1053895652294159,0.1053895652294159,0
2023-12-14 16:09:00+00:00,0.10539454966783524,0.10539454966783524,0.10539454966783524,0.10539454966783524,0.10539454966783524,18192
2023-12-14 16:10:00+00:00,0.10545708239078522,0.10545708239078522,0.10545708239078522,0.10545708239078522,0.10545708239078522,0
2023-12-14 16:11:00+00:00,0.10547114908695221,0.10547114908695221,0.10547114908695221,0.10547114908695221,0.10547114908695221,53152
2023-12-14 16:12:00+00:00,0.10548283159732819,0.10548283159732819,0.10548283159732819,0.10548283159732819,0.10548283159732819,0
2023-12-14 16:13:00+00:00,0.10557524114847183,0.10557524114847183,0.10557524114847183,0.10557524114847183,0.10557524114847183,124384
2023-12-14 16:14:00+00:00,0.10556060820817947,0.10556060820817947,0.10556060820817947,0.10556060820817947,0.10556060820817947,255536
2023-12-14 16:15:00+00:00,0.10556020587682724,0.10556020587682724,0.10556020587682724,0.10556020587682724,0.10556020587682724,2944
2023-12-14 16:16:00+00:00,0.10550785064697266,0.10550785064697266,0.10550785064697266,0.10550785064697266,0.10550785064697266,127696
2023-12-14 16:17:00+00:00,0.10551340878009796,0.10551340878009796,0.10551340878009796,0.10551340878009796,0.10551340878009796,0
2023-12-14 16:18:00+00:00,0.10552985221147537,0.10552985221147537,0.10552985221147537,0.10552985221147537,0.10552985221147537,0
2023-12-14 16:19:00+00:00,0.10556308180093765,0.10556308180093765,0.10556308180093765,0.10556308180093765,0.10556308180093765,0
2023-12-14 16:20:00+00:00,0.1055535227060318,0.1055535227060318,0.1055535227060318,0.1055535227060318,0.1055535227060318,0
2023-12-14 16:21:00+00:00,0.10556582361459732,0.10556582361459732,0.10556582361459732,0.10556582361459732,0.10556582361459732,0
2023-12-14 16:22:00+00:00,0.10559993237257004,0.10559993237257004,0.10559993237257004,0.10559993237257004,0.10559993237257004,0
2023-12-14 16:23:00+00:00,0.10559435188770294,0.10559435188770294,0.10559435188770294,0.10559435188770294,0.10559435188770294,0
2023-12-14 16:24:00+00:00,0.10557910054922104,0.10557910054922104,0.10557910054922104,0.10557910054922104,0.10557910054922104,45408
2023-12-14 16:25:00+00:00,0.10551439970731735,0.10551439970731735,0.10551439970731735,0.10551439970731735,0.10551439970731735,28320
2023-12-14 16:26:00+00:00,0.10550849139690399,0.10550849139690399,0.10550849139690399,0.10550849139690399,0.10550849139690399,0
2023-12-14 16:27:00+00:00,0.10552387684583664,0.10552387684583664,0.10552387684583664,0.10552387684583664,0.10552387684583664,0
2023-12-14 16:28:00+00:00,0.10552074015140533,0.10552074015140533,0.10552074015140533,0.10552074015140533,0.10552074015140533,0
2023-12-14 16:29:00+00:00,0.105522021651268,0.105522021651268,0.105522021651268,0.105522021651268,0.105522021651268,0
2023-12-14 16:30:00+00:00,0.10551801323890686,0.10551801323890686,0.10551801323890686,0.10551801323890686,0.10551801323890686,0
2023-12-14 16:31:00+00:00,0.1055377796292305,0.1055377796292305,0.1055377796292305,0.1055377796292305,0.1055377796292305,0
2023-12-14 16:32:00+00:00,0.10552724450826645,0.10552724450826645,0.10552724450826645,0.10552724450826645,0.10552724450826645,0
2023-12-14 16:33:00+00:00,0.10552993416786194,0.10552993416786194,0.10552993416786194,0.10552993416786194,0.10552993416786194,0
2023-12-14 16:34:00+00:00,0.10555697977542877,0.10555697977542877,0.10555697977542877,0.10555697977542877,0.10555697977542877,0
2023-12-14 16:35:00+00:00,0.10554226487874985,0.10554226487874985,0.10554226487874985,0.10554226487874985,0.10554226487874985,0
2023-12-14 16:36:00+00:00,0.10555783659219742,0.10555783659219742,0.10555783659219742,0.10555783659219742,0.10555783659219742,0
2023-12-14 16:37:00+00:00,0.10554976016283035,0.10554976016283035,0.10554976016283035,0.10554976016283035,0.10554976016283035,0
2023-12-14 16:38:00+00:00,0.10554992407560349,0.10554992407560349,0.10554992407560349,0.10554992407560349,0.10554992407560349,0
2023-12-14 16:39:00+00:00,0.1055748388171196,0.1055748388171196,0.1055748388171196,0.1055748388171196,0.1055748388171196,3680
2023-12-14 16:40:00+00:00,0.10561913996934891,0.10561913996934891,0.10561913996934891,0.10561913996934891,0.10561913996934891,175312
2023-12-14 16:41:00+00:00,0.10562457889318466,0.10562457889318466,0.10562457889318466,0.10562457889318466,0.10562457889318466,135024
2023-12-14 16:42:00+00:00,0.10561320185661316,0.10561320185661316,0.10561320185661316,0.10561320185661316,0.10561320185661316,4384
2023-12-14 16:43:00+00:00,0.10563934594392776,0.10563934594392776,0.10563934594392776,0.10563934594392776,0.10563934594392776,0
2023-12-14 16:44:00+00:00,0.10563234239816666,0.10563234239816666,0.10563234239816666,0.10563234239816666,0.10563234239816666,5744
2023-12-14 16:45:00+00:00,0.105628103017807,0.105628103017807,0.105628103017807,0.105628103017807,0.105628103017807,15712
2023-12-14 16:46:00+00:00,0.10559798032045364,0.10559798032045364,0.10559798032045364,0.10559798032045364,0.10559798032045364,0
2023-12-14 16:47:00+00:00,0.10559707880020142,0.10559707880020142,0.10559707880020142,0.10559707880020142,0.10559707880020142,0
2023-12-14 16:48:00+00:00,0.10560989379882812,0.10560989379882812,0.10560989379882812,0.10560989379882812,0.10560989379882812,0
2023-12-14 16:49:00+00:00,0.10560967773199081,0.10560967773199081,0.10560967773199081,0.10560967773199081,0.10560967773199081,0
2023-12-14 16:50:00+00:00,0.1056077629327774,0.1056077629327774,0.1056077629327774,0.1056077629327774,0.1056077629327774,1904
2023-12-14 16:51:00+00:00,0.10561012476682663,0.10561012476682663,0.10561012476682663,0.10561012476682663,0.10561012476682663,0
2023-12-14 16:52:00+00:00,0.1056157648563385,0.1056157648563385,0.1056157648563385,0.1056157648563385,0.1056157648563385,0
2023-12-14 16:53:00+00:00,0.1056133359670639,0.1056133359670639,0.1056133359670639,0.1056133359670639,0.1056133359670639,0
2023-12-14 16:54:00+00:00,0.10561425238847733,0.10561425238847733,0.10561425238847733,0.10561425238847733,0.10561425238847733,0
2023-12-14 16:55:00+00:00,0.10562489926815033,0.10562489926815033,0.10562489926815033,0.10562489926815033,0.10562489926815033,16320
2023-12-14 16:56:00+00:00,0.10561937838792801,0.10561937838792801,0.10561937838792801,0.10561937838792801,0.10561937838792801,10976
2023-12-14 16:57:00+00:00,0.10562624782323837,0.10562624782323837,0.10562624782323837,0.10562624782323837,0.10562624782323837,0
2023-12-14 16:58:00+00:00,0.1056334376335144,0.1056334376335144,0.1056334376335144,0.1056334376335144,0.1056334376335144,112
2023-12-14 16:59:00+00:00,0.1056261882185936,0.1056261882185936,0.1056261882185936,0.1056261882185936,0.1056261882185936,0
2023-12-14 17:00:00+00:00,0.10562582314014435,0.10562582314014435,0.10562582314014435,0.10562582314014435,0.10562582314014435,0
2023-12-14 17:01:00+00:00,0.10562301427125931,0.10562301427125931,0.10562301427125931,0.10562301427125931,0.10562301427125931,0
2023-12-14 17:02:00+00:00,0.10562428832054138,0.10562428832054138,0.10562428832054138,0.10562428832054138,0.10562428832054138,0
2023-12-14 17:03:00+00:00,0.10563307255506516,0.10563307255506516,0.10563307255506516,0.10563307255506516,0.10563307255506516,0
2023-12-14 17:04:00+00:00,0.1056455597281456,0.1056455597281456,0.1056455597281456,0.1056455597281456,0.1056455597281456,0
2023-12-14 17:06:00+00:00,0.10565973818302155,0.10565973818302155,0.10565973818302155,0.10565973818302155,0.10565973818302155,74816
2023-12-14 17:07:00+00:00,0.10566915571689606,0.10566915571689606,0.10566915571689606,0.10566915571689606,0.10566915571689606,194512
2023-12-14 17:08:00+00:00,0.10567083209753036,0.10567083209753036,0.10567083209753036,0.10567083209753036,0.10567083209753036,1536
2023-12-14 17:09:00+00:00,0.10567507147789001,0.10567507147789001,0.10567507147789001,0.10567507147789001,0.10567507147789001,0
2023-12-14 17:10:00+00:00,0.10571149736642838,0.10571149736642838,0.10571149736642838,0.10571149736642838,0.10571149736642838,0
2023-12-14 17:11:00+00:00,0.1057014986872673,0.1057014986872673,0.1057014986872673,0.1057014986872673,0.1057014986872673,14048
2023-12-14 17:12:00+00:00,0.10569887608289719,0.10569887608289719,0.10569887608289719,0.10569887608289719,0.10569887608289719,24304
2023-12-14 17:13:00+00:00,0.10569440573453903,0.10569440573453903,0.10569440573453903,0.10569440573453903,0.10569440573453903,32528
2023-12-14 17:14:00+00:00,0.10569586604833603,0.10569586604833603,0.10569586604833603,0.10569586604833603,0.10569586604833603,0
2023-12-14 17:15:00+00:00,0.10570116341114044,0.10570116341114044,0.10570116341114044,0.10570116341114044,0.10570116341114044,48064
2023-12-14 17:16:00+00:00,0.10568609088659286,0.10568609088659286,0.10568609088659286,0.10568609088659286,0.10568609088659286,27600
2023-12-14 17:17:00+00:00,0.10567373782396317,0.10567373782396317,0.10567373782396317,0.10567373782396317,0.10567373782396317,36496
2023-12-14 17:18:00+00:00,0.10567912459373474,0.10567912459373474,0.10567912459373474,0.10567912459373474,0.10567912459373474,9056
2023-12-14 17:19:00+00:00,0.1056443601846695,0.1056443601846695,0.1056443601846695,0.1056443601846695,0.1056443601846695,0
2023-12-14 17:20:00+00:00,0.10564356297254562,0.10564356297254562,0.10564356297254562,0.10564356297254562,0.10564356297254562,0
2023-12-14 17:21:00+00:00,0.10563790053129196,0.10563790053129196,0.10563790053129196,0.10563790053129196,0.10563790053129196,0
2023-12-14 17:22:00+00:00,0.10560683906078339,0.10560683906078339,0.10560683906078339,0.10560683906078339,0.10560683906078339,9696
2023-12-14 17:23:00+00:00,0.10560941696166992,0.10560941696166992,0.10560941696166992,0.10560941696166992,0.10560941696166992,28240
2023-12-14 17:24:00+00:00,0.10559877753257751,0.10559877753257751,0.10559877753257751,0.10559877753257751,0.10559877753257751,0
2023-12-14 17:25:00+00:00,0.10557609051465988,0.10557609051465988,0.10557609051465988,0.10557609051465988,0.10557609051465988,0
2023-12-14 17:26:00+00:00,0.10558204352855682,0.10558204352855682,0.10558204352855682,0.10558204352855682,0.10558204352855682,18320
2023-12-14 17:27:00+00:00,0.10557545721530914,0.10557545721530914,0.10557545721530914,0.10557545721530914,0.10557545721530914,23200
2023-12-14 17:28:00+00:00,0.10556252300739288,0.10556252300739288,0.10556252300739288,0.10556252300739288,0.10556252300739288,0
2023-12-14 17:29:00+00:00,0.1055707111954689,0.1055707111954689,0.1055707111954689,0.1055707111954689,0.1055707111954689,0
2023-12-14 17:30:00+00:00,0.10560621321201324,0.10560621321201324,0.10560621321201324,0.10560621321201324,0.10560621321201324,18800
2023-12-14 17:31:00+00:00,0.10567179322242737,0.10567179322242737,0.10567179322242737,0.10567179322242737,0.10567179322242737,0
2023-12-14 17:32:00+00:00,0.10567887872457504,0.10567887872457504,0.10567887872457504,0.10567887872457504,0.10567887872457504,93264
2023-12-14 17:33:00+00:00,0.10570193082094193,0.10570193082094193,0.10570193082094193,0.10570193082094193,0.10570193082094193,126784
2023-12-14 17:34:00+00:00,0.10570847988128662,0.10570847988128662,0.10570847988128662,0.10570847988128662,0.10570847988128662,484752
2023-12-14 17:35:00+00:00,0.10571083426475525,0.10571083426475525,0.10571083426475525,0.10571083426475525,0.10571083426475525,262848
2023-12-14 17:36:00+00:00,0.10570325702428818,0.10570325702428818,0.10570325702428818,0.10570325702428818,0.10570325702428818,74800
2023-12-14 17:37:00+00:00,0.10568663477897644,0.10568663477897644,0.10568663477897644,0.10568663477897644,0.10568663477897644,294016
2023-12-14 17:38:00+00:00,0.10570789873600006,0.10570789873600006,0.10570789873600006,0.10570789873600006,0.10570789873600006,78912
2023-12-14 17:39:00+00:00,0.10571663081645966,0.10571663081645966,0.10571663081645966,0.10571663081645966,0.10571663081645966,0
2023-12-14 17:40:00+00:00,0.10576918721199036,0.10576918721199036,0.10576918721199036,0.10576918721199036,0.10576918721199036,253712
2023-12-14 17:41:00+00:00,0.10577315092086792,0.10577315092086792,0.10577315092086792,0.10577315092086792,0.10577315092086792,30576
2023-12-14 17:42:00+00:00,0.10576425492763519,0.10576425492763519,0.10576425492763519,0.10576425492763519,0.10576425492763519,90496
2023-12-14 17:43:00+00:00,0.10577403008937836,0.10577403008937836,0.10577403008937836,0.10577403008937836,0.10577403008937836,226528
2023-12-14 17:44:00+00:00,0.10578201711177826,0.10578201711177826,0.10578201711177826,0.10578201711177826,0.10578201711177826,18256
2023-12-14 17:45:00+00:00,0.10577461123466492,0.10577461123466492,0.10577461123466492,0.10577461123466492,0.10577461123466492,0
2023-12-14 17:46:00+00:00,0.10580766946077347,0.10580766946077347,0.10580766946077347,0.10580766946077347,0.10580766946077347,0
2023-12-14 17:47:00+00:00,0.1057877317070961,0.1057877317070961,0.1057877317070961,0.1057877317070961,0.1057877317070961,27248
2023-12-14 17:48:00+00:00,0.1057942733168602,0.1057942733168602,0.1057942733168602,0.1057942733168602,0.1057942733168602,14816
2023-12-14 17:49:00+00:00,0.10582174360752106,0.10582174360752106,0.10582174360752106,0.10582174360752106,0.10582174360752106,46208
2023-12-14 17:50:00+00:00,0.10584188252687454,0.10584188252687454,0.10584188252687454,0.10584188252687454,0.10584188252687454,0
2023-12-14 17:51:00+00:00,0.10582102835178375,0.10582102835178375,0.10582102835178375,0.10582102835178375,0.10582102835178375,235696
2023-12-14 17:52:00+00:00,0.10575387626886368,0.10575387626886368,0.10575387626886368,0.10575387626886368,0.10575387626886368,420672
2023-12-14 17:53:00+00:00,0.10576216131448746,0.10576216131448746,0.10576216131448746,0.10576216131448746,0.10576216131448746,143280
2023-12-14 17:54:00+00:00,0.10575821250677109,0.10575821250677109,0.10575821250677109,0.10575821250677109,0.10575821250677109,0
2023-12-14 17:55:00+00:00,0.10577145963907242,0.10577145963907242,0.10577145963907242,0.10577145963907242,0.10577145963907242,91168
2023-12-14 17:56:00+00:00,0.10576988011598587,0.10576988011598587,0.10576988011598587,0.10576988011598587,0.10576988011598587,0
2023-12-14 17:57:00+00:00,0.10574597865343094,0.10574597865343094,0.10574597865343094,0.10574597865343094,0.10574597865343094,184640
2023-12-14 17:58:00+00:00,0.10569819062948227,0.10569819062948227,0.10569819062948227,0.10569819062948227,0.10569819062948227,148624
2023-12-14 17:59:00+00:00,0.10568839311599731,0.10568839311599731,0.10568839311599731,0.10568839311599731,0.10568839311599731,0
2023-12-14 18:00:00+00:00,0.10568651556968689,0.10568651556968689,0.10568651556968689,0.10568651556968689,0.10568651556968689,11328
2023-12-14 18:01:00+00:00,0.1056755930185318,0.1056755930185318,0.1056755930185318,0.1056755930185318,0.1056755930185318,6096
2023-12-14 18:02:00+00:00,0.10568172484636307,0.10568172484636307,0.10568172484636307,0.10568172484636307,0.10568172484636307,0
2023-12-14 18:03:00+00:00,0.10567755997180939,0.10567755997180939,0.10567755997180939,0.10567755997180939,0.10567755997180939,0
2023-12-14 18:04:00+00:00,0.10573753714561462,0.10573753714561462,0.10573753714561462,0.10573753714561462,0.10573753714561462,4592
2023-12-14 18:05:00+00:00,0.10573343187570572,0.10573343187570572,0.10573343187570572,0.10573343187570572,0.10573343187570572,0
2023-12-14 18:06:00+00:00,0.10573572665452957,0.10573572665452957,0.10573572665452957,0.10573572665452957,0.10573572665452957,0
2023-12-14 18:07:00+00:00,0.10575271397829056,0.10575271397829056,0.10575271397829056,0.10575271397829056,0.10575271397829056,0
2023-12-14 18:08:00+00:00,0.10575240105390549,0.10575240105390549,0.10575240105390549,0.10575240105390549,0.10575240105390549,0
2023-12-14 18:09:00+00:00,0.10573815554380417,0.10573815554380417,0.10573815554380417,0.10573815554380417,0.10573815554380417,0
2023-12-14 18:10:00+00:00,0.10570936650037766,0.10570936650037766,0.10570936650037766,0.10570936650037766,0.10570936650037766,688
2023-12-14 18:11:00+00:00,0.10571171343326569,0.10571171343326569,0.10571171343326569,0.10571171343326569,0.10571171343326569,15664
2023-12-14 18:12:00+00:00,0.1057077944278717,0.1057077944278717,0.1057077944278717,0.1057077944278717,0.1057077944278717,0
2023-12-14 18:13:00+00:00,0.10573671013116837,0.10573671013116837,0.10573671013116837,0.10573671013116837,0.10573671013116837,121504
2023-12-14 18:14:00+00:00,0.10572749376296997,0.10572749376296997,0.10572749376296997,0.10572749376296997,0.10572749376296997,1312
2023-12-14 18:15:00+00:00,0.10571903735399246,0.10571903735399246,0.10571903735399246,0.10571903735399246,0.10571903735399246,0
2023-12-14 18:16:00+00:00,0.10569358617067337,0.10569358617067337,0.10569358617067337,0.10569358617067337,0.10569358617067337,22272
2023-12-14 18:17:00+00:00,0.10569948703050613,0.10569948703050613,0.10569948703050613,0.10569948703050613,0.10569948703050613,41424
2023-12-14 18:18:00+00:00,0.10568659752607346,0.10568659752607346,0.10568659752607346,0.10568659752607346,0.10568659752607346,27360
2023-12-14 18:19:00+00:00,0.10571767389774323,0.10571767389774323,0.10571767389774323,0.10571767389774323,0.10571767389774323,50512
2023-12-14 18:20:00+00:00,0.1057157963514328,0.1057157963514328,0.1057157963514328,0.1057157963514328,0.1057157963514328,0
2023-12-14 18:21:00+00:00,0.10572321712970734,0.10572321712970734,0.10572321712970734,0.10572321712970734,0.10572321712970734,30704
2023-12-14 18:22:00+00:00,0.10575760900974274,0.10575760900974274,0.10575760900974274,0.10575760900974274,0.10575760900974274,140448
2023-12-14 18:23:00+00:00,0.10576542466878891,0.10576542466878891,0.10576542466878891,0.10576542466878891,0.10576542466878891,4512
2023-12-14 18:24:00+00:00,0.1057681292295456,0.1057681292295456,0.1057681292295456,0.1057681292295456,0.1057681292295456,8160
2023-12-14 18:25:00+00:00,0.10574378073215485,0.10574378073215485,0.10574378073215485,0.10574378073215485,0.10574378073215485,0
2023-12-14 18:26:00+00:00,0.1057405099272728,0.1057405099272728,0.1057405099272728,0.1057405099272728,0.1057405099272728,0
2023-12-14 18:27:00+00:00,0.10573845356702805,0.10573845356702805,0.10573845356702805,0.10573845356702805,0.10573845356702805,0
2023-12-14 18:28:00+00:00,0.10573732852935791,0.10573732852935791,0.10573732852935791,0.10573732852935791,0.10573732852935791,69168
2023-12-14 18:29:00+00:00,0.10572900623083115,0.10572900623083115,0.10572900623083115,0.10572900623083115,0.10572900623083115,1248
2023-12-14 18:30:00+00:00,0.1057119071483612,0.1057119071483612,0.1057119071483612,0.1057119071483612,0.1057119071483612,12528
2023-12-14 18:31:00+00:00,0.105711430311203,0.105711430311203,0.105711430311203,0.105711430311203,0.105711430311203,0
2023-12-14 18:32:00+00:00,0.10571207106113434,0.10571207106113434,0.10571207106113434,0.10571207106113434,0.10571207106113434,0
2023-12-14 18:33:00+00:00,0.10570567846298218,0.10570567846298218,0.10570567846298218,0.10570567846298218,0.10570567846298218,0
2023-12-14 18:34:00+00:00,0.10571053624153137,0.10571053624153137,0.10571053624153137,0.10571053624153137,0.10571053624153137,0
2023-12-14 18:35:00+00:00,0.10569580644369125,0.10569580644369125,0.10569580644369125,0.10569580644369125,0.10569580644369125,40960
2023-12-14 18:36:00+00:00,0.10569345206022263,0.10569345206022263,0.10569345206022263,0.10569345206022263,0.10569345206022263,0
2023-12-14 18:37:00+00:00,0.10575444251298904,0.10575444251298904,0.10575444251298904,0.10575444251298904,0.10575444251298904,99120
2023-12-14 18:38:00+00:00,0.10576577484607697,0.10576577484607697,0.10576577484607697,0.10576577484607697,0.10576577484607697,91728
2023-12-14 18:39:00+00:00,0.10576707124710083,0.10576707124710083,0.10576707124710083,0.10576707124710083,0.10576707124710083,66992
2023-12-14 18:40:00+00:00,0.10579285025596619,0.10579285025596619,0.10579285025596619,0.10579285025596619,0.10579285025596619,111568
2023-12-14 18:41:00+00:00,0.1057944968342781,0.1057944968342781,0.1057944968342781,0.1057944968342781,0.1057944968342781,0
2023-12-14 18:42:00+00:00,0.10578363388776779,0.10578363388776779,0.10578363388776779,0.10578363388776779,0.10578363388776779,0
2023-12-14 18:43:00+00:00,0.10576987266540527,0.10576987266540527,0.10576987266540527,0.10576987266540527,0.10576987266540527,12256
2023-12-14 18:44:00+00:00,0.10575363785028458,0.10575363785028458,0.10575363785028458,0.10575363785028458,0.10575363785028458,0
2023-12-14 18:45:00+00:00,0.10575548559427261,0.10575548559427261,0.10575548559427261,0.10575548559427261,0.10575548559427261,24304
2023-12-14 18:46:00+00:00,0.10577434301376343,0.10577434301376343,0.10577434301376343,0.10577434301376343,0.10577434301376343,60560
2023-12-14 18:47:00+00:00,0.10576914995908737,0.10576914995908737,0.10576914995908737,0.10576914995908737,0.10576914995908737,32272
2023-12-14 18:48:00+00:00,0.10577084869146347,0.10577084869146347,0.10577084869146347,0.10577084869146347,0.10577084869146347,19872
2023-12-14 18:49:00+00:00,0.10572124272584915,0.10572124272584915,0.10572124272584915,0.10572124272584915,0.10572124272584915,0
2023-12-14 18:50:00+00:00,0.10571803897619247,0.10571803897619247,0.10571803897619247,0.10571803897619247,0.10571803897619247,0
2023-12-14 18:51:00+00:00,0.10571752488613129,0.10571752488613129,0.10571752488613129,0.10571752488613129,0.10571752488613129,0
2023-12-14 18:52:00+00:00,0.10566961765289307,0.10566961765289307,0.10566961765289307,0.10566961765289307,0.10566961765289307,0
2023-12-14 18:53:00+00:00,0.10566239058971405,0.10566239058971405,0.10566239058971405,0.10566239058971405,0.10566239058971405,0
2023-12-14 18:54:00+00:00,0.10566823184490204,0.10566823184490204,0.10566823184490204,0.10566823184490204,0.10566823184490204,61200
2023-12-14 18:55:00+00:00,0.1056528091430664,0.1056528091430664,0.1056528091430664,0.1056528091430664,0.1056528091430664,38848
2023-12-14 18:56:00+00:00,0.10565459728240967,0.10565459728240967,0.10565459728240967,0.10565459728240967,0.10565459728240967,201664
2023-12-14 18:57:00+00:00,0.10565432906150818,0.10565432906150818,0.10565432906150818,0.10565432906150818,0.10565432906150818,0
2023-12-14 18:58:00+00:00,0.10566272586584091,0.10566272586584091,0.10566272586584091,0.10566272586584091,0.10566272586584091,26912
2023-12-14 18:59:00+00:00,0.10565928369760513,0.10565928369760513,0.10565928369760513,0.10565928369760513,0.10565928369760513,39328
2023-12-14 19:00:00+00:00,0.10565698146820068,0.10565698146820068,0.10565698146820068,0.10565698146820068,0.10565698146820068,0
2023-12-14 19:01:00+00:00,0.10564594715833664,0.10564594715833664,0.10564594715833664,0.10564594715833664,0.10564594715833664,0
2023-12-14 19:02:00+00:00,0.1056516245007515,0.1056516245007515,0.1056516245007515,0.1056516245007515,0.1056516245007515,0
2023-12-14 19:03:00+00:00,0.10565268248319626,0.10565268248319626,0.10565268248319626,0.10565268248319626,0.10565268248319626,0
2023-12-14 19:04:00+00:00,0.10570245236158371,0.10570245236158371,0.10570245236158371,0.10570245236158371,0.10570245236158371,0
2023-12-14 19:05:00+00:00,0.10569927096366882,0.10569927096366882,0.10569927096366882,0.10569927096366882,0.10569927096366882,0
2023-12-14 19:06:00+00:00,0.10570497065782547,0.10570497065782547,0.10570497065782547,0.10570497065782547,0.10570497065782547,0
2023-12-14 19:07:00+00:00,0.10570985823869705,0.10570985823869705,0.10570985823869705,0.10570985823869705,0.10570985823869705,0
2023-12-14 19:08:00+00:00,0.10570821911096573,0.10570821911096573,0.10570821911096573,0.10570821911096573,0.10570821911096573,0
2023-12-14 19:09:00+00:00,0.1057109385728836,0.1057109385728836,0.1057109385728836,0.1057109385728836,0.1057109385728836,0
2023-12-14 19:11:00+00:00,0.1057194173336029,0.1057194173336029,0.1057194173336029,0.1057194173336029,0.1057194173336029,0
2023-12-14 19:12:00+00:00,0.10572414845228195,0.10572414845228195,0.10572414845228195,0.10572414845228195,0.10572414845228195,0
2023-12-14 19:13:00+00:00,0.1057329997420311,0.1057329997420311,0.1057329997420311,0.1057329997420311,0.1057329997420311,0
2023-12-14 19:14:00+00:00,0.10572704672813416,0.10572704672813416,0.10572704672813416,0.10572704672813416,0.10572704672813416,31424
2023-12-14 19:15:00+00:00,0.10572721064090729,0.10572721064090729,0.10572721064090729,0.10572721064090729,0.10572721064090729,0
2023-12-14 19:16:00+00:00,0.10568647086620331,0.10568647086620331,0.10568647086620331,0.10568647086620331,0.10568647086620331,0
2023-12-14 19:17:00+00:00,0.10569000244140625,0.10569000244140625,0.10569000244140625,0.10569000244140625,0.10569000244140625,0
2023-12-14 19:18:00+00:00,0.10569213330745697,0.10569213330745697,0.10569213330745697,0.10569213330745697,0.10569213330745697,0
2023-12-14 19:19:00+00:00,0.10570681095123291,0.10570681095123291,0.10570681095123291,0.10570681095123291,0.10570681095123291,0
2023-12-14 19:20:00+00:00,0.10570355504751205,0.10570355504751205,0.10570355504751205,0.10570355504751205,0.10570355504751205,0
2023-12-14 19:21:00+00:00,0.10570062696933746,0.10570062696933746,0.10570062696933746,0.10570062696933746,0.10570062696933746,0
2023-12-14 19:22:00+00:00,0.10570978373289108,0.10570978373289108,0.10570978373289108,0.10570978373289108,0.10570978373289108,0
2023-12-14 19:23:00+00:00,0.10572085529565811,0.10572085529565811,0.10572085529565811,0.10572085529565811,0.10572085529565811,0
2023-12-14 19:24:00+00:00,0.10572628676891327,0.10572628676891327,0.10572628676891327,0.10572628676891327,0.10572628676891327,48544
2023-12-14 19:26:00+00:00,0.10573803633451462,0.10573803633451462,0.10573803633451462,0.10573803633451462,0.10573803633451462,74640
2023-12-14 19:27:00+00:00,0.1057332307100296,0.1057332307100296,0.1057332307100296,0.1057332307100296,0.1057332307100296,0
2023-12-14 19:28:00+00:00,0.10574287176132202,0.10574287176132202,0.10574287176132202,0.10574287176132202,0.10574287176132202,0
2023-12-14 19:29:00+00:00,0.10573571920394897,0.10573571920394897,0.10573571920394897,0.10573571920394897,0.10573571920394897,0
2023-12-14 19:30:00+00:00,0.10573866963386536,0.10573866963386536,0.10573866963386536,0.10573866963386536,0.10573866963386536,0
2023-12-14 19:31:00+00:00,0.10573320835828781,0.10573320835828781,0.10573320835828781,0.10573320835828781,0.10573320835828781,31472
2023-12-14 19:32:00+00:00,0.1057388186454773,0.1057388186454773,0.1057388186454773,0.1057388186454773,0.1057388186454773,27696
2023-12-14 19:33:00+00:00,0.10575290769338608,0.10575290769338608,0.10575290769338608,0.10575290769338608,0.10575290769338608,0
2023-12-14 19:34:00+00:00,0.10576847195625305,0.10576847195625305,0.10576847195625305,0.10576847195625305,0.10576847195625305,82112
2023-12-14 19:35:00+00:00,0.10576175153255463,0.10576175153255463,0.10576175153255463,0.10576175153255463,0.10576175153255463,0
2023-12-14 19:36:00+00:00,0.10575763881206512,0.10575763881206512,0.10575763881206512,0.10575763881206512,0.10575763881206512,0
2023-12-14 19:37:00+00:00,0.10574705898761749,0.10574705898761749,0.10574705898761749,0.10574705898761749,0.10574705898761749,0
2023-12-14 19:38:00+00:00,0.1057414710521698,0.1057414710521698,0.1057414710521698,0.1057414710521698,0.1057414710521698,17872
2023-12-14 19:39:00+00:00,0.10574470460414886,0.10574470460414886,0.10574470460414886,0.10574470460414886,0.10574470460414886,0
2023-12-14 19:40:00+00:00,0.10570801049470901,0.10570801049470901,0.10570801049470901,0.10570801049470901,0.10570801049470901,0
2023-12-14 19:41:00+00:00,0.10570959001779556,0.10570959001779556,0.10570959001779556,0.10570959001779556,0.10570959001779556,0
2023-12-14 19:42:00+00:00,0.10570959001779556,0.10570959001779556,0.10570959001779556,0.10570959001779556,0.10570959001779556,0
2023-12-14 19:43:00+00:00,0.105721615254879,0.105721615254879,0.105721615254879,0.105721615254879,0.105721615254879,0
2023-12-14 19:44:00+00:00,0.10572328418493271,0.10572328418493271,0.10572328418493271,0.10572328418493271,0.10572328418493271,0
2023-12-14 19:45:00+00:00,0.10572923719882965,0.10572923719882965,0.10572923719882965,0.10572923719882965,0.10572923719882965,7216
2023-12-14 19:46:00+00:00,0.10572570562362671,0.10572570562362671,0.10572570562362671,0.10572570562362671,0.10572570562362671,0
2023-12-14 19:47:00+00:00,0.10572246462106705,0.10572246462106705,0.10572246462106705,0.10572246462106705,0.10572246462106705,0
2023-12-14 19:48:00+00:00,0.10572438687086105,0.10572438687086105,0.10572438687086105,0.10572438687086105,0.10572438687086105,0
2023-12-14 19:49:00+00:00,0.10573738813400269,0.10573738813400269,0.10573738813400269,0.10573738813400269,0.10573738813400269,0
2023-12-14 19:50:00+00:00,0.10574550926685333,0.10574550926685333,0.10574550926685333,0.10574550926685333,0.10574550926685333,0
2023-12-14 19:52:00+00:00,0.10574308037757874,0.10574308037757874,0.10574308037757874,0.10574308037757874,0.10574308037757874,0
2023-12-14 19:53:00+00:00,0.1057492271065712,0.1057492271065712,0.1057492271065712,0.1057492271065712,0.1057492271065712,0
2023-12-14 19:54:00+00:00,0.10574021190404892,0.10574021190404892,0.10574021190404892,0.10574021190404892,0.10574021190404892,0
2023-12-14 19:55:00+00:00,0.1057339534163475,0.1057339534163475,0.1057339534163475,0.1057339534163475,0.1057339534163475,0
2023-12-14 19:56:00+00:00,0.10573168843984604,0.10573168843984604,0.10573168843984604,0.10573168843984604,0.10573168843984604,6624
2023-12-14 19:57:00+00:00,0.10571818053722382,0.10571818053722382,0.10571818053722382,0.10571818053722382,0.10571818053722382,5040
2023-12-14 19:58:00+00:00,0.10572449862957001,0.10572449862957001,0.10572449862957001,0.10572449862957001,0.10572449862957001,0
2023-12-14 19:59:00+00:00,0.10573463886976242,0.10573463886976242,0.10573463886976242,0.10573463886976242,0.10573463886976242,0
2023-12-14 20:00:00+00:00,0.10572013258934021,0.10572013258934021,0.10572013258934021,0.10572013258934021,0.10572013258934021,14128
2023-12-14 20:01:00+00:00,0.10567528754472733,0.10567528754472733,0.10567528754472733,0.10567528754472733,0.10567528754472733,0
2023-12-14 20:02:00+00:00,0.10567429661750793,0.10567429661750793,0.10567429661750793,0.10567429661750793,0.10567429661750793,0
2023-12-14 20:03:00+00:00,0.10568508505821228,0.10568508505821228,0.10568508505821228,0.10568508505821228,0.10568508505821228,0
2023-12-14 20:04:00+00:00,0.10572090744972229,0.10572090744972229,0.10572090744972229,0.10572090744972229,0.10572090744972229,7696
2023-12-14 20:05:00+00:00,0.10570070892572403,0.10570070892572403,0.10570070892572403,0.10570070892572403,0.10570070892572403,27088
2023-12-14 20:07:00+00:00,0.10569646954536438,0.10569646954536438,0.10569646954536438,0.10569646954536438,0.10569646954536438,0
2023-12-14 20:08:00+00:00,0.10568715631961823,0.10568715631961823,0.10568715631961823,0.10568715631961823,0.10568715631961823,28928
2023-12-14 20:09:00+00:00,0.10568410903215408,0.10568410903215408,0.10568410903215408,0.10568410903215408,0.10568410903215408,0
2023-12-14 20:10:00+00:00,0.10566198080778122,0.10566198080778122,0.10566198080778122,0.10566198080778122,0.10566198080778122,0
2023-12-14 20:11:00+00:00,0.10566164553165436,0.10566164553165436,0.10566164553165436,0.10566164553165436,0.10566164553165436,0
2023-12-14 20:12:00+00:00,0.10566075891256332,0.10566075891256332,0.10566075891256332,0.10566075891256332,0.10566075891256332,0
2023-12-14 20:13:00+00:00,0.1056627705693245,0.1056627705693245,0.1056627705693245,0.1056627705693245,0.1056627705693245,0
2023-12-14 20:14:00+00:00,0.10566232353448868,0.10566232353448868,0.10566232353448868,0.10566232353448868,0.10566232353448868,0
2023-12-14 20:15:00+00:00,0.10565148293972015,0.10565148293972015,0.10565148293972015,0.10565148293972015,0.10565148293972015,0
2023-12-14 20:16:00+00:00,0.10564710944890976,0.10564710944890976,0.10564710944890976,0.10564710944890976,0.10564710944890976,0
2023-12-14 20:17:00+00:00,0.10565776377916336,0.10565776377916336,0.10565776377916336,0.10565776377916336,0.10565776377916336,19936
2023-12-14 20:18:00+00:00,0.1056363582611084,0.1056363582611084,0.1056363582611084,0.1056363582611084,0.1056363582611084,11520
2023-12-14 20:19:00+00:00,0.10561627149581909,0.10561627149581909,0.10561627149581909,0.10561627149581909,0.10561627149581909,0
2023-12-14 20:20:00+00:00,0.10562405735254288,0.10562405735254288,0.10562405735254288,0.10562405735254288,0.10562405735254288,0
2023-12-14 20:21:00+00:00,0.10562222450971603,0.10562222450971603,0.10562222450971603,0.10562222450971603,0.10562222450971603,37456
2023-12-14 20:22:00+00:00,0.10562851279973984,0.10562851279973984,0.10562851279973984,0.10562851279973984,0.10562851279973984,0
2023-12-14 20:23:00+00:00,0.10563963651657104,0.10563963651657104,0.10563963651657104,0.10563963651657104,0.10563963651657104,18880
2023-12-14 20:24:00+00:00,0.10563599318265915,0.10563599318265915,0.10563599318265915,0.10563599318265915,0.10563599318265915,0
2023-12-14 20:25:00+00:00,0.1056179404258728,0.1056179404258728,0.1056179404258728,0.1056179404258728,0.1056179404258728,0
2023-12-14 20:26:00+00:00,0.1056026890873909,0.1056026890873909,0.1056026890873909,0.1056026890873909,0.1056026890873909,6048
2023-12-14 20:27:00+00:00,0.10559560358524323,0.10559560358524323,0.10559560358524323,0.10559560358524323,0.10559560358524323,0
2023-12-14 20:28:00+00:00,0.10556753724813461,0.10556753724813461,0.10556753724813461,0.10556753724813461,0.10556753724813461,0
2023-12-14 20:29:00+00:00,0.10557190328836441,0.10557190328836441,0.10557190328836441,0.10557190328836441,0.10557190328836441,16720
2023-12-14 20:30:00+00:00,0.10557490587234497,0.10557490587234497,0.10557490587234497,0.10557490587234497,0.10557490587234497,23168
2023-12-14 20:31:00+00:00,0.10559450834989548,0.10559450834989548,0.10559450834989548,0.10559450834989548,0.10559450834989548,0
2023-12-14 20:32:00+00:00,0.10560685396194458,0.10560685396194458,0.10560685396194458,0.10560685396194458,0.10560685396194458,5312
2023-12-14 20:33:00+00:00,0.10560577362775803,0.10560577362775803,0.10560577362775803,0.10560577362775803,0.10560577362775803,20800
2023-12-14 20:34:00+00:00,0.10561426728963852,0.10561426728963852,0.10561426728963852,0.10561426728963852,0.10561426728963852,106080
2023-12-14 20:35:00+00:00,0.10561495274305344,0.10561495274305344,0.10561495274305344,0.10561495274305344,0.10561495274305344,7008
2023-12-14 20:36:00+00:00,0.1056140661239624,0.1056140661239624,0.1056140661239624,0.1056140661239624,0.1056140661239624,0
2023-12-14 20:37:00+00:00,0.10565784573554993,0.10565784573554993,0.10565784573554993,0.10565784573554993,0.10565784573554993,0
2023-12-14 20:38:00+00:00,0.10566315799951553,0.10566315799951553,0.10566315799951553,0.10566315799951553,0.10566315799951553,29952
2023-12-14 20:40:00+00:00,0.10567937046289444,0.10567937046289444,0.10567937046289444,0.10567937046289444,0.10567937046289444,23648
2023-12-14 20:41:00+00:00,0.1056692823767662,0.1056692823767662,0.1056692823767662,0.1056692823767662,0.1056692823767662,8816
2023-12-14 20:42:00+00:00,0.1056748554110527,0.1056748554110527,0.1056748554110527,0.1056748554110527,0.1056748554110527,11984
2023-12-14 20:43:00+00:00,0.10566742718219757,0.10566742718219757,0.10566742718219757,0.10566742718219757,0.10566742718219757,32752
2023-12-14 20:44:00+00:00,0.10566380620002747,0.10566380620002747,0.10566380620002747,0.10566380620002747,0.10566380620002747,0
2023-12-14 20:45:00+00:00,0.10565906018018723,0.10565906018018723,0.10565906018018723,0.10565906018018723,0.10565906018018723,16320
2023-12-14 20:46:00+00:00,0.10565736889839172,0.10565736889839172,0.10565736889839172,0.10565736889839172,0.10565736889839172,0
2023-12-14 20:47:00+00:00,0.10565504431724548,0.10565504431724548,0.10565504431724548,0.10565504431724548,0.10565504431724548,0
2023-12-14 20:48:00+00:00,0.10565938800573349,0.10565938800573349,0.10565938800573349,0.10565938800573349,0.10565938800573349,69504
2023-12-14 20:49:00+00:00,0.10566610097885132,0.10566610097885132,0.10566610097885132,0.10566610097885132,0.10566610097885132,0
2023-12-14 20:50:00+00:00,0.10565969347953796,0.10565969347953796,0.10565969347953796,0.10565969347953796,0.10565969347953796,86064
2023-12-14 20:51:00+00:00,0.10565721243619919,0.10565721243619919,0.10565721243619919,0.10565721243619919,0.10565721243619919,0
2023-12-14 20:52:00+00:00,0.10565299540758133,0.10565299540758133,0.10565299540758133,0.10565299540758133,0.10565299540758133,0
2023-12-14 20:53:00+00:00,0.10565457493066788,0.10565457493066788,0.10565457493066788,0.10565457493066788,0.10565457493066788,0
2023-12-14 20:54:00+00:00,0.10564962774515152,0.10564962774515152,0.10564962774515152,0.10564962774515152,0.10564962774515152,0
2023-12-14 20:55:00+00:00,0.10563688725233078,0.10563688725233078,0.10563688725233078,0.10563688725233078,0.10563688725233078,0
2023-12-14 20:56:00+00:00,0.10563595592975616,0.10563595592975616,0.10563595592975616,0.10563595592975616,0.10563595592975616,464
2023-12-14 20:57:00+00:00,0.10564109683036804,0.10564109683036804,0.10564109683036804,0.10564109683036804,0.10564109683036804,0
2023-12-14 20:58:00+00:00,0.10564593970775604,0.10564593970775604,0.10564593970775604,0.10564593970775604,0.10564593970775604,0
2023-12-14 20:59:00+00:00,0.10565465688705444,0.10565465688705444,0.10565465688705444,0.10565465688705444,0.10565465688705444,0
2023-12-14 21:00:00+00:00,0.10566680133342743,0.10566680133342743,0.10566680133342743,0.10566680133342743,0.10566680133342743,6304
2023-12-14 21:01:00+00:00,0.1056763231754303,0.1056763231754303,0.1056763231754303,0.1056763231754303,0.1056763231754303,0
2023-12-14 21:02:00+00:00,0.10568685084581375,0.10568685084581375,0.10568685084581375,0.10568685084581375,0.10568685084581375,0
2023-12-14 21:03:00+00:00,0.10567517578601837,0.10567517578601837,0.10567517578601837,0.10567517578601837,0.10567517578601837,23824
2023-12-14 21:04:00+00:00,0.10568071901798248,0.10568071901798248,0.10568071901798248,0.10568071901798248,0.10568071901798248,0
2023-12-14 21:05:00+00:00,0.1056801974773407,0.1056801974773407,0.1056801974773407,0.1056801974773407,0.1056801974773407,21664
2023-12-14 21:06:00+00:00,0.10568071156740189,0.10568071156740189,0.10568071156740189,0.10568071156740189,0.10568071156740189,0
2023-12-14 21:07:00+00:00,0.10572348535060883,0.10572348535060883,0.10572348535060883,0.10572348535060883,0.10572348535060883,0
2023-12-14 21:08:00+00:00,0.1057269424200058,0.1057269424200058,0.1057269424200058,0.1057269424200058,0.1057269424200058,0
2023-12-14 21:09:00+00:00,0.10572522133588791,0.10572522133588791,0.10572522133588791,0.10572522133588791,0.10572522133588791,0
2023-12-14 21:10:00+00:00,0.10574044287204742,0.10574044287204742,0.10574044287204742,0.10574044287204742,0.10574044287204742,0
2023-12-14 21:11:00+00:00,0.10574258118867874,0.10574258118867874,0.10574258118867874,0.10574258118867874,0.10574258118867874,9408
2023-12-14 21:12:00+00:00,0.10574688017368317,0.10574688017368317,0.10574688017368317,0.10574688017368317,0.10574688017368317,0
2023-12-14 21:13:00+00:00,0.10572311282157898,0.10572311282157898,0.10572311282157898,0.10572311282157898,0.10572311282157898,0
2023-12-14 21:14:00+00:00,0.10572917014360428,0.10572917014360428,0.10572917014360428,0.10572917014360428,0.10572917014360428,0
2023-12-14 21:15:00+00:00,0.10573158413171768,0.10573158413171768,0.10573158413171768,0.10573158413171768,0.10573158413171768,0
2023-12-14 21:16:00+00:00,0.10575167834758759,0.10575167834758759,0.10575167834758759,0.10575167834758759,0.10575167834758759,50208
2023-12-14 21:17:00+00:00,0.10575487464666367,0.10575487464666367,0.10575487464666367,0.10575487464666367,0.10575487464666367,40704
2023-12-14 21:18:00+00:00,0.10575492680072784,0.10575492680072784,0.10575492680072784,0.10575492680072784,0.10575492680072784,0
2023-12-14 21:19:00+00:00,0.10578471422195435,0.10578471422195435,0.10578471422195435,0.10578471422195435,0.10578471422195435,0
2023-12-14 21:21:00+00:00,0.10578147321939468,0.10578147321939468,0.10578147321939468,0.10578147321939468,0.10578147321939468,0
2023-12-14 21:22:00+00:00,0.10579846799373627,0.10579846799373627,0.10579846799373627,0.10579846799373627,0.10579846799373627,0
2023-12-14 21:23:00+00:00,0.10579479485750198,0.10579479485750198,0.10579479485750198,0.10579479485750198,0.10579479485750198,10160
2023-12-14 21:24:00+00:00,0.1058020293712616,0.1058020293712616,0.1058020293712616,0.1058020293712616,0.1058020293712616,0
2023-12-14 21:25:00+00:00,0.10582810640335083,0.10582810640335083,0.10582810640335083,0.10582810640335083,0.10582810640335083,0
2023-12-14 21:26:00+00:00,0.10582702606916428,0.10582702606916428,0.10582702606916428,0.10582702606916428,0.10582702606916428,0
2023-12-14 21:27:00+00:00,0.10584021359682083,0.10584021359682083,0.10584021359682083,0.10584021359682083,0.10584021359682083,0
2023-12-14 21:28:00+00:00,0.10583576560020447,0.10583576560020447,0.10583576560020447,0.10583576560020447,0.10583576560020447,0
2023-12-14 21:29:00+00:00,0.10583946108818054,0.10583946108818054,0.10583946108818054,0.10583946108818054,0.10583946108818054,8544
2023-12-14 21:30:00+00:00,0.10582799464464188,0.10582799464464188,0.10582799464464188,0.10582799464464188,0.10582799464464188,0
2023-12-14 21:31:00+00:00,0.10579665750265121,0.10579665750265121,0.10579665750265121,0.10579665750265121,0.10579665750265121,4400
2023-12-14 21:32:00+00:00,0.10579337179660797,0.10579337179660797,0.10579337179660797,0.10579337179660797,0.10579337179660797,38384
2023-12-14 21:33:00+00:00,0.10579758882522583,0.10579758882522583,0.10579758882522583,0.10579758882522583,0.10579758882522583,0
2023-12-14 21:34:00+00:00,0.10581254214048386,0.10581254214048386,0.10581254214048386,0.10581254214048386,0.10581254214048386,0
2023-12-14 21:35:00+00:00,0.10581990331411362,0.10581990331411362,0.10581990331411362,0.10581990331411362,0.10581990331411362,0
2023-12-14 21:36:00+00:00,0.10581061244010925,0.10581061244010925,0.10581061244010925,0.10581061244010925,0.10581061244010925,0
2023-12-14 21:37:00+00:00,0.10583843290805817,0.10583843290805817,0.10583843290805817,0.10583843290805817,0.10583843290805817,0
2023-12-14 21:38:00+00:00,0.10584960877895355,0.10584960877895355,0.10584960877895355,0.10584960877895355,0.10584960877895355,7760
2023-12-14 21:39:00+00:00,0.10584432631731033,0.10584432631731033,0.10584432631731033,0.10584432631731033,0.10584432631731033,0
2023-12-14 21:40:00+00:00,0.10584636777639389,0.10584636777639389,0.10584636777639389,0.10584636777639389,0.10584636777639389,0
2023-12-14 21:41:00+00:00,0.10583973675966263,0.10583973675966263,0.10583973675966263,0.10583973675966263,0.10583973675966263,0
2023-12-14 21:42:00+00:00,0.10584171861410141,0.10584171861410141,0.10584171861410141,0.10584171861410141,0.10584171861410141,0
2023-12-14 21:43:00+00:00,0.10585249215364456,0.10585249215364456,0.10585249215364456,0.10585249215364456,0.10585249215364456,80272
2023-12-14 21:44:00+00:00,0.105856753885746,0.105856753885746,0.105856753885746,0.105856753885746,0.105856753885746,0
2023-12-14 21:45:00+00:00,0.10586031526327133,0.10586031526327133,0.10586031526327133,0.10586031526327133,0.10586031526327133,0
2023-12-14 21:47:00+00:00,0.10587996244430542,0.10587996244430542,0.10587996244430542,0.10587996244430542,0.10587996244430542,0
2023-12-14 21:48:00+00:00,0.1058838739991188,0.1058838739991188,0.1058838739991188,0.1058838739991188,0.1058838739991188,0
2023-12-14 21:49:00+00:00,0.1058850809931755,0.1058850809931755,0.1058850809931755,0.1058850809931755,0.1058850809931755,0
2023-12-14 21:50:00+00:00,0.10588450729846954,0.10588450729846954,0.10588450729846954,0.10588450729846954,0.10588450729846954,11808
2023-12-14 21:51:00+00:00,0.10588262975215912,0.10588262975215912,0.10588262975215912,0.10588262975215912,0.10588262975215912,9984
2023-12-14 21:52:00+00:00,0.10586831718683243,0.10586831718683243,0.10586831718683243,0.10586831718683243,0.10586831718683243,0
2023-12-14 21:53:00+00:00,0.10586683452129364,0.10586683452129364,0.10586683452129364,0.10586683452129364,0.10586683452129364,8416
2023-12-14 21:54:00+00:00,0.10586006194353104,0.10586006194353104,0.10586006194353104,0.10586006194353104,0.10586006194353104,0
2023-12-14 21:55:00+00:00,0.10583202540874481,0.10583202540874481,0.10583202540874481,0.10583202540874481,0.10583202540874481,0
2023-12-14 21:56:00+00:00,0.10583976656198502,0.10583976656198502,0.10583976656198502,0.10583976656198502,0.10583976656198502,0
2023-12-14 21:57:00+00:00,0.10583130270242691,0.10583130270242691,0.10583130270242691,0.10583130270242691,0.10583130270242691,0
2023-12-14 21:58:00+00:00,0.105849988758564,0.105849988758564,0.105849988758564,0.105849988758564,0.105849988758564,0
2023-12-14 21:59:00+00:00,0.10586531460285187,0.10586531460285187,0.10586531460285187,0.10586531460285187,0.10586531460285187,0
2023-12-14 22:00:00+00:00,0.10586919635534286,0.10586919635534286,0.10586919635534286,0.10586919635534286,0.10586919635534286,0
2023-12-14 22:01:00+00:00,0.10589303821325302,0.10589303821325302,0.10589303821325302,0.10589303821325302,0.10589303821325302,0
2023-12-14 22:02:00+00:00,0.10589049011468887,0.10589049011468887,0.10589049011468887,0.10589049011468887,0.10589049011468887,0
2023-12-14 22:03:00+00:00,0.1058843731880188,0.1058843731880188,0.1058843731880188,0.1058843731880188,0.1058843731880188,0
2023-12-14 22:04:00+00:00,0.10589350014925003,0.10589350014925003,0.10589350014925003,0.10589350014925003,0.10589350014925003,0
2023-12-14 22:05:00+00:00,0.10588444769382477,0.10588444769382477,0.10588444769382477,0.10588444769382477,0.10588444769382477,0
2023-12-14 22:06:00+00:00,0.10589025169610977,0.10589025169610977,0.10589025169610977,0.10589025169610977,0.10589025169610977,0
2023-12-14 22:07:00+00:00,0.10591820627450943,0.10591820627450943,0.10591820627450943,0.10591820627450943,0.10591820627450943,0
2023-12-14 22:08:00+00:00,0.10591598600149155,0.10591598600149155,0.10591598600149155,0.10591598600149155,0.10591598600149155,2208
2023-12-14 22:09:00+00:00,0.10592032968997955,0.10592032968997955,0.10592032968997955,0.10592032968997955,0.10592032968997955,0
2023-12-14 22:10:00+00:00,0.10588254034519196,0.10588254034519196,0.10588254034519196,0.10588254034519196,0.10588254034519196,48160
2023-12-14 22:11:00+00:00,0.10588525980710983,0.10588525980710983,0.10588525980710983,0.10588525980710983,0.10588525980710983,22944
2023-12-14 22:12:00+00:00,0.10588246583938599,0.10588246583938599,0.10588246583938599,0.10588246583938599,0.10588246583938599,0
2023-12-14 22:13:00+00:00,0.10590449720621109,0.10590449720621109,0.10590449720621109,0.10590449720621109,0.10590449720621109,9280
2023-12-14 22:14:00+00:00,0.1059001088142395,0.1059001088142395,0.1059001088142395,0.1059001088142395,0.1059001088142395,0
2023-12-14 22:15:00+00:00,0.10591057687997818,0.10591057687997818,0.10591057687997818,0.10591057687997818,0.10591057687997818,0
2023-12-14 22:16:00+00:00,0.10594325512647629,0.10594325512647629,0.10594325512647629,0.10594325512647629,0.10594325512647629,0
2023-12-14 22:17:00+00:00,0.10595227777957916,0.10595227777957916,0.10595227777957916,0.10595227777957916,0.10595227777957916,43984
2023-12-14 22:18:00+00:00,0.10595596581697464,0.10595596581697464,0.10595596581697464,0.10595596581697464,0.10595596581697464,0
2023-12-14 22:19:00+00:00,0.10598862171173096,0.10598862171173096,0.10598862171173096,0.10598862171173096,0.10598862171173096,0
2023-12-14 22:20:00+00:00,0.10599106550216675,0.10599106550216675,0.10599106550216675,0.10599106550216675,0.10599106550216675,0
2023-12-14 22:21:00+00:00,0.10599204152822495,0.10599204152822495,0.10599204152822495,0.10599204152822495,0.10599204152822495,0
2023-12-14 22:22:00+00:00,0.10600686073303223,0.10600686073303223,0.10600686073303223,0.10600686073303223,0.10600686073303223,0
2023-12-14 22:23:00+00:00,0.10601086169481277,0.10601086169481277,0.10601086169481277,0.10601086169481277,0.10601086169481277,0
2023-12-14 22:24:00+00:00,0.10600752383470535,0.10600752383470535,0.10600752383470535,0.10600752383470535,0.10600752383470535,0
2023-12-14 22:25:00+00:00,0.10594817996025085,0.10594817996025085,0.10594817996025085,0.10594817996025085,0.10594817996025085,0
2023-12-14 22:26:00+00:00,0.10593868792057037,0.10593868792057037,0.10593868792057037,0.10593868792057037,0.10593868792057037,41744
2023-12-14 22:27:00+00:00,0.10594023764133453,0.10594023764133453,0.10594023764133453,0.10594023764133453,0.10594023764133453,0
2023-12-14 22:28:00+00:00,0.1059233546257019,0.1059233546257019,0.1059233546257019,0.1059233546257019,0.1059233546257019,0
2023-12-14 22:29:00+00:00,0.10591593384742737,0.10591593384742737,0.10591593384742737,0.10591593384742737,0.10591593384742737,0
2023-12-14 22:30:00+00:00,0.10591715574264526,0.10591715574264526,0.10591715574264526,0.10591715574264526,0.10591715574264526,6112
2023-12-14 22:31:00+00:00,0.10588989406824112,0.10588989406824112,0.10588989406824112,0.10588989406824112,0.10588989406824112,0
2023-12-14 22:32:00+00:00,0.1058928593993187,0.1058928593993187,0.1058928593993187,0.1058928593993187,0.1058928593993187,0
2023-12-14 22:33:00+00:00,0.10588834434747696,0.10588834434747696,0.10588834434747696,0.10588834434747696,0.10588834434747696,0
2023-12-14 22:34:00+00:00,0.10588422417640686,0.10588422417640686,0.10588422417640686,0.10588422417640686,0.10588422417640686,0
2023-12-14 22:35:00+00:00,0.10588183999061584,0.10588183999061584,0.10588183999061584,0.10588183999061584,0.10588183999061584,0
2023-12-14 22:36:00+00:00,0.10588378459215164,0.10588378459215164,0.10588378459215164,0.10588378459215164,0.10588378459215164,0
2023-12-14 22:37:00+00:00,0.1059172973036766,0.1059172973036766,0.1059172973036766,0.1059172973036766,0.1059172973036766,0
2023-12-14 22:38:00+00:00,0.10591694712638855,0.10591694712638855,0.10591694712638855,0.10591694712638855,0.10591694712638855,0
2023-12-14 22:39:00+00:00,0.1059117391705513,0.1059117391705513,0.1059117391705513,0.1059117391705513,0.1059117391705513,67520
2023-12-14 22:40:00+00:00,0.10595288872718811,0.10595288872718811,0.10595288872718811,0.10595288872718811,0.10595288872718811,0
2023-12-14 22:41:00+00:00,0.105948306620121,0.105948306620121,0.105948306620121,0.105948306620121,0.105948306620121,12512
2023-12-14 22:42:00+00:00,0.10593639314174652,0.10593639314174652,0.10593639314174652,0.10593639314174652,0.10593639314174652,0
2023-12-14 22:43:00+00:00,0.10593359172344208,0.10593359172344208,0.10593359172344208,0.10593359172344208,0.10593359172344208,40400
2023-12-14 22:44:00+00:00,0.10593115538358688,0.10593115538358688,0.10593115538358688,0.10593115538358688,0.10593115538358688,0
2023-12-14 22:45:00+00:00,0.10591902583837509,0.10591902583837509,0.10591902583837509,0.10591902583837509,0.10591902583837509,0
2023-12-14 22:46:00+00:00,0.10588506609201431,0.10588506609201431,0.10588506609201431,0.10588506609201431,0.10588506609201431,0
2023-12-14 22:47:00+00:00,0.10588577389717102,0.10588577389717102,0.10588577389717102,0.10588577389717102,0.10588577389717102,0
2023-12-14 22:48:00+00:00,0.10588566213846207,0.10588566213846207,0.10588566213846207,0.10588566213846207,0.10588566213846207,0
2023-12-14 22:49:00+00:00,0.10589048266410828,0.10589048266410828,0.10589048266410828,0.10589048266410828,0.10589048266410828,4464
2023-12-14 22:50:00+00:00,0.10588345676660538,0.10588345676660538,0.10588345676660538,0.10588345676660538,0.10588345676660538,73360
2023-12-14 22:51:00+00:00,0.10588264465332031,0.10588264465332031,0.10588264465332031,0.10588264465332031,0.10588264465332031,0
2023-12-14 22:52:00+00:00,0.10587657988071442,0.10587657988071442,0.10587657988071442,0.10587657988071442,0.10587657988071442,12400
2023-12-14 22:53:00+00:00,0.10587982088327408,0.10587982088327408,0.10587982088327408,0.10587982088327408,0.10587982088327408,24176
2023-12-14 22:54:00+00:00,0.10588160902261734,0.10588160902261734,0.10588160902261734,0.10588160902261734,0.10588160902261734,0
2023-12-14 22:55:00+00:00,0.10591506212949753,0.10591506212949753,0.10591506212949753,0.10591506212949753,0.10591506212949753,92896
2023-12-14 22:56:00+00:00,0.10592617839574814,0.10592617839574814,0.10592617839574814,0.10592617839574814,0.10592617839574814,0
2023-12-14 22:57:00+00:00,0.10591978579759598,0.10591978579759598,0.10591978579759598,0.10591978579759598,0.10591978579759598,0
2023-12-14 22:58:00+00:00,0.10593009740114212,0.10593009740114212,0.10593009740114212,0.10593009740114212,0.10593009740114212,0
2023-12-14 22:59:00+00:00,0.1059330403804779,0.1059330403804779,0.1059330403804779,0.1059330403804779,0.1059330403804779,54912
2023-12-14 23:00:00+00:00,0.10594000667333603,0.10594000667333603,0.10594000667333603,0.10594000667333603,0.10594000667333603,20704
2023-12-14 23:01:00+00:00,0.10596367716789246,0.10596367716789246,0.10596367716789246,0.10596367716789246,0.10596367716789246,0
2023-12-14 23:02:00+00:00,0.10597952455282211,0.10597952455282211,0.10597952455282211,0.10597952455282211,0.10597952455282211,0
2023-12-14 23:03:00+00:00,0.10597681999206543,0.10597681999206543,0.10597681999206543,0.10597681999206543,0.10597681999206543,9936
2023-12-14 23:04:00+00:00,0.10602137446403503,0.10602137446403503,0.10602137446403503,0.10602137446403503,0.10602137446403503,17488
2023-12-14 23:05:00+00:00,0.10602811723947525,0.10602811723947525,0.10602811723947525,0.10602811723947525,0.10602811723947525,0
2023-12-14 23:06:00+00:00,0.10603822022676468,0.10603822022676468,0.10603822022676468,0.10603822022676468,0.10603822022676468,0
2023-12-14 23:07:00+00:00,0.10605302453041077,0.10605302453041077,0.10605302453041077,0.10605302453041077,0.10605302453041077,49664
2023-12-14 23:09:00+00:00,0.1060408428311348,0.1060408428311348,0.1060408428311348,0.1060408428311348,0.1060408428311348,47968
2023-12-14 23:10:00+00:00,0.10607720911502838,0.10607720911502838,0.10607720911502838,0.10607720911502838,0.10607720911502838,201504
2023-12-14 23:11:00+00:00,0.1060703918337822,0.1060703918337822,0.1060703918337822,0.1060703918337822,0.1060703918337822,12736
2023-12-14 23:12:00+00:00,0.10605845600366592,0.10605845600366592,0.10605845600366592,0.10605845600366592,0.10605845600366592,0
2023-12-14 23:13:00+00:00,0.10605952143669128,0.10605952143669128,0.10605952143669128,0.10605952143669128,0.10605952143669128,180064
2023-12-14 23:14:00+00:00,0.10605310648679733,0.10605310648679733,0.10605310648679733,0.10605310648679733,0.10605310648679733,0
2023-12-14 23:15:00+00:00,0.10606295615434647,0.10606295615434647,0.10606295615434647,0.10606295615434647,0.10606295615434647,69808
2023-12-14 23:16:00+00:00,0.10602132976055145,0.10602132976055145,0.10602132976055145,0.10602132976055145,0.10602132976055145,27392
2023-12-14 23:17:00+00:00,0.10603450238704681,0.10603450238704681,0.10603450238704681,0.10603450238704681,0.10603450238704681,4832
2023-12-14 23:18:00+00:00,0.10604900121688843,0.10604900121688843,0.10604900121688843,0.10604900121688843,0.10604900121688843,83520
2023-12-14 23:19:00+00:00,0.10609345883131027,0.10609345883131027,0.10609345883131027,0.10609345883131027,0.10609345883131027,249600
2023-12-14 23:20:00+00:00,0.10608983039855957,0.10608983039855957,0.10608983039855957,0.10608983039855957,0.10608983039855957,0
2023-12-14 23:21:00+00:00,0.10609062761068344,0.10609062761068344,0.10609062761068344,0.10609062761068344,0.10609062761068344,11776
2023-12-14 23:22:00+00:00,0.1060572937130928,0.1060572937130928,0.1060572937130928,0.1060572937130928,0.1060572937130928,0
2023-12-14 23:23:00+00:00,0.10605434328317642,0.10605434328317642,0.10605434328317642,0.10605434328317642,0.10605434328317642,0
2023-12-14 23:24:00+00:00,0.10605064779520035,0.10605064779520035,0.10605064779520035,0.10605064779520035,0.10605064779520035,25664
2023-12-14 23:25:00+00:00,0.10601756721735,0.10601756721735,0.10601756721735,0.10601756721735,0.10601756721735,0
2023-12-14 23:26:00+00:00,0.10602029412984848,0.10602029412984848,0.10602029412984848,0.10602029412984848,0.10602029412984848,0
2023-12-14 23:27:00+00:00,0.10602971911430359,0.10602971911430359,0.10602971911430359,0.10602971911430359,0.10602971911430359,2784
2023-12-14 23:28:00+00:00,0.10602792352437973,0.10602792352437973,0.10602792352437973,0.10602792352437973,0.10602792352437973,0
2023-12-14 23:29:00+00:00,0.10602585971355438,0.10602585971355438,0.10602585971355438,0.10602585971355438,0.10602585971355438,0
2023-12-14 23:30:00+00:00,0.10602228343486786,0.10602228343486786,0.10602228343486786,0.10602228343486786,0.10602228343486786,0
2023-12-14 23:31:00+00:00,0.10602428019046783,0.10602428019046783,0.10602428019046783,0.10602428019046783,0.10602428019046783,117872
2023-12-14 23:32:00+00:00,0.10602404922246933,0.10602404922246933,0.10602404922246933,0.10602404922246933,0.10602404922246933,0
2023-12-14 23:33:00+00:00,0.10602350533008575,0.10602350533008575,0.10602350533008575,0.10602350533008575,0.10602350533008575,0
2023-12-14 23:34:00+00:00,0.10601507127285004,0.10601507127285004,0.10601507127285004,0.10601507127285004,0.10601507127285004,12112
2023-12-14 23:35:00+00:00,0.10600219666957855,0.10600219666957855,0.10600219666957855,0.10600219666957855,0.10600219666957855,0
2023-12-14 23:36:00+00:00,0.10601241141557693,0.10601241141557693,0.10601241141557693,0.10601241141557693,0.10601241141557693,0
2023-12-14 23:37:00+00:00,0.10601203143596649,0.10601203143596649,0.10601203143596649,0.10601203143596649,0.10601203143596649,0
2023-12-14 23:38:00+00:00,0.10602141171693802,0.10602141171693802,0.10602141171693802,0.10602141171693802,0.10602141171693802,0
2023-12-14 23:39:00+00:00,0.10601756721735,0.10601756721735,0.10601756721735,0.10601756721735,0.10601756721735,6336
2023-12-14 23:40:00+00:00,0.10602805763483047,0.10602805763483047,0.10602805763483047,0.10602805763483047,0.10602805763483047,0
2023-12-14 23:41:00+00:00,0.10602859407663345,0.10602859407663345,0.10602859407663345,0.10602859407663345,0.10602859407663345,9712
2023-12-14 23:42:00+00:00,0.10603166371583939,0.10603166371583939,0.10603166371583939,0.10603166371583939,0.10603166371583939,0
2023-12-14 23:43:00+00:00,0.10601633042097092,0.10601633042097092,0.10601633042097092,0.10601633042097092,0.10601633042097092,0
2023-12-14 23:44:00+00:00,0.1060209572315216,0.1060209572315216,0.1060209572315216,0.1060209572315216,0.1060209572315216,0
2023-12-14 23:45:00+00:00,0.10601980239152908,0.10601980239152908,0.10601980239152908,0.10601980239152908,0.10601980239152908,0
2023-12-14 23:46:00+00:00,0.1060326024889946,0.1060326024889946,0.1060326024889946,0.1060326024889946,0.1060326024889946,0
2023-12-14 23:47:00+00:00,0.10602904856204987,0.10602904856204987,0.10602904856204987,0.10602904856204987,0.10602904856204987,0
2023-12-14 23:48:00+00:00,0.10603372752666473,0.10603372752666473,0.10603372752666473,0.10603372752666473,0.10603372752666473,2000
2023-12-14 23:49:00+00:00,0.10601493716239929,0.10601493716239929,0.10601493716239929,0.10601493716239929,0.10601493716239929,0
2023-12-14 23:50:00+00:00,0.1059938445687294,0.1059938445687294,0.1059938445687294,0.1059938445687294,0.1059938445687294,78240
2023-12-14 23:51:00+00:00,0.10600026696920395,0.10600026696920395,0.10600026696920395,0.10600026696920395,0.10600026696920395,0
2023-12-14 23:52:00+00:00,0.1059732586145401,0.1059732586145401,0.1059732586145401,0.1059732586145401,0.1059732586145401,0
2023-12-14 23:53:00+00:00,0.10598085075616837,0.10598085075616837,0.10598085075616837,0.10598085075616837,0.10598085075616837,36752
2023-12-14 23:54:00+00:00,0.10597548633813858,0.10597548633813858,0.10597548633813858,0.10597548633813858,0.10597548633813858,8432
2023-12-14 23:55:00+00:00,0.10597971826791763,0.10597971826791763,0.10597971826791763,0.10597971826791763,0.10597971826791763,0
2023-12-14 23:56:00+00:00,0.10598000138998032,0.10598000138998032,0.10598000138998032,0.10598000138998032,0.10598000138998032,0
2023-12-14 23:57:00+00:00,0.10597772896289825,0.10597772896289825,0.10597772896289825,0.10597772896289825,0.10597772896289825,0
2023-12-14 23:58:00+00:00,0.10598495602607727,0.10598495602607727,0.10598495602607727,0.10598495602607727,0.10598495602607727,0
