Date,Open,High,Low,Close,Adj Close,Volume
2024-05-28 09:00:00+02:00,65.66000366210938,65.91999816894531,65.66000366210938,65.91999816894531,65.91999816894531,0
2024-05-28 09:01:00+02:00,65.94000244140625,66.0,65.87999725341797,65.87999725341797,65.87999725341797,1271
2024-05-28 09:02:00+02:00,65.86000061035156,65.86000061035156,65.73999786376953,65.73999786376953,65.73999786376953,588
2024-05-28 09:04:00+02:00,65.76000213623047,65.76000213623047,65.76000213623047,65.76000213623047,65.76000213623047,233
2024-05-28 09:06:00+02:00,65.81999969482422,65.81999969482422,65.73999786376953,65.76000213623047,65.76000213623047,2519
2024-05-28 09:07:00+02:00,65.69999694824219,65.69999694824219,65.66000366210938,65.66000366210938,65.66000366210938,651
2024-05-28 09:08:00+02:00,65.72000122070312,65.73999786376953,65.72000122070312,65.73999786376953,65.73999786376953,199
2024-05-28 09:09:00+02:00,65.76000213623047,65.76000213623047,65.73999786376953,65.73999786376953,65.73999786376953,386
2024-05-28 09:10:00+02:00,65.72000122070312,65.72000122070312,65.72000122070312,65.72000122070312,65.72000122070312,26
2024-05-28 09:11:00+02:00,65.69999694824219,65.69999694824219,65.69999694824219,65.69999694824219,65.69999694824219,13
2024-05-28 09:12:00+02:00,65.69999694824219,65.72000122070312,65.68000030517578,65.69999694824219,65.69999694824219,347
2024-05-28 09:14:00+02:00,65.68000030517578,65.69999694824219,65.55999755859375,65.55999755859375,65.55999755859375,498
2024-05-28 09:16:00+02:00,65.55999755859375,65.55999755859375,65.55999755859375,65.55999755859375,65.55999755859375,131
2024-05-28 09:17:00+02:00,65.55999755859375,65.55999755859375,65.55999755859375,65.55999755859375,65.55999755859375,80
2024-05-28 09:20:00+02:00,65.58000183105469,65.58000183105469,65.5199966430664,65.5199966430664,65.5199966430664,435
2024-05-28 09:21:00+02:00,65.58000183105469,65.58000183105469,65.58000183105469,65.58000183105469,65.58000183105469,37
2024-05-28 09:22:00+02:00,65.62000274658203,65.62000274658203,65.62000274658203,65.62000274658203,65.62000274658203,58
2024-05-28 09:23:00+02:00,65.5999984741211,65.5999984741211,65.5999984741211,65.5999984741211,65.5999984741211,100
2024-05-28 09:25:00+02:00,65.58000183105469,65.5999984741211,65.54000091552734,65.54000091552734,65.54000091552734,941
2024-05-28 09:26:00+02:00,65.5199966430664,65.5199966430664,65.5,65.5,65.5,273
2024-05-28 09:27:00+02:00,65.4800033569336,65.4800033569336,65.4800033569336,65.4800033569336,65.4800033569336,112
2024-05-28 09:29:00+02:00,65.4800033569336,65.4800033569336,65.4800033569336,65.4800033569336,65.4800033569336,183
2024-05-28 09:30:00+02:00,65.4800033569336,65.4800033569336,65.4800033569336,65.4800033569336,65.4800033569336,38
2024-05-28 09:32:00+02:00,65.44000244140625,65.44000244140625,65.44000244140625,65.44000244140625,65.44000244140625,46
2024-05-28 09:33:00+02:00,65.44000244140625,65.44000244140625,65.44000244140625,65.44000244140625,65.44000244140625,1
2024-05-28 09:35:00+02:00,65.44000244140625,65.44000244140625,65.41999816894531,65.41999816894531,65.41999816894531,90
2024-05-28 09:36:00+02:00,65.4800033569336,65.4800033569336,65.4800033569336,65.4800033569336,65.4800033569336,5
2024-05-28 09:38:00+02:00,65.4800033569336,65.5,65.4800033569336,65.5,65.5,291
2024-05-28 09:39:00+02:00,65.5,65.5,65.41999816894531,65.41999816894531,65.41999816894531,1564
2024-05-28 09:40:00+02:00,65.45999908447266,65.45999908447266,65.45999908447266,65.45999908447266,65.45999908447266,65
2024-05-28 09:41:00+02:00,65.44000244140625,65.44000244140625,65.44000244140625,65.44000244140625,65.44000244140625,100
2024-05-28 09:42:00+02:00,65.41999816894531,65.41999816894531,65.41999816894531,65.41999816894531,65.41999816894531,268
2024-05-28 09:44:00+02:00,65.41999816894531,65.4800033569336,65.41999816894531,65.4800033569336,65.4800033569336,561
2024-05-28 09:47:00+02:00,65.45999908447266,65.45999908447266,65.41999816894531,65.41999816894531,65.41999816894531,198
2024-05-28 09:49:00+02:00,65.41999816894531,65.41999816894531,65.41999816894531,65.41999816894531,65.41999816894531,32
2024-05-28 09:53:00+02:00,65.41999816894531,65.41999816894531,65.41999816894531,65.41999816894531,65.41999816894531,171
2024-05-28 09:54:00+02:00,65.41999816894531,65.45999908447266,65.41999816894531,65.45999908447266,65.45999908447266,783
2024-05-28 09:55:00+02:00,65.44000244140625,65.44000244140625,65.44000244140625,65.44000244140625,65.44000244140625,163
2024-05-28 09:59:00+02:00,65.4800033569336,65.4800033569336,65.44000244140625,65.44000244140625,65.44000244140625,6
2024-05-28 10:02:00+02:00,65.45999908447266,65.45999908447266,65.45999908447266,65.45999908447266,65.45999908447266,93
2024-05-28 10:04:00+02:00,65.45999908447266,65.45999908447266,65.45999908447266,65.45999908447266,65.45999908447266,55
2024-05-28 10:05:00+02:00,65.45999908447266,65.45999908447266,65.44000244140625,65.44000244140625,65.44000244140625,120
2024-05-28 10:09:00+02:00,65.44000244140625,65.45999908447266,65.41999816894531,65.44000244140625,65.44000244140625,770
2024-05-28 10:10:00+02:00,65.41999816894531,65.41999816894531,65.41999816894531,65.41999816894531,65.41999816894531,150
2024-05-28 10:15:00+02:00,65.45999908447266,65.45999908447266,65.4000015258789,65.45999908447266,65.45999908447266,2311
2024-05-28 10:17:00+02:00,65.5,65.54000091552734,65.41999816894531,65.44000244140625,65.44000244140625,5078
2024-05-28 10:18:00+02:00,65.45999908447266,65.45999908447266,65.45999908447266,65.45999908447266,65.45999908447266,362
2024-05-28 10:19:00+02:00,65.45999908447266,65.45999908447266,65.45999908447266,65.45999908447266,65.45999908447266,45
2024-05-28 10:20:00+02:00,65.4800033569336,65.4800033569336,65.4800033569336,65.4800033569336,65.4800033569336,341
2024-05-28 10:23:00+02:00,65.5,65.5,65.5,65.5,65.5,402
2024-05-28 10:24:00+02:00,65.4800033569336,65.4800033569336,65.4800033569336,65.4800033569336,65.4800033569336,34
2024-05-28 10:26:00+02:00,65.5,65.5,65.4800033569336,65.4800033569336,65.4800033569336,264
2024-05-28 10:27:00+02:00,65.45999908447266,65.4800033569336,65.45999908447266,65.4800033569336,65.4800033569336,298
2024-05-28 10:28:00+02:00,65.4800033569336,65.4800033569336,65.4800033569336,65.4800033569336,65.4800033569336,177
2024-05-28 10:30:00+02:00,65.45999908447266,65.45999908447266,65.45999908447266,65.45999908447266,65.45999908447266,85
2024-05-28 10:32:00+02:00,65.45999908447266,65.45999908447266,65.44000244140625,65.44000244140625,65.44000244140625,10
2024-05-28 10:34:00+02:00,65.4800033569336,65.4800033569336,65.45999908447266,65.45999908447266,65.45999908447266,263
2024-05-28 10:35:00+02:00,65.45999908447266,65.45999908447266,65.45999908447266,65.45999908447266,65.45999908447266,164
2024-05-28 10:36:00+02:00,65.45999908447266,65.45999908447266,65.45999908447266,65.45999908447266,65.45999908447266,56
2024-05-28 10:38:00+02:00,65.4800033569336,65.4800033569336,65.4800033569336,65.4800033569336,65.4800033569336,43
2024-05-28 10:39:00+02:00,65.45999908447266,65.45999908447266,65.45999908447266,65.45999908447266,65.45999908447266,520
2024-05-28 10:40:00+02:00,65.44000244140625,65.44000244140625,65.44000244140625,65.44000244140625,65.44000244140625,360
2024-05-28 10:41:00+02:00,65.45999908447266,65.45999908447266,65.45999908447266,65.45999908447266,65.45999908447266,25
2024-05-28 10:43:00+02:00,65.45999908447266,65.45999908447266,65.45999908447266,65.45999908447266,65.45999908447266,46
2024-05-28 10:44:00+02:00,65.41999816894531,65.44000244140625,65.4000015258789,65.44000244140625,65.44000244140625,584
2024-05-28 10:46:00+02:00,65.45999908447266,65.4800033569336,65.45999908447266,65.4800033569336,65.4800033569336,247
2024-05-28 10:51:00+02:00,65.45999908447266,65.45999908447266,65.45999908447266,65.45999908447266,65.45999908447266,220
2024-05-28 10:52:00+02:00,65.45999908447266,65.45999908447266,65.45999908447266,65.45999908447266,65.45999908447266,145
2024-05-28 10:53:00+02:00,65.44000244140625,65.44000244140625,65.41999816894531,65.41999816894531,65.41999816894531,185
2024-05-28 10:55:00+02:00,65.44000244140625,65.44000244140625,65.44000244140625,65.44000244140625,65.44000244140625,1
2024-05-28 10:56:00+02:00,65.45999908447266,65.45999908447266,65.45999908447266,65.45999908447266,65.45999908447266,169
2024-05-28 10:57:00+02:00,65.4800033569336,65.4800033569336,65.4800033569336,65.4800033569336,65.4800033569336,184
2024-05-28 10:58:00+02:00,65.5,65.5,65.5,65.5,65.5,100
2024-05-28 11:02:00+02:00,65.45999908447266,65.4800033569336,65.4000015258789,65.4800033569336,65.4800033569336,3707
2024-05-28 11:05:00+02:00,65.45999908447266,65.45999908447266,65.44000244140625,65.44000244140625,65.44000244140625,312
2024-05-28 11:07:00+02:00,65.44000244140625,65.44000244140625,65.4000015258789,65.41999816894531,65.41999816894531,1348
2024-05-28 11:08:00+02:00,65.44000244140625,65.44000244140625,65.44000244140625,65.44000244140625,65.44000244140625,687
2024-05-28 11:10:00+02:00,65.44000244140625,65.44000244140625,65.44000244140625,65.44000244140625,65.44000244140625,103
2024-05-28 11:11:00+02:00,65.44000244140625,65.44000244140625,65.41999816894531,65.41999816894531,65.41999816894531,315
2024-05-28 11:13:00+02:00,65.41999816894531,65.41999816894531,65.41999816894531,65.41999816894531,65.41999816894531,299
2024-05-28 11:17:00+02:00,65.44000244140625,65.44000244140625,65.44000244140625,65.44000244140625,65.44000244140625,132
2024-05-28 11:18:00+02:00,65.41999816894531,65.4800033569336,65.4000015258789,65.4800033569336,65.4800033569336,1191
2024-05-28 11:23:00+02:00,65.4800033569336,65.4800033569336,65.4800033569336,65.4800033569336,65.4800033569336,48
2024-05-28 11:24:00+02:00,65.4800033569336,65.4800033569336,65.45999908447266,65.45999908447266,65.45999908447266,159
2024-05-28 11:26:00+02:00,65.45999908447266,65.45999908447266,65.45999908447266,65.45999908447266,65.45999908447266,128
2024-05-28 11:27:00+02:00,65.45999908447266,65.45999908447266,65.45999908447266,65.45999908447266,65.45999908447266,500
2024-05-28 11:29:00+02:00,65.44000244140625,65.44000244140625,65.44000244140625,65.44000244140625,65.44000244140625,182
2024-05-28 11:30:00+02:00,65.41999816894531,65.41999816894531,65.41999816894531,65.41999816894531,65.41999816894531,50
2024-05-28 11:31:00+02:00,65.41999816894531,65.41999816894531,65.4000015258789,65.41999816894531,65.41999816894531,517
2024-05-28 11:33:00+02:00,65.41999816894531,65.41999816894531,65.41999816894531,65.41999816894531,65.41999816894531,385
2024-05-28 11:37:00+02:00,65.41999816894531,65.41999816894531,65.41999816894531,65.41999816894531,65.41999816894531,254
2024-05-28 11:38:00+02:00,65.41999816894531,65.41999816894531,65.41999816894531,65.41999816894531,65.41999816894531,51
2024-05-28 11:40:00+02:00,65.44000244140625,65.44000244140625,65.44000244140625,65.44000244140625,65.44000244140625,42
2024-05-28 11:42:00+02:00,65.45999908447266,65.45999908447266,65.45999908447266,65.45999908447266,65.45999908447266,154
2024-05-28 11:46:00+02:00,65.44000244140625,65.44000244140625,65.41999816894531,65.41999816894531,65.41999816894531,268
2024-05-28 11:49:00+02:00,65.41999816894531,65.41999816894531,65.41999816894531,65.41999816894531,65.41999816894531,202
2024-05-28 11:52:00+02:00,65.41999816894531,65.41999816894531,65.41999816894531,65.41999816894531,65.41999816894531,48
2024-05-28 11:53:00+02:00,65.41999816894531,65.44000244140625,65.41999816894531,65.44000244140625,65.44000244140625,86
2024-05-28 11:56:00+02:00,65.44000244140625,65.44000244140625,65.44000244140625,65.44000244140625,65.44000244140625,28
2024-05-28 11:57:00+02:00,65.45999908447266,65.45999908447266,65.41999816894531,65.41999816894531,65.41999816894531,823
2024-05-28 12:00:00+02:00,65.41999816894531,65.41999816894531,65.41999816894531,65.41999816894531,65.41999816894531,1085
2024-05-28 12:01:00+02:00,65.41999816894531,65.41999816894531,65.41999816894531,65.41999816894531,65.41999816894531,201
2024-05-28 12:02:00+02:00,65.4000015258789,65.4000015258789,65.31999969482422,65.31999969482422,65.31999969482422,3714
2024-05-28 12:03:00+02:00,65.31999969482422,65.31999969482422,65.30000305175781,65.30000305175781,65.30000305175781,1992
2024-05-28 12:05:00+02:00,65.26000213623047,65.26000213623047,65.19999694824219,65.19999694824219,65.19999694824219,531
2024-05-28 12:06:00+02:00,65.19999694824219,65.19999694824219,65.19999694824219,65.19999694824219,65.19999694824219,643
2024-05-28 12:08:00+02:00,65.23999786376953,65.23999786376953,65.23999786376953,65.23999786376953,65.23999786376953,292
2024-05-28 12:11:00+02:00,65.23999786376953,65.23999786376953,65.23999786376953,65.23999786376953,65.23999786376953,1
2024-05-28 12:13:00+02:00,65.26000213623047,65.27999877929688,65.26000213623047,65.27999877929688,65.27999877929688,146
2024-05-28 12:15:00+02:00,65.30000305175781,65.30000305175781,65.27999877929688,65.27999877929688,65.27999877929688,286
2024-05-28 12:16:00+02:00,65.27999877929688,65.27999877929688,65.27999877929688,65.27999877929688,65.27999877929688,57
2024-05-28 12:18:00+02:00,65.26000213623047,65.27999877929688,65.26000213623047,65.27999877929688,65.27999877929688,1408
2024-05-28 12:20:00+02:00,65.27999877929688,65.27999877929688,65.27999877929688,65.27999877929688,65.27999877929688,4
2024-05-28 12:21:00+02:00,65.26000213623047,65.26000213623047,65.26000213623047,65.26000213623047,65.26000213623047,70
2024-05-28 12:22:00+02:00,65.23999786376953,65.23999786376953,65.23999786376953,65.23999786376953,65.23999786376953,213
2024-05-28 12:23:00+02:00,65.22000122070312,65.26000213623047,65.22000122070312,65.26000213623047,65.26000213623047,2410
2024-05-28 12:24:00+02:00,65.26000213623047,65.26000213623047,65.22000122070312,65.22000122070312,65.22000122070312,350
2024-05-28 12:25:00+02:00,65.19999694824219,65.19999694824219,65.19999694824219,65.19999694824219,65.19999694824219,11
2024-05-28 12:26:00+02:00,65.22000122070312,65.22000122070312,65.22000122070312,65.22000122070312,65.22000122070312,88
2024-05-28 12:28:00+02:00,65.19999694824219,65.23999786376953,65.19999694824219,65.22000122070312,65.22000122070312,1442
2024-05-28 12:29:00+02:00,65.19999694824219,65.19999694824219,65.19999694824219,65.19999694824219,65.19999694824219,585
2024-05-28 12:30:00+02:00,65.19999694824219,65.19999694824219,65.19999694824219,65.19999694824219,65.19999694824219,137
2024-05-28 12:31:00+02:00,65.23999786376953,65.23999786376953,65.23999786376953,65.23999786376953,65.23999786376953,234
2024-05-28 12:32:00+02:00,65.26000213623047,65.26000213623047,65.23999786376953,65.23999786376953,65.23999786376953,337
2024-05-28 12:36:00+02:00,65.26000213623047,65.26000213623047,65.26000213623047,65.26000213623047,65.26000213623047,82
2024-05-28 12:43:00+02:00,65.30000305175781,65.30000305175781,65.27999877929688,65.27999877929688,65.27999877929688,388
2024-05-28 12:45:00+02:00,65.27999877929688,65.27999877929688,65.27999877929688,65.27999877929688,65.27999877929688,684
2024-05-28 12:47:00+02:00,65.26000213623047,65.26000213623047,65.26000213623047,65.26000213623047,65.26000213623047,111
2024-05-28 12:52:00+02:00,65.27999877929688,65.27999877929688,65.27999877929688,65.27999877929688,65.27999877929688,227
2024-05-28 12:54:00+02:00,65.27999877929688,65.27999877929688,65.23999786376953,65.23999786376953,65.23999786376953,1177
2024-05-28 12:59:00+02:00,65.27999877929688,65.30000305175781,65.27999877929688,65.30000305175781,65.30000305175781,293
2024-05-28 13:02:00+02:00,65.33999633789062,65.33999633789062,65.23999786376953,65.23999786376953,65.23999786376953,902
2024-05-28 13:04:00+02:00,65.30000305175781,65.30000305175781,65.30000305175781,65.30000305175781,65.30000305175781,206
2024-05-28 13:07:00+02:00,65.33999633789062,65.33999633789062,65.33999633789062,65.33999633789062,65.33999633789062,102
2024-05-28 13:10:00+02:00,65.33999633789062,65.33999633789062,65.33999633789062,65.33999633789062,65.33999633789062,2
2024-05-28 13:11:00+02:00,65.33999633789062,65.33999633789062,65.31999969482422,65.31999969482422,65.31999969482422,300
2024-05-28 13:14:00+02:00,65.36000061035156,65.36000061035156,65.36000061035156,65.36000061035156,65.36000061035156,84
2024-05-28 13:19:00+02:00,65.36000061035156,65.36000061035156,65.36000061035156,65.36000061035156,65.36000061035156,222
2024-05-28 13:20:00+02:00,65.33999633789062,65.33999633789062,65.33999633789062,65.33999633789062,65.33999633789062,145
2024-05-28 13:21:00+02:00,65.33999633789062,65.33999633789062,65.33999633789062,65.33999633789062,65.33999633789062,221
2024-05-28 13:23:00+02:00,65.33999633789062,65.33999633789062,65.33999633789062,65.33999633789062,65.33999633789062,21
2024-05-28 13:24:00+02:00,65.33999633789062,65.33999633789062,65.33999633789062,65.33999633789062,65.33999633789062,25
2024-05-28 13:25:00+02:00,65.31999969482422,65.31999969482422,65.31999969482422,65.31999969482422,65.31999969482422,50
2024-05-28 13:27:00+02:00,65.33999633789062,65.33999633789062,65.33999633789062,65.33999633789062,65.33999633789062,84
2024-05-28 13:29:00+02:00,65.33999633789062,65.33999633789062,65.33999633789062,65.33999633789062,65.33999633789062,9
2024-05-28 13:30:00+02:00,65.33999633789062,65.33999633789062,65.33999633789062,65.33999633789062,65.33999633789062,47
2024-05-28 13:31:00+02:00,65.37999725341797,65.4000015258789,65.37999725341797,65.37999725341797,65.37999725341797,414
2024-05-28 13:32:00+02:00,65.4000015258789,65.4000015258789,65.37999725341797,65.37999725341797,65.37999725341797,180
2024-05-28 13:36:00+02:00,65.31999969482422,65.31999969482422,65.27999877929688,65.27999877929688,65.27999877929688,116
2024-05-28 13:37:00+02:00,65.31999969482422,65.33999633789062,65.31999969482422,65.31999969482422,65.31999969482422,755
2024-05-28 13:38:00+02:00,65.30000305175781,65.30000305175781,65.30000305175781,65.30000305175781,65.30000305175781,158
2024-05-28 13:42:00+02:00,65.31999969482422,65.33999633789062,65.31999969482422,65.33999633789062,65.33999633789062,475
2024-05-28 13:44:00+02:00,65.36000061035156,65.36000061035156,65.36000061035156,65.36000061035156,65.36000061035156,60
2024-05-28 13:46:00+02:00,65.31999969482422,65.31999969482422,65.31999969482422,65.31999969482422,65.31999969482422,743
2024-05-28 13:47:00+02:00,65.33999633789062,65.36000061035156,65.31999969482422,65.31999969482422,65.31999969482422,3338
2024-05-28 13:48:00+02:00,65.31999969482422,65.33999633789062,65.31999969482422,65.33999633789062,65.33999633789062,294
2024-05-28 13:50:00+02:00,65.31999969482422,65.31999969482422,65.31999969482422,65.31999969482422,65.31999969482422,57
2024-05-28 13:51:00+02:00,65.31999969482422,65.31999969482422,65.31999969482422,65.31999969482422,65.31999969482422,67
2024-05-28 13:52:00+02:00,65.30000305175781,65.30000305175781,65.30000305175781,65.30000305175781,65.30000305175781,94
2024-05-28 14:01:00+02:00,65.33999633789062,65.33999633789062,65.33999633789062,65.33999633789062,65.33999633789062,37
2024-05-28 14:03:00+02:00,65.33999633789062,65.33999633789062,65.30000305175781,65.30000305175781,65.30000305175781,522
2024-05-28 14:06:00+02:00,65.27999877929688,65.27999877929688,65.23999786376953,65.23999786376953,65.23999786376953,689
2024-05-28 14:07:00+02:00,65.26000213623047,65.27999877929688,65.26000213623047,65.27999877929688,65.27999877929688,315
2024-05-28 14:08:00+02:00,65.30000305175781,65.30000305175781,65.30000305175781,65.30000305175781,65.30000305175781,393
2024-05-28 14:09:00+02:00,65.30000305175781,65.30000305175781,65.30000305175781,65.30000305175781,65.30000305175781,102
2024-05-28 14:11:00+02:00,65.30000305175781,65.31999969482422,65.30000305175781,65.31999969482422,65.31999969482422,499
2024-05-28 14:15:00+02:00,65.30000305175781,65.30000305175781,65.30000305175781,65.30000305175781,65.30000305175781,0
2024-05-28 14:18:00+02:00,65.27999877929688,65.27999877929688,65.27999877929688,65.27999877929688,65.27999877929688,78701
2024-05-28 14:20:00+02:00,65.27999877929688,65.27999877929688,65.27999877929688,65.27999877929688,65.27999877929688,68
2024-05-28 14:21:00+02:00,65.23999786376953,65.23999786376953,65.19999694824219,65.19999694824219,65.19999694824219,310
2024-05-28 14:26:00+02:00,65.22000122070312,65.23999786376953,65.22000122070312,65.23999786376953,65.23999786376953,289
2024-05-28 14:27:00+02:00,65.26000213623047,65.26000213623047,65.26000213623047,65.26000213623047,65.26000213623047,491
2024-05-28 14:30:00+02:00,65.26000213623047,65.26000213623047,65.26000213623047,65.26000213623047,65.26000213623047,11
2024-05-28 14:31:00+02:00,65.27999877929688,65.27999877929688,65.27999877929688,65.27999877929688,65.27999877929688,235
2024-05-28 14:36:00+02:00,65.30000305175781,65.30000305175781,65.30000305175781,65.30000305175781,65.30000305175781,278
2024-05-28 14:38:00+02:00,65.31999969482422,65.31999969482422,65.31999969482422,65.31999969482422,65.31999969482422,1000
2024-05-28 14:39:00+02:00,65.30000305175781,65.30000305175781,65.30000305175781,65.30000305175781,65.30000305175781,559
2024-05-28 14:40:00+02:00,65.27999877929688,65.27999877929688,65.27999877929688,65.27999877929688,65.27999877929688,314
2024-05-28 14:41:00+02:00,65.26000213623047,65.26000213623047,65.26000213623047,65.26000213623047,65.26000213623047,40
2024-05-28 14:42:00+02:00,65.26000213623047,65.26000213623047,65.26000213623047,65.26000213623047,65.26000213623047,243
2024-05-28 14:44:00+02:00,65.23999786376953,65.23999786376953,65.19999694824219,65.19999694824219,65.19999694824219,1003
2024-05-28 14:45:00+02:00,65.18000030517578,65.18000030517578,65.16000366210938,65.16000366210938,65.16000366210938,353
2024-05-28 14:46:00+02:00,65.16000366210938,65.16000366210938,65.13999938964844,65.13999938964844,65.13999938964844,204
2024-05-28 14:47:00+02:00,65.13999938964844,65.16000366210938,65.0999984741211,65.16000366210938,65.16000366210938,5828
2024-05-28 14:48:00+02:00,65.18000030517578,65.19999694824219,65.18000030517578,65.19999694824219,65.19999694824219,126
2024-05-28 14:52:00+02:00,65.22000122070312,65.23999786376953,65.22000122070312,65.23999786376953,65.23999786376953,97
2024-05-28 14:54:00+02:00,65.26000213623047,65.26000213623047,65.26000213623047,65.26000213623047,65.26000213623047,110
2024-05-28 14:57:00+02:00,65.23999786376953,65.26000213623047,65.23999786376953,65.26000213623047,65.26000213623047,597
2024-05-28 15:00:00+02:00,65.23999786376953,65.23999786376953,65.22000122070312,65.22000122070312,65.22000122070312,120
2024-05-28 15:01:00+02:00,65.26000213623047,65.26000213623047,65.23999786376953,65.23999786376953,65.23999786376953,384
2024-05-28 15:04:00+02:00,65.23999786376953,65.26000213623047,65.23999786376953,65.26000213623047,65.26000213623047,215
2024-05-28 15:06:00+02:00,65.27999877929688,65.27999877929688,65.27999877929688,65.27999877929688,65.27999877929688,54
2024-05-28 15:09:00+02:00,65.30000305175781,65.30000305175781,65.30000305175781,65.30000305175781,65.30000305175781,178
2024-05-28 15:10:00+02:00,65.27999877929688,65.27999877929688,65.27999877929688,65.27999877929688,65.27999877929688,413
2024-05-28 15:13:00+02:00,65.30000305175781,65.31999969482422,65.30000305175781,65.30000305175781,65.30000305175781,389
2024-05-28 15:15:00+02:00,65.33999633789062,65.33999633789062,65.33999633789062,65.33999633789062,65.33999633789062,88
2024-05-28 15:17:00+02:00,65.31999969482422,65.31999969482422,65.30000305175781,65.30000305175781,65.30000305175781,386
2024-05-28 15:19:00+02:00,65.27999877929688,65.27999877929688,65.27999877929688,65.27999877929688,65.27999877929688,155
2024-05-28 15:20:00+02:00,65.30000305175781,65.30000305175781,65.30000305175781,65.30000305175781,65.30000305175781,0
2024-05-28 15:25:00+02:00,65.30000305175781,65.30000305175781,65.30000305175781,65.30000305175781,65.30000305175781,94404
2024-05-28 15:26:00+02:00,65.27999877929688,65.27999877929688,65.27999877929688,65.27999877929688,65.27999877929688,714
2024-05-28 15:27:00+02:00,65.27999877929688,65.27999877929688,65.26000213623047,65.26000213623047,65.26000213623047,287
2024-05-28 15:28:00+02:00,65.26000213623047,65.26000213623047,65.26000213623047,65.26000213623047,65.26000213623047,111
2024-05-28 15:29:00+02:00,65.26000213623047,65.26000213623047,65.26000213623047,65.26000213623047,65.26000213623047,266
2024-05-28 15:33:00+02:00,65.23999786376953,65.23999786376953,65.23999786376953,65.23999786376953,65.23999786376953,416
2024-05-28 15:34:00+02:00,65.22000122070312,65.22000122070312,65.22000122070312,65.22000122070312,65.22000122070312,241
2024-05-28 15:36:00+02:00,65.19999694824219,65.19999694824219,65.18000030517578,65.18000030517578,65.18000030517578,288
2024-05-28 15:37:00+02:00,65.16000366210938,65.16000366210938,65.12000274658203,65.12000274658203,65.12000274658203,261
2024-05-28 15:41:00+02:00,65.0999984741211,65.13999938964844,65.0999984741211,65.13999938964844,65.13999938964844,348
2024-05-28 15:43:00+02:00,65.12000274658203,65.12000274658203,65.12000274658203,65.12000274658203,65.12000274658203,67
2024-05-28 15:44:00+02:00,65.12000274658203,65.12000274658203,65.12000274658203,65.12000274658203,65.12000274658203,261
2024-05-28 15:45:00+02:00,65.0999984741211,65.12000274658203,65.0999984741211,65.12000274658203,65.12000274658203,938
2024-05-28 15:48:00+02:00,65.13999938964844,65.13999938964844,65.13999938964844,65.13999938964844,65.13999938964844,89
2024-05-28 15:49:00+02:00,65.12000274658203,65.12000274658203,65.12000274658203,65.12000274658203,65.12000274658203,166
2024-05-28 15:52:00+02:00,65.0999984741211,65.0999984741211,65.0999984741211,65.0999984741211,65.0999984741211,446
2024-05-28 15:53:00+02:00,65.12000274658203,65.16000366210938,65.12000274658203,65.13999938964844,65.13999938964844,1082
2024-05-28 15:54:00+02:00,65.12000274658203,65.12000274658203,65.0999984741211,65.0999984741211,65.0999984741211,1023
2024-05-28 15:55:00+02:00,65.08000183105469,65.08000183105469,65.05999755859375,65.05999755859375,65.05999755859375,859
2024-05-28 15:56:00+02:00,65.08000183105469,65.08000183105469,65.05999755859375,65.05999755859375,65.05999755859375,895
2024-05-28 15:57:00+02:00,65.04000091552734,65.04000091552734,65.04000091552734,65.04000091552734,65.04000091552734,26
2024-05-28 15:59:00+02:00,65.05999755859375,65.05999755859375,65.05999755859375,65.05999755859375,65.05999755859375,79
2024-05-28 16:00:00+02:00,65.05999755859375,65.08000183105469,65.04000091552734,65.08000183105469,65.08000183105469,467
2024-05-28 16:01:00+02:00,65.04000091552734,65.04000091552734,65.04000091552734,65.04000091552734,65.04000091552734,101
2024-05-28 16:02:00+02:00,65.04000091552734,65.0999984741211,65.04000091552734,65.0999984741211,65.0999984741211,993
2024-05-28 16:03:00+02:00,65.0999984741211,65.12000274658203,65.0999984741211,65.12000274658203,65.12000274658203,355
2024-05-28 16:04:00+02:00,65.12000274658203,65.12000274658203,65.0999984741211,65.0999984741211,65.0999984741211,530
2024-05-28 16:05:00+02:00,65.08000183105469,65.0999984741211,65.05999755859375,65.0999984741211,65.0999984741211,2843
2024-05-28 16:06:00+02:00,65.0999984741211,65.0999984741211,65.0999984741211,65.0999984741211,65.0999984741211,687
2024-05-28 16:07:00+02:00,65.12000274658203,65.12000274658203,65.12000274658203,65.12000274658203,65.12000274658203,257
2024-05-28 16:08:00+02:00,65.0999984741211,65.0999984741211,65.0999984741211,65.0999984741211,65.0999984741211,206
2024-05-28 16:09:00+02:00,65.0999984741211,65.0999984741211,65.0999984741211,65.0999984741211,65.0999984741211,42
2024-05-28 16:10:00+02:00,65.13999938964844,65.13999938964844,65.13999938964844,65.13999938964844,65.13999938964844,306
2024-05-28 16:12:00+02:00,65.13999938964844,65.13999938964844,65.13999938964844,65.13999938964844,65.13999938964844,338
2024-05-28 16:13:00+02:00,65.12000274658203,65.12000274658203,65.0999984741211,65.0999984741211,65.0999984741211,527
2024-05-28 16:14:00+02:00,65.0999984741211,65.12000274658203,65.08000183105469,65.12000274658203,65.12000274658203,744
2024-05-28 16:15:00+02:00,65.0999984741211,65.12000274658203,65.0999984741211,65.12000274658203,65.12000274658203,281
2024-05-28 16:17:00+02:00,65.12000274658203,65.12000274658203,65.0999984741211,65.0999984741211,65.0999984741211,287
2024-05-28 16:21:00+02:00,65.12000274658203,65.12000274658203,65.08000183105469,65.08000183105469,65.08000183105469,922
2024-05-28 16:22:00+02:00,65.0999984741211,65.16000366210938,65.0999984741211,65.16000366210938,65.16000366210938,585
2024-05-28 16:23:00+02:00,65.16000366210938,65.16000366210938,65.16000366210938,65.16000366210938,65.16000366210938,105
2024-05-28 16:24:00+02:00,65.18000030517578,65.18000030517578,65.18000030517578,65.18000030517578,65.18000030517578,110
2024-05-28 16:25:00+02:00,65.18000030517578,65.19999694824219,65.18000030517578,65.19999694824219,65.19999694824219,409
2024-05-28 16:26:00+02:00,65.19999694824219,65.19999694824219,65.19999694824219,65.19999694824219,65.19999694824219,73
2024-05-28 16:27:00+02:00,65.18000030517578,65.22000122070312,65.18000030517578,65.22000122070312,65.22000122070312,825
2024-05-28 16:28:00+02:00,65.22000122070312,65.22000122070312,65.22000122070312,65.22000122070312,65.22000122070312,335
2024-05-28 16:30:00+02:00,65.22000122070312,65.22000122070312,65.22000122070312,65.22000122070312,65.22000122070312,535
2024-05-28 16:31:00+02:00,65.23999786376953,65.23999786376953,65.22000122070312,65.22000122070312,65.22000122070312,299
2024-05-28 16:32:00+02:00,65.22000122070312,65.22000122070312,65.22000122070312,65.22000122070312,65.22000122070312,164
2024-05-28 16:34:00+02:00,65.19999694824219,65.19999694824219,65.13999938964844,65.18000030517578,65.18000030517578,5557
2024-05-28 16:35:00+02:00,65.19999694824219,65.19999694824219,65.18000030517578,65.18000030517578,65.18000030517578,2310
2024-05-28 16:36:00+02:00,65.16000366210938,65.16000366210938,65.16000366210938,65.16000366210938,65.16000366210938,379
2024-05-28 16:37:00+02:00,65.18000030517578,65.19999694824219,65.18000030517578,65.18000030517578,65.18000030517578,255
2024-05-28 16:38:00+02:00,65.18000030517578,65.18000030517578,65.18000030517578,65.18000030517578,65.18000030517578,36
2024-05-28 16:39:00+02:00,65.16000366210938,65.16000366210938,65.16000366210938,65.16000366210938,65.16000366210938,494
2024-05-28 16:40:00+02:00,65.18000030517578,65.19999694824219,65.18000030517578,65.19999694824219,65.19999694824219,109
2024-05-28 16:41:00+02:00,65.19999694824219,65.19999694824219,65.18000030517578,65.18000030517578,65.18000030517578,485
2024-05-28 16:42:00+02:00,65.18000030517578,65.18000030517578,65.16000366210938,65.18000030517578,65.18000030517578,174
2024-05-28 16:43:00+02:00,65.22000122070312,65.22000122070312,65.22000122070312,65.22000122070312,65.22000122070312,233
2024-05-28 16:44:00+02:00,65.23999786376953,65.23999786376953,65.23999786376953,65.23999786376953,65.23999786376953,110
2024-05-28 16:45:00+02:00,65.27999877929688,65.27999877929688,65.27999877929688,65.27999877929688,65.27999877929688,383
2024-05-28 16:46:00+02:00,65.27999877929688,65.30000305175781,65.27999877929688,65.30000305175781,65.30000305175781,232
2024-05-28 16:47:00+02:00,65.27999877929688,65.27999877929688,65.27999877929688,65.27999877929688,65.27999877929688,387
2024-05-28 16:48:00+02:00,65.31999969482422,65.33999633789062,65.31999969482422,65.33999633789062,65.33999633789062,1060
2024-05-28 16:50:00+02:00,65.33999633789062,65.33999633789062,65.33999633789062,65.33999633789062,65.33999633789062,18
2024-05-28 16:52:00+02:00,65.37999725341797,65.37999725341797,65.36000061035156,65.37999725341797,65.37999725341797,5997
2024-05-28 16:53:00+02:00,65.36000061035156,65.36000061035156,65.36000061035156,65.36000061035156,65.36000061035156,0
2024-05-28 16:54:00+02:00,65.36000061035156,65.36000061035156,65.33999633789062,65.33999633789062,65.33999633789062,135910
2024-05-28 16:55:00+02:00,65.33999633789062,65.33999633789062,65.33999633789062,65.33999633789062,65.33999633789062,12
2024-05-28 16:57:00+02:00,65.36000061035156,65.36000061035156,65.36000061035156,65.36000061035156,65.36000061035156,746
2024-05-28 17:00:00+02:00,65.33999633789062,65.33999633789062,65.31999969482422,65.31999969482422,65.31999969482422,697
2024-05-28 17:01:00+02:00,65.31999969482422,65.31999969482422,65.27999877929688,65.27999877929688,65.27999877929688,566
2024-05-28 17:02:00+02:00,65.23999786376953,65.26000213623047,65.23999786376953,65.23999786376953,65.23999786376953,1142
2024-05-28 17:04:00+02:00,65.30000305175781,65.30000305175781,65.27999877929688,65.27999877929688,65.27999877929688,495
2024-05-28 17:06:00+02:00,65.26000213623047,65.27999877929688,65.26000213623047,65.27999877929688,65.27999877929688,772
2024-05-28 17:07:00+02:00,65.27999877929688,65.27999877929688,65.27999877929688,65.27999877929688,65.27999877929688,353
2024-05-28 17:08:00+02:00,65.30000305175781,65.30000305175781,65.30000305175781,65.30000305175781,65.30000305175781,2
2024-05-28 17:09:00+02:00,65.30000305175781,65.30000305175781,65.30000305175781,65.30000305175781,65.30000305175781,215
2024-05-28 17:10:00+02:00,65.31999969482422,65.31999969482422,65.31999969482422,65.31999969482422,65.31999969482422,200
2024-05-28 17:11:00+02:00,65.33999633789062,65.33999633789062,65.33999633789062,65.33999633789062,65.33999633789062,98
2024-05-28 17:14:00+02:00,65.33999633789062,65.36000061035156,65.33999633789062,65.36000061035156,65.36000061035156,1849
2024-05-28 17:15:00+02:00,65.37999725341797,65.37999725341797,65.37999725341797,65.37999725341797,65.37999725341797,516
2024-05-28 17:16:00+02:00,65.37999725341797,65.4000015258789,65.33999633789062,65.37999725341797,65.37999725341797,9663
2024-05-28 17:17:00+02:00,65.4000015258789,65.44000244140625,65.4000015258789,65.4000015258789,65.4000015258789,6432
2024-05-28 17:18:00+02:00,65.41999816894531,65.41999816894531,65.41999816894531,65.41999816894531,65.41999816894531,220
2024-05-28 17:19:00+02:00,65.41999816894531,65.44000244140625,65.4000015258789,65.41999816894531,65.41999816894531,5548
2024-05-28 17:20:00+02:00,65.44000244140625,65.45999908447266,65.44000244140625,65.45999908447266,65.45999908447266,2747
2024-05-28 17:21:00+02:00,65.45999908447266,65.4800033569336,65.45999908447266,65.45999908447266,65.45999908447266,1137
2024-05-28 17:22:00+02:00,65.45999908447266,65.4800033569336,65.45999908447266,65.45999908447266,65.45999908447266,1068
2024-05-28 17:23:00+02:00,65.45999908447266,65.4800033569336,65.45999908447266,65.4800033569336,65.4800033569336,294
2024-05-28 17:24:00+02:00,65.4800033569336,65.4800033569336,65.4800033569336,65.4800033569336,65.4800033569336,96
2024-05-28 17:25:00+02:00,65.4800033569336,65.4800033569336,65.4800033569336,65.4800033569336,65.4800033569336,88
2024-05-28 17:26:00+02:00,65.4800033569336,65.4800033569336,65.45999908447266,65.4800033569336,65.4800033569336,2685
2024-05-28 17:27:00+02:00,65.5,65.54000091552734,65.5,65.5199966430664,65.5199966430664,3145
2024-05-28 17:28:00+02:00,65.5,65.5199966430664,65.45999908447266,65.4800033569336,65.4800033569336,2973
2024-05-28 17:29:00+02:00,65.45999908447266,65.5199966430664,65.45999908447266,65.5,65.5,1589
