Date,Open,High,Low,Close,Adj Close,Volume
2023-06-14 09:30:00-04:00,40.0,40.0,39.880001068115234,39.88999938964844,39.88999938964844,52433
2023-06-14 09:31:00-04:00,39.900001525878906,39.939998626708984,39.88999938964844,39.93000030517578,39.93000030517578,4034
2023-06-14 09:32:00-04:00,39.939998626708984,40.0,39.939998626708984,40.0,40.0,32558
2023-06-14 09:33:00-04:00,40.0,40.08000183105469,40.0,40.060001373291016,40.060001373291016,16943
2023-06-14 09:34:00-04:00,40.06999969482422,40.11000061035156,40.060001373291016,40.060001373291016,40.060001373291016,20351
2023-06-14 09:35:00-04:00,40.099998474121094,40.11000061035156,40.09000015258789,40.11000061035156,40.11000061035156,2662
2023-06-14 09:36:00-04:00,40.130001068115234,40.130001068115234,40.09000015258789,40.11000061035156,40.11000061035156,27516
2023-06-14 09:37:00-04:00,40.11000061035156,40.16999816894531,40.060001373291016,40.14500045776367,40.14500045776367,21651
2023-06-14 09:38:00-04:00,40.150001525878906,40.16999816894531,40.130001068115234,40.16999816894531,40.16999816894531,4218
2023-06-14 09:39:00-04:00,40.15999984741211,40.16999816894531,40.119998931884766,40.119998931884766,40.119998931884766,5483
2023-06-14 09:40:00-04:00,40.099998474121094,40.10499954223633,40.04999923706055,40.08000183105469,40.08000183105469,8160
2023-06-14 09:41:00-04:00,40.099998474121094,40.099998474121094,40.005001068115234,40.031700134277344,40.031700134277344,6473
2023-06-14 09:42:00-04:00,40.040000915527344,40.040000915527344,39.97999954223633,39.97999954223633,39.97999954223633,4706
2023-06-14 09:43:00-04:00,39.9900016784668,40.064998626708984,39.9900016784668,40.057498931884766,40.057498931884766,5360
2023-06-14 09:44:00-04:00,40.04999923706055,40.04999923706055,40.029998779296875,40.029998779296875,40.029998779296875,3020
2023-06-14 09:45:00-04:00,40.029998779296875,40.058998107910156,40.02000045776367,40.058998107910156,40.058998107910156,3916
2023-06-14 09:46:00-04:00,40.05500030517578,40.09000015258789,40.04999923706055,40.060001373291016,40.060001373291016,8807
2023-06-14 09:47:00-04:00,40.06999969482422,40.06999969482422,40.029998779296875,40.029998779296875,40.029998779296875,3106
2023-06-14 09:48:00-04:00,40.029998779296875,40.08000183105469,40.029998779296875,40.04499816894531,40.04499816894531,4574
2023-06-14 09:49:00-04:00,40.04499816894531,40.04499816894531,40.02000045776367,40.02000045776367,40.02000045776367,4070
2023-06-14 09:50:00-04:00,40.0099983215332,40.060001373291016,40.0099983215332,40.060001373291016,40.060001373291016,3738
2023-06-14 09:51:00-04:00,40.060001373291016,40.09000015258789,40.060001373291016,40.09000015258789,40.09000015258789,6040
2023-06-14 09:52:00-04:00,40.08000183105469,40.09000015258789,40.06999969482422,40.06999969482422,40.06999969482422,8108
2023-06-14 09:53:00-04:00,40.06999969482422,40.06999969482422,40.029998779296875,40.06999969482422,40.06999969482422,4037
2023-06-14 09:54:00-04:00,40.06999969482422,40.084999084472656,40.040000915527344,40.040000915527344,40.040000915527344,13772
2023-06-14 09:55:00-04:00,40.029998779296875,40.040000915527344,40.02000045776367,40.03990173339844,40.03990173339844,8741
2023-06-14 09:56:00-04:00,40.040000915527344,40.07500076293945,40.03099822998047,40.06999969482422,40.06999969482422,4378
2023-06-14 09:57:00-04:00,40.06999969482422,40.084999084472656,40.04999923706055,40.07099914550781,40.07099914550781,7456
2023-06-14 09:58:00-04:00,40.09000015258789,40.130001068115234,40.09000015258789,40.1150016784668,40.1150016784668,4098
2023-06-14 09:59:00-04:00,40.1150016784668,40.119998931884766,40.060001373291016,40.06999969482422,40.06999969482422,6926
2023-06-14 10:00:00-04:00,40.064998626708984,40.09000015258789,40.04100036621094,40.04999923706055,40.04999923706055,10328
2023-06-14 10:01:00-04:00,40.05099868774414,40.08000183105469,40.05099868774414,40.060001373291016,40.060001373291016,7384
2023-06-14 10:02:00-04:00,40.060001373291016,40.099998474121094,40.05500030517578,40.09000015258789,40.09000015258789,8766
2023-06-14 10:03:00-04:00,40.095001220703125,40.119998931884766,40.095001220703125,40.10100173950195,40.10100173950195,9457
2023-06-14 10:04:00-04:00,40.099998474121094,40.099998474121094,40.06999969482422,40.06999969482422,40.06999969482422,3373
2023-06-14 10:05:00-04:00,40.08000183105469,40.1349983215332,40.07500076293945,40.130001068115234,40.130001068115234,7055
2023-06-14 10:06:00-04:00,40.130001068115234,40.13999938964844,40.11000061035156,40.13999938964844,40.13999938964844,5909
2023-06-14 10:07:00-04:00,40.14500045776367,40.150001525878906,40.119998931884766,40.119998931884766,40.119998931884766,4777
2023-06-14 10:08:00-04:00,40.1150016784668,40.150001525878906,40.1150016784668,40.150001525878906,40.150001525878906,15214
2023-06-14 10:09:00-04:00,40.154998779296875,40.16999816894531,40.1349983215332,40.13999938964844,40.13999938964844,7808
2023-06-14 10:10:00-04:00,40.13999938964844,40.13999938964844,40.130001068115234,40.130001068115234,40.130001068115234,3754
2023-06-14 10:11:00-04:00,40.119998931884766,40.119998931884766,40.11000061035156,40.11000061035156,40.11000061035156,3883
2023-06-14 10:12:00-04:00,40.119998931884766,40.119998931884766,40.1150016784668,40.119998931884766,40.119998931884766,3480
2023-06-14 10:13:00-04:00,40.125,40.150001525878906,40.119998931884766,40.150001525878906,40.150001525878906,5328
2023-06-14 10:14:00-04:00,40.150001525878906,40.15999984741211,40.150001525878906,40.159000396728516,40.159000396728516,1106
2023-06-14 10:15:00-04:00,40.15999984741211,40.165000915527344,40.119998931884766,40.119998931884766,40.119998931884766,5152
2023-06-14 10:16:00-04:00,40.119998931884766,40.130001068115234,40.10499954223633,40.10499954223633,40.10499954223633,3805
2023-06-14 10:17:00-04:00,40.099998474121094,40.11000061035156,40.08000183105469,40.084999084472656,40.084999084472656,3635
2023-06-14 10:18:00-04:00,40.09000015258789,40.09000015258789,40.04999923706055,40.04999923706055,40.04999923706055,9939
2023-06-14 10:19:00-04:00,40.04999923706055,40.060001373291016,40.029998779296875,40.03499984741211,40.03499984741211,23376
2023-06-14 10:20:00-04:00,40.040000915527344,40.04999923706055,40.02000045776367,40.02000045776367,40.02000045776367,11900
2023-06-14 10:21:00-04:00,40.029998779296875,40.060001373291016,40.025001525878906,40.060001373291016,40.060001373291016,17270
2023-06-14 10:22:00-04:00,40.04999923706055,40.08000183105469,40.04999923706055,40.06999969482422,40.06999969482422,5884
2023-06-14 10:23:00-04:00,40.064998626708984,40.06999969482422,40.040000915527344,40.04999923706055,40.04999923706055,6517
2023-06-14 10:24:00-04:00,40.060001373291016,40.06999969482422,40.04999923706055,40.04999923706055,40.04999923706055,4936
2023-06-14 10:25:00-04:00,40.060001373291016,40.06999969482422,40.040000915527344,40.06999969482422,40.06999969482422,3221
2023-06-14 10:26:00-04:00,40.064998626708984,40.099998474121094,40.064998626708984,40.099998474121094,40.099998474121094,2864
2023-06-14 10:27:00-04:00,40.09000015258789,40.09000015258789,40.06999969482422,40.06999969482422,40.06999969482422,4665
2023-06-14 10:28:00-04:00,40.06999969482422,40.08000183105469,40.064998626708984,40.08000183105469,40.08000183105469,3023
2023-06-14 10:29:00-04:00,40.09000015258789,40.099998474121094,40.09000015258789,40.09000015258789,40.09000015258789,4624
2023-06-14 10:30:00-04:00,40.099998474121094,40.099998474121094,40.095001220703125,40.095001220703125,40.095001220703125,1613
2023-06-14 10:31:00-04:00,40.095001220703125,40.13999938964844,40.095001220703125,40.1349983215332,40.1349983215332,5752
2023-06-14 10:32:00-04:00,40.13949966430664,40.13949966430664,40.119998931884766,40.130001068115234,40.130001068115234,6568
2023-06-14 10:33:00-04:00,40.130001068115234,40.14500045776367,40.130001068115234,40.13999938964844,40.13999938964844,2802
2023-06-14 10:34:00-04:00,40.14500045776367,40.17499923706055,40.14500045776367,40.16999816894531,40.16999816894531,8667
2023-06-14 10:35:00-04:00,40.165000915527344,40.18000030517578,40.150001525878906,40.150001525878906,40.150001525878906,6227
2023-06-14 10:36:00-04:00,40.14500045776367,40.18000030517578,40.14500045776367,40.17499923706055,40.17499923706055,3882
2023-06-14 10:37:00-04:00,40.18000030517578,40.20000076293945,40.16999816894531,40.20000076293945,40.20000076293945,3032
2023-06-14 10:38:00-04:00,40.20500183105469,40.20500183105469,40.189998626708984,40.20500183105469,40.20500183105469,2636
2023-06-14 10:39:00-04:00,40.20000076293945,40.20000076293945,40.18000030517578,40.18000030517578,40.18000030517578,4771
2023-06-14 10:40:00-04:00,40.18000030517578,40.19850158691406,40.15999984741211,40.165000915527344,40.165000915527344,4176
2023-06-14 10:41:00-04:00,40.15999984741211,40.15999984741211,40.1349983215332,40.154998779296875,40.154998779296875,2532
2023-06-14 10:42:00-04:00,40.150001525878906,40.16999816894531,40.14500045776367,40.15999984741211,40.15999984741211,2207
2023-06-14 10:43:00-04:00,40.15999984741211,40.165000915527344,40.150001525878906,40.15999984741211,40.15999984741211,3797
2023-06-14 10:44:00-04:00,40.15999984741211,40.15999984741211,40.125,40.125,40.125,3741
2023-06-14 10:45:00-04:00,40.119998931884766,40.154998779296875,40.11000061035156,40.14500045776367,40.14500045776367,13735
2023-06-14 10:46:00-04:00,40.14500045776367,40.17499923706055,40.14500045776367,40.17499923706055,40.17499923706055,1435
2023-06-14 10:47:00-04:00,40.18000030517578,40.19499969482422,40.18000030517578,40.189998626708984,40.189998626708984,4399
2023-06-14 10:48:00-04:00,40.19900131225586,40.20920181274414,40.190101623535156,40.190101623535156,40.190101623535156,3053
2023-06-14 10:49:00-04:00,40.20000076293945,40.21500015258789,40.20000076293945,40.20000076293945,40.20000076293945,2607
2023-06-14 10:50:00-04:00,40.20000076293945,40.20000076293945,40.189998626708984,40.189998626708984,40.189998626708984,2450
2023-06-14 10:51:00-04:00,40.185001373291016,40.189998626708984,40.18000030517578,40.185001373291016,40.185001373291016,2380
2023-06-14 10:52:00-04:00,40.18000030517578,40.189998626708984,40.17499923706055,40.189998626708984,40.189998626708984,2169
2023-06-14 10:53:00-04:00,40.189998626708984,40.189998626708984,40.189998626708984,40.189998626708984,40.189998626708984,632
2023-06-14 10:54:00-04:00,40.16999816894531,40.189998626708984,40.16999816894531,40.189998626708984,40.189998626708984,4407
2023-06-14 10:55:00-04:00,40.185001373291016,40.220001220703125,40.185001373291016,40.220001220703125,40.220001220703125,3483
2023-06-14 10:56:00-04:00,40.21500015258789,40.220001220703125,40.209999084472656,40.220001220703125,40.220001220703125,2408
2023-06-14 10:57:00-04:00,40.220001220703125,40.2400016784668,40.220001220703125,40.23500061035156,40.23500061035156,1648
2023-06-14 10:58:00-04:00,40.2400016784668,40.255001068115234,40.2400016784668,40.2400016784668,40.2400016784668,5824
2023-06-14 10:59:00-04:00,40.25,40.26150131225586,40.25,40.2599983215332,40.2599983215332,4694
2023-06-14 11:00:00-04:00,40.25,40.25,40.25,40.25,40.25,3470
2023-06-14 11:01:00-04:00,40.255001068115234,40.290000915527344,40.255001068115234,40.290000915527344,40.290000915527344,4386
2023-06-14 11:02:00-04:00,40.290000915527344,40.29999923706055,40.28499984741211,40.29999923706055,40.29999923706055,4115
2023-06-14 11:03:00-04:00,40.29499816894531,40.29999923706055,40.275001525878906,40.290000915527344,40.290000915527344,4859
2023-06-14 11:04:00-04:00,40.290000915527344,40.29499816894531,40.290000915527344,40.29499816894531,40.29499816894531,2222
2023-06-14 11:05:00-04:00,40.29999923706055,40.29999923706055,40.290000915527344,40.290000915527344,40.290000915527344,3889
2023-06-14 11:06:00-04:00,40.279998779296875,40.28499984741211,40.279998779296875,40.28499984741211,40.28499984741211,400
2023-06-14 11:07:00-04:00,40.2400016784668,40.244998931884766,40.224998474121094,40.2400016784668,40.2400016784668,7239
2023-06-14 11:08:00-04:00,40.2400016784668,40.25,40.2400016784668,40.25,40.25,1968
2023-06-14 11:09:00-04:00,40.255001068115234,40.2599983215332,40.244998931884766,40.25899887084961,40.25899887084961,2957
2023-06-14 11:10:00-04:00,40.2599983215332,40.2599983215332,40.25,40.25,40.25,8924
2023-06-14 11:11:00-04:00,40.2599983215332,40.2599983215332,40.24169921875,40.25,40.25,13284
2023-06-14 11:12:00-04:00,40.2400016784668,40.2599983215332,40.2400016784668,40.2599983215332,40.2599983215332,3419
2023-06-14 11:13:00-04:00,40.25,40.25,40.22999954223633,40.23500061035156,40.23500061035156,3416
2023-06-14 11:14:00-04:00,40.2400016784668,40.244998931884766,40.23500061035156,40.244998931884766,40.244998931884766,2650
2023-06-14 11:15:00-04:00,40.249000549316406,40.279998779296875,40.2400016784668,40.26499938964844,40.26499938964844,11126
2023-06-14 11:16:00-04:00,40.279998779296875,40.279998779296875,40.2599983215332,40.2599983215332,40.2599983215332,4980
2023-06-14 11:17:00-04:00,40.2599983215332,40.2599983215332,40.2400016784668,40.2400016784668,40.2400016784668,5853
2023-06-14 11:18:00-04:00,40.247501373291016,40.2599983215332,40.244998931884766,40.2599983215332,40.2599983215332,3151
2023-06-14 11:19:00-04:00,40.2599983215332,40.27000045776367,40.255001068115234,40.27000045776367,40.27000045776367,4995
2023-06-14 11:20:00-04:00,40.27000045776367,40.29999923706055,40.27000045776367,40.29999923706055,40.29999923706055,7429
2023-06-14 11:21:00-04:00,40.29999923706055,40.33000183105469,40.29499816894531,40.33000183105469,40.33000183105469,6007
2023-06-14 11:22:00-04:00,40.31999969482422,40.31999969482422,40.30500030517578,40.310001373291016,40.310001373291016,2274
2023-06-14 11:23:00-04:00,40.29999923706055,40.29999923706055,40.27000045776367,40.27000045776367,40.27000045776367,2887
2023-06-14 11:24:00-04:00,40.27000045776367,40.279998779296875,40.26499938964844,40.27000045776367,40.27000045776367,4944
2023-06-14 11:25:00-04:00,40.27000045776367,40.279998779296875,40.27000045776367,40.27000045776367,40.27000045776367,2767
2023-06-14 11:26:00-04:00,40.279998779296875,40.279998779296875,40.2599983215332,40.2599983215332,40.2599983215332,4546
2023-06-14 11:27:00-04:00,40.25,40.25,40.220001220703125,40.22999954223633,40.22999954223633,5855
2023-06-14 11:28:00-04:00,40.22999954223633,40.22999954223633,40.209999084472656,40.220001220703125,40.220001220703125,4076
2023-06-14 11:29:00-04:00,40.209999084472656,40.224998474121094,40.209999084472656,40.220001220703125,40.220001220703125,3545
2023-06-14 11:30:00-04:00,40.22999954223633,40.23500061035156,40.220001220703125,40.23500061035156,40.23500061035156,4240
2023-06-14 11:31:00-04:00,40.22999954223633,40.25,40.22999954223633,40.25,40.25,3542
2023-06-14 11:32:00-04:00,40.2400016784668,40.2400016784668,40.2400016784668,40.2400016784668,40.2400016784668,3185
2023-06-14 11:33:00-04:00,40.2400016784668,40.27000045776367,40.23500061035156,40.27000045776367,40.27000045776367,4681
2023-06-14 11:34:00-04:00,40.27000045776367,40.27000045776367,40.25,40.25,40.25,3004
2023-06-14 11:35:00-04:00,40.244998931884766,40.29999923706055,40.244998931884766,40.29999923706055,40.29999923706055,4214
2023-06-14 11:36:00-04:00,40.290000915527344,40.29999923706055,40.290000915527344,40.290000915527344,40.290000915527344,5631
2023-06-14 11:37:00-04:00,40.279998779296875,40.279998779296875,40.2599983215332,40.26499938964844,40.26499938964844,2839
2023-06-14 11:38:00-04:00,40.26499938964844,40.26499938964844,40.2599983215332,40.2599983215332,40.2599983215332,1674
2023-06-14 11:39:00-04:00,40.2599983215332,40.2599983215332,40.244998931884766,40.244998931884766,40.244998931884766,3682
2023-06-14 11:40:00-04:00,40.2400016784668,40.2400016784668,40.224998474121094,40.2400016784668,40.2400016784668,6255
2023-06-14 11:41:00-04:00,40.22999954223633,40.25,40.22999954223633,40.244998931884766,40.244998931884766,2806
2023-06-14 11:42:00-04:00,40.25,40.2599983215332,40.2400016784668,40.2599983215332,40.2599983215332,2364
2023-06-14 11:43:00-04:00,40.25,40.2599983215332,40.25,40.2599983215332,40.2599983215332,5157
2023-06-14 11:44:00-04:00,40.2599983215332,40.27000045776367,40.2599983215332,40.2599983215332,40.2599983215332,3353
2023-06-14 11:45:00-04:00,40.25,40.27000045776367,40.25,40.27000045776367,40.27000045776367,2739
2023-06-14 11:46:00-04:00,40.2599983215332,40.2599983215332,40.25,40.25,40.25,1991
2023-06-14 11:47:00-04:00,40.25,40.255001068115234,40.2400016784668,40.25,40.25,4958
2023-06-14 11:48:00-04:00,40.25,40.27000045776367,40.25,40.264400482177734,40.264400482177734,3613
2023-06-14 11:49:00-04:00,40.26900100708008,40.27000045776367,40.2599983215332,40.2599983215332,40.2599983215332,3026
2023-06-14 11:50:00-04:00,40.2599983215332,40.275001525878906,40.2599983215332,40.26499938964844,40.26499938964844,205124
2023-06-14 11:51:00-04:00,40.2599983215332,40.2599983215332,40.25,40.2599983215332,40.2599983215332,4946
2023-06-14 11:53:00-04:00,40.25,40.25,40.244998931884766,40.244998931884766,40.244998931884766,1573
2023-06-14 11:54:00-04:00,40.244998931884766,40.244998931884766,40.22999954223633,40.22999954223633,40.22999954223633,2091
2023-06-14 11:55:00-04:00,40.2400016784668,40.2599983215332,40.2400016784668,40.255001068115234,40.255001068115234,4630
2023-06-14 11:56:00-04:00,40.25,40.255001068115234,40.25,40.25090026855469,40.25090026855469,904
2023-06-14 11:57:00-04:00,40.2599983215332,40.27000045776367,40.2599983215332,40.27000045776367,40.27000045776367,2975
2023-06-14 11:58:00-04:00,40.26499938964844,40.26499938964844,40.2599983215332,40.26499938964844,40.26499938964844,1196
2023-06-14 11:59:00-04:00,40.26499938964844,40.279998779296875,40.2599983215332,40.279998779296875,40.279998779296875,7538
2023-06-14 12:00:00-04:00,40.275001525878906,40.279998779296875,40.27000045776367,40.27000045776367,40.27000045776367,979
2023-06-14 12:01:00-04:00,40.279998779296875,40.290000915527344,40.279998779296875,40.290000915527344,40.290000915527344,5264
2023-06-14 12:02:00-04:00,40.279998779296875,40.279998779296875,40.279998779296875,40.279998779296875,40.279998779296875,1304
2023-06-14 12:03:00-04:00,40.27000045776367,40.27000045776367,40.255001068115234,40.255001068115234,40.255001068115234,5631
2023-06-14 12:04:00-04:00,40.25,40.2599983215332,40.25,40.2599983215332,40.2599983215332,5005
2023-06-14 12:05:00-04:00,40.2599983215332,40.30500030517578,40.2599983215332,40.30500030517578,40.30500030517578,4610
2023-06-14 12:06:00-04:00,40.29999923706055,40.30500030517578,40.29999923706055,40.30500030517578,40.30500030517578,1703
2023-06-14 12:07:00-04:00,40.29999923706055,40.29999923706055,40.29499816894531,40.29999923706055,40.29999923706055,2033
2023-06-14 12:08:00-04:00,40.290000915527344,40.290000915527344,40.27000045776367,40.27000045776367,40.27000045776367,1787
2023-06-14 12:09:00-04:00,40.27000045776367,40.275001525878906,40.26499938964844,40.27000045776367,40.27000045776367,3411
2023-06-14 12:10:00-04:00,40.27000045776367,40.290000915527344,40.27000045776367,40.290000915527344,40.290000915527344,2722
2023-06-14 12:11:00-04:00,40.290000915527344,40.290000915527344,40.290000915527344,40.290000915527344,40.290000915527344,356
2023-06-14 12:12:00-04:00,40.290000915527344,40.290000915527344,40.27000045776367,40.279998779296875,40.279998779296875,5010
2023-06-14 12:13:00-04:00,40.275001525878906,40.275001525878906,40.27000045776367,40.27000045776367,40.27000045776367,598
2023-06-14 12:14:00-04:00,40.27000045776367,40.27000045776367,40.255001068115234,40.27000045776367,40.27000045776367,2325
2023-06-14 12:15:00-04:00,40.27000045776367,40.279998779296875,40.2599983215332,40.27000045776367,40.27000045776367,5936
2023-06-14 12:16:00-04:00,40.27000045776367,40.279998779296875,40.27000045776367,40.279998779296875,40.279998779296875,3092
2023-06-14 12:17:00-04:00,40.279998779296875,40.279998779296875,40.27000045776367,40.275001525878906,40.275001525878906,6431
2023-06-14 12:18:00-04:00,40.279998779296875,40.29499816894531,40.279998779296875,40.28499984741211,40.28499984741211,3382
2023-06-14 12:19:00-04:00,40.28499984741211,40.30500030517578,40.28499984741211,40.29999923706055,40.29999923706055,3017
2023-06-14 12:20:00-04:00,40.290000915527344,40.310001373291016,40.290000915527344,40.310001373291016,40.310001373291016,3726
2023-06-14 12:21:00-04:00,40.310001373291016,40.31999969482422,40.310001373291016,40.310001373291016,40.310001373291016,2096
2023-06-14 12:22:00-04:00,40.310001373291016,40.31999969482422,40.29999923706055,40.31999969482422,40.31999969482422,3093
2023-06-14 12:23:00-04:00,40.310001373291016,40.310001373291016,40.29499816894531,40.29999923706055,40.29999923706055,2935
2023-06-14 12:24:00-04:00,40.29999923706055,40.310001373291016,40.29999923706055,40.29999923706055,40.29999923706055,4304
2023-06-14 12:25:00-04:00,40.29999923706055,40.29999923706055,40.27000045776367,40.279998779296875,40.279998779296875,4113
2023-06-14 12:26:00-04:00,40.279998779296875,40.290000915527344,40.279998779296875,40.290000915527344,40.290000915527344,311
2023-06-14 12:27:00-04:00,40.290000915527344,40.29999923706055,40.290000915527344,40.290000915527344,40.290000915527344,3978
2023-06-14 12:28:00-04:00,40.290000915527344,40.310001373291016,40.28499984741211,40.29499816894531,40.29499816894531,3664
2023-06-14 12:29:00-04:00,40.290000915527344,40.29499816894531,40.290000915527344,40.29499816894531,40.29499816894531,1069
2023-06-14 12:30:00-04:00,40.29999923706055,40.29999923706055,40.290000915527344,40.290000915527344,40.290000915527344,1621
2023-06-14 12:31:00-04:00,40.290000915527344,40.29999923706055,40.290000915527344,40.29999923706055,40.29999923706055,3410
2023-06-14 12:32:00-04:00,40.290000915527344,40.29010009765625,40.28499984741211,40.28499984741211,40.28499984741211,2163
2023-06-14 12:33:00-04:00,40.28499984741211,40.28879928588867,40.270999908447266,40.28879928588867,40.28879928588867,3948
2023-06-14 12:34:00-04:00,40.28499984741211,40.290000915527344,40.28499984741211,40.290000915527344,40.290000915527344,2714
2023-06-14 12:35:00-04:00,40.29499816894531,40.29499816894531,40.279998779296875,40.279998779296875,40.279998779296875,1984
2023-06-14 12:36:00-04:00,40.279998779296875,40.279998779296875,40.279998779296875,40.279998779296875,40.279998779296875,855
2023-06-14 12:37:00-04:00,40.27000045776367,40.279998779296875,40.25,40.25,40.25,5716
2023-06-14 12:38:00-04:00,40.25,40.26499938964844,40.25,40.25,40.25,5334
2023-06-14 12:39:00-04:00,40.25,40.25,40.2400016784668,40.2400016784668,40.2400016784668,2770
2023-06-14 12:40:00-04:00,40.23500061035156,40.25,40.22999954223633,40.25,40.25,6705
2023-06-14 12:41:00-04:00,40.2599983215332,40.27000045776367,40.2400016784668,40.25640106201172,40.25640106201172,3346
2023-06-14 12:42:00-04:00,40.2599983215332,40.2599983215332,40.25,40.25,40.25,2904
2023-06-14 12:43:00-04:00,40.25,40.255001068115234,40.2400016784668,40.255001068115234,40.255001068115234,2639
2023-06-14 12:44:00-04:00,40.25,40.2599983215332,40.25,40.255001068115234,40.255001068115234,2232
2023-06-14 12:45:00-04:00,40.2599983215332,40.2599983215332,40.25,40.255001068115234,40.255001068115234,3640
2023-06-14 12:46:00-04:00,40.2599983215332,40.2599983215332,40.2599983215332,40.2599983215332,40.2599983215332,823
2023-06-14 12:47:00-04:00,40.26449966430664,40.27000045776367,40.2599983215332,40.27000045776367,40.27000045776367,5419
2023-06-14 12:48:00-04:00,40.27000045776367,40.27000045776367,40.26499938964844,40.27000045776367,40.27000045776367,1332
2023-06-14 12:49:00-04:00,40.2599983215332,40.2599983215332,40.23500061035156,40.25,40.25,9256
2023-06-14 12:50:00-04:00,40.25,40.26499938964844,40.25,40.26499938964844,40.26499938964844,1387
2023-06-14 12:51:00-04:00,40.2599983215332,40.2599983215332,40.2599983215332,40.2599983215332,40.2599983215332,558
2023-06-14 12:52:00-04:00,40.27000045776367,40.27000045776367,40.25,40.25,40.25,3647
2023-06-14 12:53:00-04:00,40.24100112915039,40.25,40.2400016784668,40.25,40.25,3350
2023-06-14 12:54:00-04:00,40.255001068115234,40.255001068115234,40.25,40.25,40.25,1589
2023-06-14 12:55:00-04:00,40.244998931884766,40.244998931884766,40.220001220703125,40.220001220703125,40.220001220703125,4150
2023-06-14 12:56:00-04:00,40.22999954223633,40.24359893798828,40.22999954223633,40.24359893798828,40.24359893798828,1468
2023-06-14 12:57:00-04:00,40.25,40.255001068115234,40.2400016784668,40.255001068115234,40.255001068115234,4259
2023-06-14 12:58:00-04:00,40.25,40.25,40.23249816894531,40.23249816894531,40.23249816894531,3218
2023-06-14 12:59:00-04:00,40.22999954223633,40.25,40.22999954223633,40.25,40.25,1486
2023-06-14 13:00:00-04:00,40.2400016784668,40.2400016784668,40.220001220703125,40.22999954223633,40.22999954223633,10984
2023-06-14 13:01:00-04:00,40.2400016784668,40.25,40.2400016784668,40.244998931884766,40.244998931884766,5974
2023-06-14 13:02:00-04:00,40.2400016784668,40.2400016784668,40.23500061035156,40.23500061035156,40.23500061035156,2052
2023-06-14 13:03:00-04:00,40.22999954223633,40.24399948120117,40.22999954223633,40.24399948120117,40.24399948120117,3319
2023-06-14 13:04:00-04:00,40.255001068115234,40.26499938964844,40.255001068115234,40.26499938964844,40.26499938964844,1419
2023-06-14 13:05:00-04:00,40.26499938964844,40.26499938964844,40.2400016784668,40.2400016784668,40.2400016784668,3124
2023-06-14 13:06:00-04:00,40.244998931884766,40.2599983215332,40.244998931884766,40.25920104980469,40.25920104980469,2902
2023-06-14 13:07:00-04:00,40.2599983215332,40.275001525878906,40.2599983215332,40.27000045776367,40.27000045776367,1962
2023-06-14 13:08:00-04:00,40.275001525878906,40.31999969482422,40.275001525878906,40.314998626708984,40.314998626708984,13723
2023-06-14 13:09:00-04:00,40.31999969482422,40.32500076293945,40.29499816894531,40.30500030517578,40.30500030517578,8088
2023-06-14 13:10:00-04:00,40.30500030517578,40.30500030517578,40.29999923706055,40.29999923706055,40.29999923706055,5684
2023-06-14 13:11:00-04:00,40.29499816894531,40.29499816894531,40.26499938964844,40.27000045776367,40.27000045776367,2176
2023-06-14 13:12:00-04:00,40.279998779296875,40.30500030517578,40.279998779296875,40.29499816894531,40.29499816894531,3763
2023-06-14 13:13:00-04:00,40.29999923706055,40.310001373291016,40.279998779296875,40.310001373291016,40.310001373291016,508158
2023-06-14 13:14:00-04:00,40.33000183105469,40.334999084472656,40.31999969482422,40.31999969482422,40.31999969482422,3177
2023-06-14 13:15:00-04:00,40.31999969482422,40.32500076293945,40.310001373291016,40.31999969482422,40.31999969482422,4990
2023-06-14 13:16:00-04:00,40.31999969482422,40.334999084472656,40.31999969482422,40.33340072631836,40.33340072631836,5175
2023-06-14 13:17:00-04:00,40.33000183105469,40.33000183105469,40.310001373291016,40.31999969482422,40.31999969482422,4477
2023-06-14 13:18:00-04:00,40.310001373291016,40.310001373291016,40.290000915527344,40.29999923706055,40.29999923706055,2974
2023-06-14 13:19:00-04:00,40.290000915527344,40.29999923706055,40.290000915527344,40.290000915527344,40.290000915527344,2365
2023-06-14 13:20:00-04:00,40.290000915527344,40.290000915527344,40.244998931884766,40.244998931884766,40.244998931884766,6526
2023-06-14 13:21:00-04:00,40.255001068115234,40.2599983215332,40.25,40.2599983215332,40.2599983215332,1191
2023-06-14 13:22:00-04:00,40.25,40.25,40.22999954223633,40.22999954223633,40.22999954223633,2044
2023-06-14 13:23:00-04:00,40.22999954223633,40.23500061035156,40.209999084472656,40.23500061035156,40.23500061035156,5286
2023-06-14 13:24:00-04:00,40.23500061035156,40.23500061035156,40.23500061035156,40.23500061035156,40.23500061035156,1140
2023-06-14 13:25:00-04:00,40.2400016784668,40.25,40.220001220703125,40.25,40.25,11037
2023-06-14 13:26:00-04:00,40.2400016784668,40.244998931884766,40.2400016784668,40.244998931884766,40.244998931884766,1541
2023-06-14 13:27:00-04:00,40.24480056762695,40.2599983215332,40.24480056762695,40.2599983215332,40.2599983215332,2136
2023-06-14 13:28:00-04:00,40.25,40.25,40.2400016784668,40.2400016784668,40.2400016784668,3863
2023-06-14 13:29:00-04:00,40.2400016784668,40.24620056152344,40.209999084472656,40.209999084472656,40.209999084472656,2377
2023-06-14 13:30:00-04:00,40.209999084472656,40.209999084472656,40.20000076293945,40.20000076293945,40.20000076293945,1701
2023-06-14 13:31:00-04:00,40.20000076293945,40.20000076293945,40.15999984741211,40.15999984741211,40.15999984741211,3708
2023-06-14 13:32:00-04:00,40.16999816894531,40.18000030517578,40.15999984741211,40.165000915527344,40.165000915527344,18993
2023-06-14 13:33:00-04:00,40.165000915527344,40.16999816894531,40.15999984741211,40.15999984741211,40.15999984741211,5786
2023-06-14 13:34:00-04:00,40.15999984741211,40.15999984741211,40.14500045776367,40.150001525878906,40.150001525878906,8598
2023-06-14 13:35:00-04:00,40.150001525878906,40.150001525878906,40.1349983215332,40.150001525878906,40.150001525878906,3140
2023-06-14 13:36:00-04:00,40.13999938964844,40.150001525878906,40.13999938964844,40.13999938964844,40.13999938964844,11435
2023-06-14 13:37:00-04:00,40.13999938964844,40.150001525878906,40.130001068115234,40.130001068115234,40.130001068115234,11993
2023-06-14 13:38:00-04:00,40.130001068115234,40.154998779296875,40.119998931884766,40.154998779296875,40.154998779296875,15964
2023-06-14 13:39:00-04:00,40.15999984741211,40.1870002746582,40.154998779296875,40.1870002746582,40.1870002746582,8907
2023-06-14 13:40:00-04:00,40.189998626708984,40.20000076293945,40.185001373291016,40.20000076293945,40.20000076293945,2409
2023-06-14 13:41:00-04:00,40.20000076293945,40.20000076293945,40.16999816894531,40.16999816894531,40.16999816894531,5403
2023-06-14 13:42:00-04:00,40.18000030517578,40.20000076293945,40.18000030517578,40.189998626708984,40.189998626708984,4333
2023-06-14 13:43:00-04:00,40.19499969482422,40.20000076293945,40.18000030517578,40.18000030517578,40.18000030517578,1720
2023-06-14 13:44:00-04:00,40.18000030517578,40.18000030517578,40.16999816894531,40.16999816894531,40.16999816894531,4661
2023-06-14 13:45:00-04:00,40.18000030517578,40.18000030517578,40.165000915527344,40.16999816894531,40.16999816894531,9607
2023-06-14 13:46:00-04:00,40.16999816894531,40.16999816894531,40.150001525878906,40.150001525878906,40.150001525878906,4823
2023-06-14 13:47:00-04:00,40.14500045776367,40.150001525878906,40.130001068115234,40.130001068115234,40.130001068115234,1538
2023-06-14 13:48:00-04:00,40.130001068115234,40.150001525878906,40.130001068115234,40.150001525878906,40.150001525878906,5791
2023-06-14 13:49:00-04:00,40.14690017700195,40.14899826049805,40.14690017700195,40.14899826049805,40.14899826049805,598
2023-06-14 13:50:00-04:00,40.13999938964844,40.14500045776367,40.13999938964844,40.13999938964844,40.13999938964844,3367
2023-06-14 13:51:00-04:00,40.14500045776367,40.150001525878906,40.130001068115234,40.130001068115234,40.130001068115234,2525
2023-06-14 13:52:00-04:00,40.125,40.130001068115234,40.119998931884766,40.119998931884766,40.119998931884766,1808
2023-06-14 13:53:00-04:00,40.119998931884766,40.130001068115234,40.11000061035156,40.130001068115234,40.130001068115234,5758
2023-06-14 13:54:00-04:00,40.130001068115234,40.1599006652832,40.130001068115234,40.1599006652832,40.1599006652832,4382
2023-06-14 13:55:00-04:00,40.150001525878906,40.150001525878906,40.130001068115234,40.130001068115234,40.130001068115234,3077
2023-06-14 13:56:00-04:00,40.130001068115234,40.13999938964844,40.130001068115234,40.13999938964844,40.13999938964844,2622
2023-06-14 13:57:00-04:00,40.14500045776367,40.15999984741211,40.14500045776367,40.15999984741211,40.15999984741211,2603
2023-06-14 13:58:00-04:00,40.15999984741211,40.16999816894531,40.15999984741211,40.16999816894531,40.16999816894531,4906
2023-06-14 13:59:00-04:00,40.15999984741211,40.15999984741211,40.13999938964844,40.150001525878906,40.150001525878906,8551
2023-06-14 14:00:00-04:00,40.150001525878906,40.150001525878906,40.08000183105469,40.08000183105469,40.08000183105469,30880
2023-06-14 14:01:00-04:00,40.08000183105469,40.09000015258789,40.02000045776367,40.09000015258789,40.09000015258789,17105
2023-06-14 14:02:00-04:00,40.09000015258789,40.09000015258789,40.02000045776367,40.02000045776367,40.02000045776367,12117
2023-06-14 14:03:00-04:00,40.02000045776367,40.029998779296875,39.97999954223633,40.0099983215332,40.0099983215332,9832
2023-06-14 14:04:00-04:00,40.0099983215332,40.04999923706055,40.0099983215332,40.040000915527344,40.040000915527344,4746
2023-06-14 14:05:00-04:00,40.029998779296875,40.029998779296875,39.970001220703125,39.970001220703125,39.970001220703125,5680
2023-06-14 14:06:00-04:00,39.959999084472656,39.959999084472656,39.939998626708984,39.939998626708984,39.939998626708984,5026
2023-06-14 14:07:00-04:00,39.939998626708984,39.939998626708984,39.900001525878906,39.91999816894531,39.91999816894531,23774
2023-06-14 14:08:00-04:00,39.91999816894531,39.970001220703125,39.900001525878906,39.970001220703125,39.970001220703125,10387
2023-06-14 14:09:00-04:00,39.959999084472656,39.97999954223633,39.939998626708984,39.970001220703125,39.970001220703125,10130
2023-06-14 14:10:00-04:00,39.97999954223633,39.9900016784668,39.939998626708984,39.970001220703125,39.970001220703125,12517
2023-06-14 14:11:00-04:00,39.970001220703125,39.97999954223633,39.90999984741211,39.91999816894531,39.91999816894531,10738
2023-06-14 14:12:00-04:00,39.90999984741211,39.90999984741211,39.849998474121094,39.869998931884766,39.869998931884766,13317
2023-06-14 14:13:00-04:00,39.880001068115234,39.92499923706055,39.86000061035156,39.92499923706055,39.92499923706055,18584
2023-06-14 14:14:00-04:00,39.91999816894531,39.93000030517578,39.90999984741211,39.91999816894531,39.91999816894531,7259
2023-06-14 14:15:00-04:00,39.91999816894531,39.959999084472656,39.904998779296875,39.95500183105469,39.95500183105469,15378
2023-06-14 14:16:00-04:00,39.95000076293945,39.95000076293945,39.93000030517578,39.93000030517578,39.93000030517578,7507
2023-06-14 14:17:00-04:00,39.91999816894531,39.959999084472656,39.90999984741211,39.959999084472656,39.959999084472656,10456
2023-06-14 14:18:00-04:00,39.970001220703125,39.970001220703125,39.95000076293945,39.959999084472656,39.959999084472656,10506
2023-06-14 14:19:00-04:00,39.959999084472656,39.97999954223633,39.95000076293945,39.97999954223633,39.97999954223633,17719
2023-06-14 14:20:00-04:00,39.974998474121094,39.98500061035156,39.95000076293945,39.95000076293945,39.95000076293945,6662
2023-06-14 14:21:00-04:00,39.94499969482422,39.970001220703125,39.91999816894531,39.970001220703125,39.970001220703125,13837
2023-06-14 14:22:00-04:00,39.959999084472656,39.959999084472656,39.915000915527344,39.93000030517578,39.93000030517578,25604
2023-06-14 14:23:00-04:00,39.939998626708984,39.95000076293945,39.935001373291016,39.939998626708984,39.939998626708984,10847
2023-06-14 14:24:00-04:00,39.94499969482422,39.95000076293945,39.92499923706055,39.95000076293945,39.95000076293945,9284
2023-06-14 14:25:00-04:00,39.95000076293945,39.959999084472656,39.939998626708984,39.959999084472656,39.959999084472656,2786
2023-06-14 14:26:00-04:00,39.959999084472656,40.029998779296875,39.959999084472656,40.029998779296875,40.029998779296875,5587
2023-06-14 14:27:00-04:00,40.025001525878906,40.03499984741211,40.01499938964844,40.0172004699707,40.0172004699707,4722
2023-06-14 14:28:00-04:00,40.0099983215332,40.019100189208984,39.9900016784668,40.0099983215332,40.0099983215332,12696
2023-06-14 14:29:00-04:00,40.02000045776367,40.04499816894531,40.02000045776367,40.040000915527344,40.040000915527344,2824
2023-06-14 14:30:00-04:00,40.040000915527344,40.04999923706055,40.02000045776367,40.040000915527344,40.040000915527344,11495
2023-06-14 14:31:00-04:00,40.04999923706055,40.060001373291016,40.029998779296875,40.040000915527344,40.040000915527344,13451
2023-06-14 14:32:00-04:00,40.03499984741211,40.08000183105469,40.029998779296875,40.07500076293945,40.07500076293945,16779
2023-06-14 14:33:00-04:00,40.06999969482422,40.11000061035156,40.060001373291016,40.08000183105469,40.08000183105469,9701
2023-06-14 14:34:00-04:00,40.06999969482422,40.08000183105469,40.060001373291016,40.07709884643555,40.07709884643555,9094
2023-06-14 14:35:00-04:00,40.08000183105469,40.119998931884766,40.07500076293945,40.099998474121094,40.099998474121094,20352
2023-06-14 14:36:00-04:00,40.11000061035156,40.119998931884766,40.084999084472656,40.11000061035156,40.11000061035156,8755
2023-06-14 14:37:00-04:00,40.119998931884766,40.13999938964844,40.06999969482422,40.08000183105469,40.08000183105469,14484
2023-06-14 14:38:00-04:00,40.06999969482422,40.11000061035156,40.064998626708984,40.08000183105469,40.08000183105469,11496
2023-06-14 14:39:00-04:00,40.08000183105469,40.08000183105469,40.04999923706055,40.060001373291016,40.060001373291016,9714
2023-06-14 14:40:00-04:00,40.060001373291016,40.10499954223633,40.060001373291016,40.10499954223633,40.10499954223633,8945
2023-06-14 14:41:00-04:00,40.099998474121094,40.16999816894531,40.099998474121094,40.15999984741211,40.15999984741211,25332
2023-06-14 14:42:00-04:00,40.154998779296875,40.189998626708984,40.150001525878906,40.154998779296875,40.154998779296875,15418
2023-06-14 14:43:00-04:00,40.1349983215332,40.17499923706055,40.1349983215332,40.15999984741211,40.15999984741211,5680
2023-06-14 14:44:00-04:00,40.165000915527344,40.20500183105469,40.165000915527344,40.185001373291016,40.185001373291016,13635
2023-06-14 14:45:00-04:00,40.189998626708984,40.20500183105469,40.16999816894531,40.189998626708984,40.189998626708984,25625
2023-06-14 14:46:00-04:00,40.185001373291016,40.20000076293945,40.15999984741211,40.189998626708984,40.189998626708984,9595
2023-06-14 14:47:00-04:00,40.189998626708984,40.19499969482422,40.15999984741211,40.18000030517578,40.18000030517578,14987
2023-06-14 14:48:00-04:00,40.189998626708984,40.22999954223633,40.189998626708984,40.200401306152344,40.200401306152344,10692
2023-06-14 14:49:00-04:00,40.209999084472656,40.224998474121094,40.18000030517578,40.185001373291016,40.185001373291016,7120
2023-06-14 14:50:00-04:00,40.189998626708984,40.20500183105469,40.18000030517578,40.189998626708984,40.189998626708984,14630
2023-06-14 14:51:00-04:00,40.19499969482422,40.20000076293945,40.18000030517578,40.189998626708984,40.189998626708984,15074
2023-06-14 14:52:00-04:00,40.20000076293945,40.20989990234375,40.18000030517578,40.189998626708984,40.189998626708984,7425
2023-06-14 14:53:00-04:00,40.189998626708984,40.209999084472656,40.18000030517578,40.209999084472656,40.209999084472656,17834
2023-06-14 14:54:00-04:00,40.220001220703125,40.2400016784668,40.220001220703125,40.22999954223633,40.22999954223633,5317
2023-06-14 14:55:00-04:00,40.220001220703125,40.25,40.209999084472656,40.2400016784668,40.2400016784668,14318
2023-06-14 14:56:00-04:00,40.244998931884766,40.26499938964844,40.244998931884766,40.25,40.25,6182
2023-06-14 14:57:00-04:00,40.220001220703125,40.220001220703125,40.220001220703125,40.220001220703125,40.220001220703125,8734
2023-06-14 14:58:00-04:00,40.220001220703125,40.220001220703125,40.179901123046875,40.20000076293945,40.20000076293945,19736
2023-06-14 14:59:00-04:00,40.209999084472656,40.21500015258789,40.18000030517578,40.21500015258789,40.21500015258789,21762
2023-06-14 15:00:00-04:00,40.21500015258789,40.2400016784668,40.209999084472656,40.2400016784668,40.2400016784668,8330
2023-06-14 15:01:00-04:00,40.2400016784668,40.25,40.209999084472656,40.220001220703125,40.220001220703125,7564
2023-06-14 15:02:00-04:00,40.22999954223633,40.2400016784668,40.22999954223633,40.22999954223633,40.22999954223633,3853
2023-06-14 15:03:00-04:00,40.22999954223633,40.2400016784668,40.20000076293945,40.2400016784668,40.2400016784668,7875
2023-06-14 15:04:00-04:00,40.2400016784668,40.26499938964844,40.2400016784668,40.2599983215332,40.2599983215332,4545
2023-06-14 15:05:00-04:00,40.255001068115234,40.290000915527344,40.255001068115234,40.275001525878906,40.275001525878906,6465
2023-06-14 15:06:00-04:00,40.279998779296875,40.29999923706055,40.275001525878906,40.290000915527344,40.290000915527344,10859
2023-06-14 15:07:00-04:00,40.29999923706055,40.310001373291016,40.27000045776367,40.29999923706055,40.29999923706055,24126
2023-06-14 15:08:00-04:00,40.290000915527344,40.290000915527344,40.25,40.26499938964844,40.26499938964844,7222
2023-06-14 15:09:00-04:00,40.2599983215332,40.279998779296875,40.2599983215332,40.26499938964844,40.26499938964844,8223
2023-06-14 15:10:00-04:00,40.27000045776367,40.279998779296875,40.22999954223633,40.2400016784668,40.2400016784668,13601
2023-06-14 15:11:00-04:00,40.2400016784668,40.290000915527344,40.23500061035156,40.255001068115234,40.255001068115234,7850
2023-06-14 15:12:00-04:00,40.2599983215332,40.26499938964844,40.244998931884766,40.2599983215332,40.2599983215332,5389
2023-06-14 15:13:00-04:00,40.255001068115234,40.2599983215332,40.2400016784668,40.2400016784668,40.2400016784668,6764
2023-06-14 15:14:00-04:00,40.2400016784668,40.2400016784668,40.220001220703125,40.220001220703125,40.220001220703125,11043
2023-06-14 15:15:00-04:00,40.220001220703125,40.22999954223633,40.20000076293945,40.209999084472656,40.209999084472656,9756
2023-06-14 15:16:00-04:00,40.20000076293945,40.21500015258789,40.18000030517578,40.209999084472656,40.209999084472656,22118
2023-06-14 15:17:00-04:00,40.209999084472656,40.209999084472656,40.189998626708984,40.189998626708984,40.189998626708984,3203
2023-06-14 15:18:00-04:00,40.189998626708984,40.2400016784668,40.189998626708984,40.2400016784668,40.2400016784668,8001
2023-06-14 15:19:00-04:00,40.2400016784668,40.2400016784668,40.220001220703125,40.220001220703125,40.220001220703125,5456
2023-06-14 15:20:00-04:00,40.209999084472656,40.224998474121094,40.19499969482422,40.224998474121094,40.224998474121094,5283
2023-06-14 15:21:00-04:00,40.22999954223633,40.25,40.22999954223633,40.25,40.25,3600
2023-06-14 15:22:00-04:00,40.2400016784668,40.25870132446289,40.2400016784668,40.25,40.25,5999
2023-06-14 15:23:00-04:00,40.244998931884766,40.2599983215332,40.2400016784668,40.25,40.25,6259
2023-06-14 15:24:00-04:00,40.2599983215332,40.2599983215332,40.212501525878906,40.212501525878906,40.212501525878906,4524
2023-06-14 15:25:00-04:00,40.220001220703125,40.2599983215332,40.220001220703125,40.2599983215332,40.2599983215332,5251
2023-06-14 15:26:00-04:00,40.2599983215332,40.2599983215332,40.25,40.2599983215332,40.2599983215332,5558
2023-06-14 15:27:00-04:00,40.255001068115234,40.27000045776367,40.255001068115234,40.27000045776367,40.27000045776367,5441
2023-06-14 15:28:00-04:00,40.2599983215332,40.26499938964844,40.25,40.2599983215332,40.2599983215332,5228
2023-06-14 15:29:00-04:00,40.2599983215332,40.2599983215332,40.22999954223633,40.22999954223633,40.22999954223633,4502
2023-06-14 15:30:00-04:00,40.229000091552734,40.22999954223633,40.20500183105469,40.209999084472656,40.209999084472656,7344
2023-06-14 15:31:00-04:00,40.209999084472656,40.209999084472656,40.20000076293945,40.202999114990234,40.202999114990234,10440
2023-06-14 15:32:00-04:00,40.209999084472656,40.220001220703125,40.20000076293945,40.20000076293945,40.20000076293945,8118
2023-06-14 15:33:00-04:00,40.20500183105469,40.25,40.20000076293945,40.22999954223633,40.22999954223633,17515
2023-06-14 15:34:00-04:00,40.22999954223633,40.23500061035156,40.209999084472656,40.21500015258789,40.21500015258789,6097
2023-06-14 15:35:00-04:00,40.21500015258789,40.220001220703125,40.19499969482422,40.209999084472656,40.209999084472656,12987
2023-06-14 15:36:00-04:00,40.209999084472656,40.209999084472656,40.189998626708984,40.20000076293945,40.20000076293945,4065
2023-06-14 15:37:00-04:00,40.20000076293945,40.22999954223633,40.20000076293945,40.22999954223633,40.22999954223633,8501
2023-06-14 15:38:00-04:00,40.22999954223633,40.22999954223633,40.21500015258789,40.21500015258789,40.21500015258789,10740
2023-06-14 15:39:00-04:00,40.209999084472656,40.22999954223633,40.20500183105469,40.224998474121094,40.224998474121094,6863
2023-06-14 15:40:00-04:00,40.23500061035156,40.2400016784668,40.220001220703125,40.220001220703125,40.220001220703125,7074
2023-06-14 15:41:00-04:00,40.209999084472656,40.21870040893555,40.189998626708984,40.189998626708984,40.189998626708984,5077
2023-06-14 15:42:00-04:00,40.189998626708984,40.20500183105469,40.18000030517578,40.185001373291016,40.185001373291016,36814
2023-06-14 15:43:00-04:00,40.185001373291016,40.185001373291016,40.16999816894531,40.18000030517578,40.18000030517578,6355
2023-06-14 15:44:00-04:00,40.189998626708984,40.20500183105469,40.18000030517578,40.189998626708984,40.189998626708984,23601
2023-06-14 15:45:00-04:00,40.20000076293945,40.20000076293945,40.16999816894531,40.18000030517578,40.18000030517578,27948
2023-06-14 15:46:00-04:00,40.18000030517578,40.18000030517578,40.150001525878906,40.165000915527344,40.165000915527344,49599
2023-06-14 15:47:00-04:00,40.15999984741211,40.16999816894531,40.11360168457031,40.150001525878906,40.150001525878906,35937
2023-06-14 15:48:00-04:00,40.143699645996094,40.150001525878906,40.11000061035156,40.1349983215332,40.1349983215332,30697
2023-06-14 15:49:00-04:00,40.1349983215332,40.150001525878906,40.125,40.150001525878906,40.150001525878906,63853
2023-06-14 15:50:00-04:00,40.13999938964844,40.15999984741211,40.08000183105469,40.14500045776367,40.14500045776367,98706
2023-06-14 15:51:00-04:00,40.14500045776367,40.15999984741211,40.11000061035156,40.150001525878906,40.150001525878906,128021
2023-06-14 15:52:00-04:00,40.150001525878906,40.165000915527344,40.13999938964844,40.165000915527344,40.165000915527344,25374
2023-06-14 15:53:00-04:00,40.15999984741211,40.15999984741211,40.13999938964844,40.13999938964844,40.13999938964844,33658
2023-06-14 15:54:00-04:00,40.1349983215332,40.13999938964844,40.08000183105469,40.10499954223633,40.10499954223633,82565
2023-06-14 15:55:00-04:00,40.11000061035156,40.13999938964844,40.099998474121094,40.119998931884766,40.119998931884766,68426
2023-06-14 15:56:00-04:00,40.119998931884766,40.150001525878906,40.11000061035156,40.1349983215332,40.1349983215332,60760
2023-06-14 15:57:00-04:00,40.1349983215332,40.13999938964844,40.1150016784668,40.125,40.125,69398
2023-06-14 15:58:00-04:00,40.130001068115234,40.13999938964844,40.125,40.130001068115234,40.130001068115234,45848
2023-06-14 15:59:00-04:00,40.13999938964844,40.150001525878906,40.119998931884766,40.150001525878906,40.150001525878906,147882
