Date,Open,High,Low,Close,Adj Close,Volume
2023-07-20 09:30:00-04:00,132.25999450683594,132.25999450683594,131.6999969482422,131.8000030517578,131.8000030517578,34158
2023-07-20 09:31:00-04:00,131.89999389648438,131.94000244140625,131.3800048828125,131.38999938964844,131.38999938964844,5620
2023-07-20 09:32:00-04:00,131.39999389648438,131.9113006591797,131.13999938964844,131.32000732421875,131.32000732421875,16106
2023-07-20 09:33:00-04:00,131.44000244140625,131.97000122070312,131.3699951171875,131.7550048828125,131.7550048828125,7591
2023-07-20 09:34:00-04:00,131.77499389648438,132.02000427246094,131.75,131.77999877929688,131.77999877929688,6716
2023-07-20 09:35:00-04:00,131.77000427246094,131.88499450683594,131.52000427246094,131.58299255371094,131.58299255371094,8011
2023-07-20 09:36:00-04:00,131.625,132.05999755859375,131.625,131.88999938964844,131.88999938964844,5932
2023-07-20 09:37:00-04:00,131.86500549316406,132.02999877929688,131.86500549316406,132.0,132.0,3713
2023-07-20 09:38:00-04:00,131.89999389648438,132.1699981689453,131.80999755859375,131.8300018310547,131.8300018310547,3802
2023-07-20 09:39:00-04:00,132.1199951171875,132.29190063476562,132.05999755859375,132.0800018310547,132.0800018310547,7905
2023-07-20 09:40:00-04:00,131.9499969482422,132.11990356445312,131.75,132.02999877929688,132.02999877929688,7480
2023-07-20 09:41:00-04:00,131.99000549316406,132.24000549316406,131.82000732421875,132.125,132.125,15056
2023-07-20 09:42:00-04:00,132.22000122070312,132.50999450683594,132.0800018310547,132.3000030517578,132.3000030517578,7643
2023-07-20 09:43:00-04:00,132.55999755859375,132.58999633789062,131.88999938964844,132.00999450683594,132.00999450683594,14001
2023-07-20 09:44:00-04:00,132.00999450683594,132.33999633789062,131.92140197753906,132.2100067138672,132.2100067138672,21374
2023-07-20 09:45:00-04:00,132.19500732421875,132.4600067138672,132.0500030517578,132.05499267578125,132.05499267578125,16889
2023-07-20 09:46:00-04:00,132.1300048828125,132.33999633789062,132.1300048828125,132.22999572753906,132.22999572753906,9692
2023-07-20 09:47:00-04:00,132.3699951171875,132.72999572753906,132.32000732421875,132.72999572753906,132.72999572753906,8666
2023-07-20 09:48:00-04:00,132.72999572753906,132.88999938964844,132.60000610351562,132.6199951171875,132.6199951171875,27719
2023-07-20 09:49:00-04:00,132.63999938964844,133.0,132.63999938964844,132.99000549316406,132.99000549316406,6153
2023-07-20 09:50:00-04:00,133.03500366210938,133.03500366210938,132.80999755859375,132.80999755859375,132.80999755859375,7225
2023-07-20 09:51:00-04:00,132.72000122070312,133.0,132.52000427246094,132.8800048828125,132.8800048828125,10371
2023-07-20 09:52:00-04:00,132.90499877929688,132.90499877929688,132.6199951171875,132.75,132.75,3668
2023-07-20 09:53:00-04:00,132.76499938964844,133.0,132.67999267578125,132.77000427246094,132.77000427246094,28884
2023-07-20 09:54:00-04:00,132.76499938964844,132.76499938964844,132.52000427246094,132.6199951171875,132.6199951171875,12671
2023-07-20 09:55:00-04:00,132.6199951171875,132.875,132.6199951171875,132.8000030517578,132.8000030517578,6783
2023-07-20 09:56:00-04:00,132.8000030517578,132.92999267578125,132.61000061035156,132.8699951171875,132.8699951171875,12429
2023-07-20 09:57:00-04:00,132.88999938964844,133.0500030517578,132.875,133.00999450683594,133.00999450683594,11947
2023-07-20 09:58:00-04:00,132.9600067138672,132.9600067138672,132.74000549316406,132.8350067138672,132.8350067138672,8891
2023-07-20 09:59:00-04:00,132.82000732421875,133.0500030517578,132.75999450683594,132.9600067138672,132.9600067138672,13327
2023-07-20 10:00:00-04:00,133.0500030517578,133.08999633789062,132.92999267578125,132.92999267578125,132.92999267578125,6052
2023-07-20 10:01:00-04:00,132.9199981689453,133.0500030517578,132.75,132.94000244140625,132.94000244140625,15843
2023-07-20 10:02:00-04:00,132.9499969482422,132.97999572753906,132.84500122070312,132.84500122070312,132.84500122070312,7634
2023-07-20 10:03:00-04:00,132.83999633789062,133.0,132.8000030517578,133.0,133.0,9731
2023-07-20 10:04:00-04:00,132.92999267578125,133.0399932861328,132.72999572753906,132.86000061035156,132.86000061035156,16016
2023-07-20 10:05:00-04:00,132.8800048828125,133.0,132.67999267578125,132.88999938964844,132.88999938964844,17139
2023-07-20 10:06:00-04:00,132.9600067138672,132.9600067138672,132.85499572753906,132.9600067138672,132.9600067138672,5632
2023-07-20 10:07:00-04:00,133.0,133.1199951171875,133.0,133.0865936279297,133.0865936279297,4312
2023-07-20 10:08:00-04:00,133.1300048828125,133.1300048828125,132.9499969482422,132.9499969482422,132.9499969482422,2412
2023-07-20 10:09:00-04:00,132.97000122070312,133.08999633789062,132.72999572753906,133.02000427246094,133.02000427246094,23723
2023-07-20 10:10:00-04:00,133.00999450683594,133.00999450683594,132.67999267578125,132.67999267578125,132.67999267578125,6245
2023-07-20 10:11:00-04:00,132.67999267578125,132.86000061035156,132.67999267578125,132.67999267578125,132.67999267578125,7826
2023-07-20 10:12:00-04:00,132.8699951171875,132.94000244140625,132.8000030517578,132.89500427246094,132.89500427246094,12095
2023-07-20 10:13:00-04:00,132.92999267578125,132.94000244140625,132.72000122070312,132.82000732421875,132.82000732421875,12813
2023-07-20 10:14:00-04:00,132.72000122070312,132.97999572753906,132.72000122070312,132.83999633789062,132.83999633789062,16344
2023-07-20 10:15:00-04:00,132.77999877929688,133.0,132.72000122070312,132.9499969482422,132.9499969482422,17877
2023-07-20 10:16:00-04:00,132.8300018310547,132.8300018310547,132.63999938964844,132.6699981689453,132.6699981689453,13617
2023-07-20 10:17:00-04:00,132.6999969482422,132.7899932861328,132.58999633789062,132.7100067138672,132.7100067138672,9847
2023-07-20 10:18:00-04:00,132.58999633789062,132.77999877929688,132.5500030517578,132.55999755859375,132.55999755859375,31877
2023-07-20 10:19:00-04:00,132.56500244140625,132.64999389648438,132.5500030517578,132.5800018310547,132.5800018310547,10814
2023-07-20 10:20:00-04:00,132.6300048828125,132.63999938964844,132.47999572753906,132.60499572753906,132.60499572753906,28592
2023-07-20 10:21:00-04:00,132.5,132.5399932861328,132.3800048828125,132.42999267578125,132.42999267578125,18708
2023-07-20 10:22:00-04:00,132.3800048828125,132.75999450683594,132.36000061035156,132.74000549316406,132.74000549316406,19876
2023-07-20 10:23:00-04:00,132.64999389648438,132.8300018310547,132.5749969482422,132.77000427246094,132.77000427246094,52294
2023-07-20 10:24:00-04:00,132.75999450683594,132.9499969482422,132.72999572753906,132.8249969482422,132.8249969482422,114405
2023-07-20 10:25:00-04:00,132.7801971435547,132.7801971435547,132.4499969482422,132.6199951171875,132.6199951171875,19602
2023-07-20 10:26:00-04:00,132.69000244140625,132.85000610351562,132.61000061035156,132.72999572753906,132.72999572753906,15338
2023-07-20 10:27:00-04:00,132.66000366210938,132.72500610351562,132.42999267578125,132.58999633789062,132.58999633789062,23344
2023-07-20 10:28:00-04:00,132.5800018310547,132.66000366210938,132.5399932861328,132.5749969482422,132.5749969482422,10063
2023-07-20 10:29:00-04:00,132.57000732421875,132.72000122070312,132.51499938964844,132.61000061035156,132.61000061035156,8671
2023-07-20 10:30:00-04:00,132.65499877929688,132.74000549316406,132.57000732421875,132.6699981689453,132.6699981689453,10899
2023-07-20 10:31:00-04:00,132.64999389648438,132.77000427246094,132.5449981689453,132.7550048828125,132.7550048828125,4878
2023-07-20 10:32:00-04:00,132.69000244140625,132.8000030517578,132.6300048828125,132.63499450683594,132.63499450683594,5123
2023-07-20 10:33:00-04:00,132.64999389648438,132.72000122070312,132.49000549316406,132.5,132.5,8831
2023-07-20 10:34:00-04:00,132.52999877929688,132.55999755859375,132.36000061035156,132.47999572753906,132.47999572753906,21159
2023-07-20 10:35:00-04:00,132.38999938964844,132.49000549316406,132.32000732421875,132.39999389648438,132.39999389648438,14924
2023-07-20 10:36:00-04:00,132.39999389648438,132.7949981689453,132.36000061035156,132.7949981689453,132.7949981689453,21310
2023-07-20 10:37:00-04:00,132.74000549316406,132.9199981689453,132.73500061035156,132.8699951171875,132.8699951171875,16800
2023-07-20 10:38:00-04:00,132.89999389648438,132.93499755859375,132.6999969482422,132.6999969482422,132.6999969482422,90373
2023-07-20 10:39:00-04:00,132.72999572753906,132.72999572753906,132.51499938964844,132.51499938964844,132.51499938964844,12546
2023-07-20 10:40:00-04:00,132.4600067138672,132.60000610351562,132.42999267578125,132.57000732421875,132.57000732421875,10651
2023-07-20 10:41:00-04:00,132.5399932861328,132.61000061035156,132.47999572753906,132.47999572753906,132.47999572753906,6932
2023-07-20 10:42:00-04:00,132.47000122070312,132.5800018310547,132.39999389648438,132.42999267578125,132.42999267578125,7926
2023-07-20 10:43:00-04:00,132.41000366210938,132.4550018310547,132.35000610351562,132.42999267578125,132.42999267578125,17441
2023-07-20 10:44:00-04:00,132.39999389648438,132.4600067138672,132.36000061035156,132.36000061035156,132.36000061035156,14117
2023-07-20 10:45:00-04:00,132.36000061035156,132.4600067138672,132.32000732421875,132.39999389648438,132.39999389648438,17494
2023-07-20 10:46:00-04:00,132.39999389648438,132.47999572753906,132.35000610351562,132.35000610351562,132.35000610351562,6029
2023-07-20 10:47:00-04:00,132.38999938964844,132.4199981689453,132.1300048828125,132.16000366210938,132.16000366210938,13672
2023-07-20 10:48:00-04:00,132.13999938964844,132.24000549316406,131.80499267578125,132.24000549316406,132.24000549316406,21977
2023-07-20 10:49:00-04:00,132.24000549316406,132.3800048828125,132.16000366210938,132.3800048828125,132.3800048828125,6130
2023-07-20 10:50:00-04:00,132.38999938964844,132.4499969482422,132.3000030517578,132.4499969482422,132.4499969482422,5066
2023-07-20 10:51:00-04:00,132.39999389648438,132.5500030517578,132.39999389648438,132.5500030517578,132.5500030517578,2082
2023-07-20 10:52:00-04:00,132.5449981689453,132.5500030517578,132.33999633789062,132.39999389648438,132.39999389648438,4144
2023-07-20 10:53:00-04:00,132.3300018310547,132.7100067138672,132.27999877929688,132.57000732421875,132.57000732421875,22463
2023-07-20 10:54:00-04:00,132.52000427246094,132.60899353027344,132.3800048828125,132.55499267578125,132.55499267578125,5236
2023-07-20 10:55:00-04:00,132.55499267578125,132.55499267578125,132.41000366210938,132.42999267578125,132.42999267578125,3149
2023-07-20 10:56:00-04:00,132.42999267578125,132.52130126953125,132.42999267578125,132.5050048828125,132.5050048828125,1716
2023-07-20 10:57:00-04:00,132.47999572753906,132.72999572753906,132.4499969482422,132.72999572753906,132.72999572753906,5392
2023-07-20 10:58:00-04:00,132.69000244140625,132.77000427246094,132.6300048828125,132.63999938964844,132.63999938964844,19081
2023-07-20 10:59:00-04:00,132.6750030517578,132.75,132.57000732421875,132.72000122070312,132.72000122070312,10336
2023-07-20 11:00:00-04:00,132.77999877929688,132.89500427246094,132.6999969482422,132.72999572753906,132.72999572753906,3114
2023-07-20 11:01:00-04:00,132.77000427246094,133.02000427246094,132.75,133.0,133.0,8041
2023-07-20 11:02:00-04:00,133.02999877929688,133.1999969482422,133.0,133.17999267578125,133.17999267578125,12308
2023-07-20 11:03:00-04:00,133.19500732421875,133.27999877929688,132.97999572753906,133.0800018310547,133.0800018310547,12301
2023-07-20 11:04:00-04:00,133.02499389648438,133.0399932861328,132.77999877929688,132.8175048828125,132.8175048828125,3371
2023-07-20 11:05:00-04:00,132.80999755859375,132.8300018310547,132.49000549316406,132.49000549316406,132.49000549316406,2292
2023-07-20 11:06:00-04:00,132.55999755859375,132.5800018310547,132.5,132.54750061035156,132.54750061035156,13368
2023-07-20 11:07:00-04:00,132.5449981689453,132.5449981689453,132.3699951171875,132.43499755859375,132.43499755859375,2190
2023-07-20 11:08:00-04:00,132.34840393066406,132.36000061035156,132.25,132.36000061035156,132.36000061035156,2853
2023-07-20 11:09:00-04:00,132.36000061035156,132.41000366210938,132.27999877929688,132.30999755859375,132.30999755859375,10633
2023-07-20 11:10:00-04:00,132.30999755859375,132.38999938964844,132.27999877929688,132.38499450683594,132.38499450683594,3551
2023-07-20 11:11:00-04:00,132.35000610351562,132.4375,132.25,132.30499267578125,132.30499267578125,11788
2023-07-20 11:12:00-04:00,132.30499267578125,132.30499267578125,132.1999969482422,132.27499389648438,132.27499389648438,9827
2023-07-20 11:13:00-04:00,132.27499389648438,132.36000061035156,132.27000427246094,132.27000427246094,132.27000427246094,3036
2023-07-20 11:14:00-04:00,132.32000732421875,132.35000610351562,132.24000549316406,132.25999450683594,132.25999450683594,4992
2023-07-20 11:15:00-04:00,132.25999450683594,132.35499572753906,132.25999450683594,132.30999755859375,132.30999755859375,2993
2023-07-20 11:16:00-04:00,132.39999389648438,132.44000244140625,132.27999877929688,132.32000732421875,132.32000732421875,7178
2023-07-20 11:17:00-04:00,132.3699951171875,132.42999267578125,132.3699951171875,132.42999267578125,132.42999267578125,2574
2023-07-20 11:18:00-04:00,132.3300018310547,132.3800048828125,132.27999877929688,132.2899932861328,132.2899932861328,4316
2023-07-20 11:19:00-04:00,132.2899932861328,132.375,132.27999877929688,132.375,132.375,1324
2023-07-20 11:20:00-04:00,132.38999938964844,132.42999267578125,132.30999755859375,132.3249969482422,132.3249969482422,2416
2023-07-20 11:21:00-04:00,132.32000732421875,132.4199981689453,132.27000427246094,132.35000610351562,132.35000610351562,8828
2023-07-20 11:22:00-04:00,132.33999633789062,132.42999267578125,132.3000030517578,132.41000366210938,132.41000366210938,3787
2023-07-20 11:23:00-04:00,132.33999633789062,132.47000122070312,132.27999877929688,132.44500732421875,132.44500732421875,3980
2023-07-20 11:24:00-04:00,132.5,132.52000427246094,132.27999877929688,132.41000366210938,132.41000366210938,1862
2023-07-20 11:25:00-04:00,132.35000610351562,132.4199981689453,132.35000610351562,132.35009765625,132.35009765625,3757
2023-07-20 11:26:00-04:00,132.32000732421875,132.39999389648438,132.24000549316406,132.30859375,132.30859375,4660
2023-07-20 11:27:00-04:00,132.33999633789062,132.36000061035156,132.27000427246094,132.32000732421875,132.32000732421875,4094
2023-07-20 11:28:00-04:00,132.25999450683594,132.30499267578125,132.16000366210938,132.27499389648438,132.27499389648438,4653
2023-07-20 11:29:00-04:00,132.27499389648438,132.34500122070312,132.14999389648438,132.14999389648438,132.14999389648438,5953
2023-07-20 11:30:00-04:00,132.10000610351562,132.1199951171875,132.0399932861328,132.11000061035156,132.11000061035156,4983
2023-07-20 11:31:00-04:00,132.0749969482422,132.16000366210938,132.0399932861328,132.0449981689453,132.0449981689453,3013
2023-07-20 11:32:00-04:00,132.0449981689453,132.11000061035156,131.99000549316406,132.11000061035156,132.11000061035156,2787
2023-07-20 11:33:00-04:00,132.10000610351562,132.13999938964844,131.96580505371094,131.96580505371094,131.96580505371094,1840
2023-07-20 11:34:00-04:00,131.92999267578125,131.92999267578125,131.8300018310547,131.88999938964844,131.88999938964844,2396
2023-07-20 11:35:00-04:00,131.83999633789062,131.89999389648438,131.8300018310547,131.84500122070312,131.84500122070312,3570
2023-07-20 11:36:00-04:00,131.84500122070312,132.1999969482422,131.8300018310547,132.1999969482422,132.1999969482422,14647
2023-07-20 11:37:00-04:00,132.22000122070312,132.32000732421875,132.19000244140625,132.32000732421875,132.32000732421875,3368
2023-07-20 11:38:00-04:00,132.3000030517578,132.32000732421875,132.2100067138672,132.2100067138672,132.2100067138672,1761
2023-07-20 11:39:00-04:00,132.13999938964844,132.13999938964844,132.02999877929688,132.0749969482422,132.0749969482422,1131
2023-07-20 11:40:00-04:00,132.0946044921875,132.1999969482422,131.91119384765625,132.02999877929688,132.02999877929688,11471
2023-07-20 11:41:00-04:00,132.08999633789062,132.1300048828125,132.0500030517578,132.11000061035156,132.11000061035156,2666
2023-07-20 11:42:00-04:00,132.06500244140625,132.12049865722656,132.02000427246094,132.02000427246094,132.02000427246094,669
2023-07-20 11:43:00-04:00,132.08999633789062,132.1649932861328,132.02999877929688,132.1649932861328,132.1649932861328,2949
2023-07-20 11:44:00-04:00,132.13999938964844,132.24000549316406,132.13999938964844,132.1699981689453,132.1699981689453,3790
2023-07-20 11:45:00-04:00,132.22500610351562,132.3300018310547,132.22500610351562,132.3300018310547,132.3300018310547,2281
2023-07-20 11:46:00-04:00,132.27999877929688,132.2899932861328,132.22000122070312,132.22999572753906,132.22999572753906,1841
2023-07-20 11:47:00-04:00,132.1999969482422,132.1999969482422,132.13999938964844,132.13999938964844,132.13999938964844,1066
2023-07-20 11:48:00-04:00,132.13999938964844,132.25,132.07000732421875,132.22000122070312,132.22000122070312,4272
2023-07-20 11:49:00-04:00,132.24000549316406,132.30999755859375,132.24000549316406,132.2899932861328,132.2899932861328,1450
2023-07-20 11:50:00-04:00,132.24000549316406,132.31370544433594,132.24000549316406,132.28500366210938,132.28500366210938,1056
2023-07-20 11:51:00-04:00,132.32000732421875,132.39999389648438,132.3000030517578,132.38499450683594,132.38499450683594,1878
2023-07-20 11:52:00-04:00,132.39999389648438,132.47999572753906,132.38999938964844,132.38999938964844,132.38999938964844,3080
2023-07-20 11:53:00-04:00,132.36500549316406,132.38999938964844,132.32000732421875,132.3800048828125,132.3800048828125,1593
2023-07-20 11:54:00-04:00,132.41000366210938,132.47999572753906,132.38499450683594,132.42999267578125,132.42999267578125,3256
2023-07-20 11:55:00-04:00,132.48500061035156,132.5800018310547,132.47999572753906,132.5500030517578,132.5500030517578,3099
2023-07-20 11:56:00-04:00,132.58999633789062,132.6199951171875,132.55999755859375,132.5800018310547,132.5800018310547,2165
2023-07-20 11:57:00-04:00,132.52000427246094,132.52000427246094,132.52000427246094,132.52000427246094,132.52000427246094,744
2023-07-20 11:58:00-04:00,132.52000427246094,132.58999633789062,132.52000427246094,132.58999633789062,132.58999633789062,828
2023-07-20 11:59:00-04:00,132.60000610351562,132.72000122070312,132.60000610351562,132.71499633789062,132.71499633789062,5169
2023-07-20 12:00:00-04:00,132.72999572753906,132.7899932861328,132.71730041503906,132.76119995117188,132.76119995117188,4504
2023-07-20 12:01:00-04:00,132.77000427246094,132.8699951171875,132.75999450683594,132.82000732421875,132.82000732421875,3326
2023-07-20 12:02:00-04:00,132.86000061035156,132.86000061035156,132.77000427246094,132.77000427246094,132.77000427246094,2253
2023-07-20 12:03:00-04:00,132.77000427246094,132.83999633789062,132.74000549316406,132.83999633789062,132.83999633789062,1321
2023-07-20 12:04:00-04:00,132.82000732421875,132.88699340820312,132.82000732421875,132.8699951171875,132.8699951171875,5638
2023-07-20 12:05:00-04:00,132.85000610351562,132.86000061035156,132.66000366210938,132.67999267578125,132.67999267578125,3996
2023-07-20 12:06:00-04:00,132.64999389648438,132.75320434570312,132.64999389648438,132.71499633789062,132.71499633789062,1456
2023-07-20 12:07:00-04:00,132.72500610351562,132.72500610351562,132.57000732421875,132.6300048828125,132.6300048828125,3209
2023-07-20 12:08:00-04:00,132.66000366210938,132.69000244140625,132.66000366210938,132.69000244140625,132.69000244140625,1799
2023-07-20 12:09:00-04:00,132.69000244140625,132.88999938964844,132.67999267578125,132.8699951171875,132.8699951171875,4335
2023-07-20 12:10:00-04:00,132.89999389648438,132.89999389648438,132.80999755859375,132.80999755859375,132.80999755859375,1511
2023-07-20 12:11:00-04:00,132.83999633789062,132.99000549316406,132.83999633789062,132.9600067138672,132.9600067138672,3585
2023-07-20 12:12:00-04:00,133.0,133.0399932861328,132.9600067138672,132.9600067138672,132.9600067138672,5249
2023-07-20 12:13:00-04:00,132.97000122070312,133.0399932861328,132.97000122070312,133.0399932861328,133.0399932861328,1995
2023-07-20 12:14:00-04:00,133.0,133.0,132.88999938964844,132.94000244140625,132.94000244140625,909
2023-07-20 12:15:00-04:00,132.88999938964844,132.9499969482422,132.86000061035156,132.94500732421875,132.94500732421875,2667
2023-07-20 12:16:00-04:00,132.89999389648438,132.89999389648438,132.89999389648438,132.89999389648438,132.89999389648438,393
2023-07-20 12:17:00-04:00,132.8800048828125,132.8800048828125,132.77499389648438,132.8199005126953,132.8199005126953,1813
2023-07-20 12:18:00-04:00,132.8000030517578,132.83999633789062,132.77999877929688,132.8300018310547,132.8300018310547,3474
2023-07-20 12:19:00-04:00,132.77999877929688,132.88999938964844,132.77999877929688,132.8699951171875,132.8699951171875,4547
2023-07-20 12:20:00-04:00,132.91000366210938,132.91000366210938,132.85000610351562,132.85569763183594,132.85569763183594,1740
2023-07-20 12:21:00-04:00,132.78500366210938,132.78500366210938,132.70010375976562,132.70010375976562,132.70010375976562,3695
2023-07-20 12:22:00-04:00,132.71499633789062,132.83999633789062,132.71499633789062,132.8000030517578,132.8000030517578,2588
2023-07-20 12:23:00-04:00,132.7899932861328,132.86109924316406,132.7899932861328,132.86109924316406,132.86109924316406,659
2023-07-20 12:24:00-04:00,132.8350067138672,132.97999572753906,132.8350067138672,132.97999572753906,132.97999572753906,2075
2023-07-20 12:25:00-04:00,132.97000122070312,133.05999755859375,132.9600067138672,133.02999877929688,133.02999877929688,5493
2023-07-20 12:26:00-04:00,133.0749969482422,133.13999938964844,133.00999450683594,133.13999938964844,133.13999938964844,6105
2023-07-20 12:27:00-04:00,133.11129760742188,133.27999877929688,133.11129760742188,133.27999877929688,133.27999877929688,3367
2023-07-20 12:28:00-04:00,133.25,133.41000366210938,133.22999572753906,133.39999389648438,133.39999389648438,7453
2023-07-20 12:29:00-04:00,133.41000366210938,133.47999572753906,133.39999389648438,133.4250030517578,133.4250030517578,11105
2023-07-20 12:30:00-04:00,133.4062042236328,133.44000244140625,133.05999755859375,133.05999755859375,133.05999755859375,18937
2023-07-20 12:31:00-04:00,133.0500030517578,133.2100067138672,133.0399932861328,133.17999267578125,133.17999267578125,4163
2023-07-20 12:32:00-04:00,133.2100067138672,133.21499633789062,133.2100067138672,133.21499633789062,133.21499633789062,1849
2023-07-20 12:33:00-04:00,133.1199951171875,133.1199951171875,132.91000366210938,132.91000366210938,132.91000366210938,1494
2023-07-20 12:34:00-04:00,132.8800048828125,132.97000122070312,132.8800048828125,132.97000122070312,132.97000122070312,397
2023-07-20 12:35:00-04:00,132.9508056640625,133.0800018310547,132.91000366210938,132.91000366210938,132.91000366210938,3315
2023-07-20 12:36:00-04:00,132.89999389648438,132.94000244140625,132.75,132.8699951171875,132.8699951171875,4140
2023-07-20 12:37:00-04:00,132.9149932861328,132.93499755859375,132.8800048828125,132.88499450683594,132.88499450683594,1449
2023-07-20 12:39:00-04:00,132.94369506835938,132.94369506835938,132.8000030517578,132.83999633789062,132.83999633789062,2133
2023-07-20 12:40:00-04:00,132.75,132.89990234375,132.75,132.80999755859375,132.80999755859375,2064
2023-07-20 12:41:00-04:00,132.8300018310547,132.9394989013672,132.82029724121094,132.88999938964844,132.88999938964844,9256
2023-07-20 12:42:00-04:00,132.8699951171875,132.9499969482422,132.8699951171875,132.93499755859375,132.93499755859375,2039
2023-07-20 12:43:00-04:00,132.91000366210938,133.01499938964844,132.91000366210938,132.9149932861328,132.9149932861328,3983
2023-07-20 12:44:00-04:00,132.88999938964844,132.88999938964844,132.8000030517578,132.8350067138672,132.8350067138672,7776
2023-07-20 12:45:00-04:00,132.86000061035156,132.94970703125,132.86000061035156,132.9250030517578,132.9250030517578,3738
2023-07-20 12:46:00-04:00,132.9250030517578,132.97999572753906,132.8800048828125,132.8800048828125,132.8800048828125,7553
2023-07-20 12:47:00-04:00,132.89999389648438,133.02999877929688,132.89999389648438,133.0,133.0,1236
2023-07-20 12:48:00-04:00,132.97000122070312,133.02000427246094,132.97000122070312,133.0050048828125,133.0050048828125,1778
2023-07-20 12:49:00-04:00,133.0,133.07000732421875,132.99000549316406,133.00999450683594,133.00999450683594,2363
2023-07-20 12:50:00-04:00,132.97000122070312,133.10000610351562,132.97000122070312,133.05999755859375,133.05999755859375,775
2023-07-20 12:51:00-04:00,132.9700927734375,132.97999572753906,132.9700927734375,132.97999572753906,132.97999572753906,261
2023-07-20 12:52:00-04:00,133.05740356445312,133.1199951171875,133.02499389648438,133.0800018310547,133.0800018310547,2080
2023-07-20 12:53:00-04:00,133.02999877929688,133.0399932861328,133.0050048828125,133.0050048828125,133.0050048828125,2048
2023-07-20 12:54:00-04:00,132.97970581054688,132.97970581054688,132.9700927734375,132.9700927734375,132.9700927734375,448
2023-07-20 12:55:00-04:00,133.0500030517578,133.10279846191406,133.0399932861328,133.10279846191406,133.10279846191406,1226
2023-07-20 12:56:00-04:00,133.07000732421875,133.10499572753906,132.97000122070312,133.0,133.0,2067
2023-07-20 12:57:00-04:00,133.0,133.04510498046875,133.0,133.04510498046875,133.04510498046875,887
2023-07-20 12:58:00-04:00,132.99000549316406,132.99000549316406,132.85000610351562,132.88999938964844,132.88999938964844,1498
2023-07-20 12:59:00-04:00,132.89500427246094,132.9499969482422,132.88999938964844,132.9199981689453,132.9199981689453,2007
2023-07-20 13:00:00-04:00,132.9001007080078,132.97999572753906,132.9001007080078,132.97999572753906,132.97999572753906,1817
2023-07-20 13:01:00-04:00,132.97999572753906,133.00250244140625,132.92999267578125,133.00250244140625,133.00250244140625,1107
2023-07-20 13:02:00-04:00,132.88999938964844,132.88999938964844,132.8419952392578,132.8419952392578,132.8419952392578,475
2023-07-20 13:03:00-04:00,132.8300018310547,132.8300018310547,132.8300018310547,132.8300018310547,132.8300018310547,172
2023-07-20 13:04:00-04:00,132.88999938964844,132.94129943847656,132.88999938964844,132.94129943847656,132.94129943847656,2375
2023-07-20 13:05:00-04:00,132.86000061035156,132.97000122070312,132.86000061035156,132.97000122070312,132.97000122070312,1007
2023-07-20 13:06:00-04:00,132.86500549316406,132.9501953125,132.86500549316406,132.9199981689453,132.9199981689453,955
2023-07-20 13:07:00-04:00,132.9199981689453,133.0,132.8699951171875,133.0,133.0,3549
2023-07-20 13:08:00-04:00,133.00999450683594,133.02000427246094,132.91000366210938,133.01950073242188,133.01950073242188,4052
2023-07-20 13:09:00-04:00,132.97999572753906,133.0449981689453,132.94009399414062,132.94009399414062,132.94009399414062,3882
2023-07-20 13:10:00-04:00,133.05999755859375,133.10000610351562,133.05999755859375,133.10000610351562,133.10000610351562,1856
2023-07-20 13:11:00-04:00,133.05999755859375,133.1300048828125,133.05999755859375,133.10000610351562,133.10000610351562,734
2023-07-20 13:12:00-04:00,133.1300048828125,133.1300048828125,133.0800018310547,133.08999633789062,133.08999633789062,1250
2023-07-20 13:13:00-04:00,133.08999633789062,133.14419555664062,133.08999633789062,133.14419555664062,133.14419555664062,705
2023-07-20 13:14:00-04:00,133.08999633789062,133.19000244140625,133.08999633789062,133.19000244140625,133.19000244140625,4281
2023-07-20 13:15:00-04:00,133.16000366210938,133.16000366210938,133.14999389648438,133.16000366210938,133.16000366210938,825
2023-07-20 13:16:00-04:00,133.1699981689453,133.1945037841797,133.07000732421875,133.07000732421875,133.07000732421875,2139
2023-07-20 13:17:00-04:00,133.00999450683594,133.00999450683594,132.9600067138672,133.00999450683594,133.00999450683594,1332
2023-07-20 13:18:00-04:00,132.92999267578125,132.9333953857422,132.91009521484375,132.91009521484375,132.91009521484375,1624
2023-07-20 13:19:00-04:00,132.96499633789062,132.96499633789062,132.91000366210938,132.91000366210938,132.91000366210938,1818
2023-07-20 13:20:00-04:00,132.89999389648438,132.9199981689453,132.89999389648438,132.9199981689453,132.9199981689453,1074
2023-07-20 13:21:00-04:00,132.88999938964844,132.97999572753906,132.88999938964844,132.97999572753906,132.97999572753906,3455
2023-07-20 13:22:00-04:00,132.9199981689453,132.9199981689453,132.88999938964844,132.88999938964844,132.88999938964844,969
2023-07-20 13:23:00-04:00,132.89500427246094,133.02000427246094,132.87440490722656,133.02000427246094,133.02000427246094,4151
2023-07-20 13:24:00-04:00,132.97999572753906,132.97999572753906,132.9600067138672,132.9600067138672,132.9600067138672,660
2023-07-20 13:25:00-04:00,132.9949951171875,133.0,132.9571990966797,132.9571990966797,132.9571990966797,1603
2023-07-20 13:26:00-04:00,133.00999450683594,133.02000427246094,132.99000549316406,132.9949951171875,132.9949951171875,1655
2023-07-20 13:27:00-04:00,133.0,133.02670288085938,133.0,133.00999450683594,133.00999450683594,857
2023-07-20 13:28:00-04:00,133.0,133.0,133.0,133.0,133.0,1143
2023-07-20 13:29:00-04:00,133.0399932861328,133.05499267578125,133.0,133.0,133.0,2335
2023-07-20 13:30:00-04:00,132.97999572753906,132.97999572753906,132.94000244140625,132.9600067138672,132.9600067138672,1764
2023-07-20 13:31:00-04:00,132.9600067138672,133.0050048828125,132.9499969482422,133.0050048828125,133.0050048828125,827
2023-07-20 13:32:00-04:00,133.0050048828125,133.0915069580078,133.0050048828125,133.08999633789062,133.08999633789062,1757
2023-07-20 13:33:00-04:00,133.07000732421875,133.07000732421875,133.05499267578125,133.05499267578125,133.05499267578125,712
2023-07-20 13:34:00-04:00,133.08999633789062,133.17999267578125,133.08999633789062,133.1699981689453,133.1699981689453,1575
2023-07-20 13:35:00-04:00,133.19000244140625,133.19000244140625,133.10009765625,133.10009765625,133.10009765625,1547
2023-07-20 13:36:00-04:00,133.13499450683594,133.14999389648438,133.13499450683594,133.13999938964844,133.13999938964844,837
2023-07-20 13:37:00-04:00,133.18670654296875,133.18670654296875,133.0800018310547,133.0800018310547,133.0800018310547,2376
2023-07-20 13:38:00-04:00,133.0749969482422,133.0749969482422,132.97999572753906,132.97999572753906,132.97999572753906,1301
2023-07-20 13:39:00-04:00,132.9949951171875,132.9949951171875,132.9600067138672,132.9600067138672,132.9600067138672,522
2023-07-20 13:40:00-04:00,132.9499969482422,133.02000427246094,132.88999938964844,133.00999450683594,133.00999450683594,1074
2023-07-20 13:41:00-04:00,133.0399932861328,133.0399932861328,133.00999450683594,133.00999450683594,133.00999450683594,975
2023-07-20 13:42:00-04:00,133.0500030517578,133.07000732421875,133.0500030517578,133.07000732421875,133.07000732421875,1677
2023-07-20 13:43:00-04:00,133.03070068359375,133.05999755859375,133.02999877929688,133.05999755859375,133.05999755859375,1218
2023-07-20 13:44:00-04:00,133.0399932861328,133.0399932861328,133.02000427246094,133.02000427246094,133.02000427246094,887
2023-07-20 13:46:00-04:00,133.0500030517578,133.0500030517578,133.0500030517578,133.0500030517578,133.0500030517578,147
2023-07-20 13:47:00-04:00,133.0500030517578,133.05250549316406,133.02999877929688,133.02999877929688,133.02999877929688,1362
2023-07-20 13:48:00-04:00,133.0800018310547,133.0800018310547,132.97999572753906,133.0050048828125,133.0050048828125,2076
2023-07-20 13:49:00-04:00,133.03500366210938,133.06719970703125,133.03500366210938,133.06719970703125,133.06719970703125,922
2023-07-20 13:50:00-04:00,133.03500366210938,133.07000732421875,133.02999877929688,133.07000732421875,133.07000732421875,1452
2023-07-20 13:51:00-04:00,133.06500244140625,133.1300048828125,133.06500244140625,133.10000610351562,133.10000610351562,3756
2023-07-20 13:52:00-04:00,133.0800018310547,133.08999633789062,133.02499389648438,133.02499389648438,133.02499389648438,5911
2023-07-20 13:53:00-04:00,133.00999450683594,133.00999450683594,132.92999267578125,132.9600067138672,132.9600067138672,1404
2023-07-20 13:54:00-04:00,132.96099853515625,132.96099853515625,132.96099853515625,132.96099853515625,132.96099853515625,625
2023-07-20 13:55:00-04:00,132.99429321289062,133.04859924316406,132.94000244140625,133.02000427246094,133.02000427246094,1242
2023-07-20 13:56:00-04:00,132.97999572753906,133.0699005126953,132.97000122070312,133.02000427246094,133.02000427246094,2102
2023-07-20 13:57:00-04:00,133.07000732421875,133.10000610351562,133.05999755859375,133.10000610351562,133.10000610351562,1428
2023-07-20 13:58:00-04:00,133.0500030517578,133.05999755859375,133.0,133.05999755859375,133.05999755859375,1170
2023-07-20 13:59:00-04:00,133.02999877929688,133.02999877929688,133.0,133.0,133.0,1251
2023-07-20 14:00:00-04:00,132.94000244140625,132.97999572753906,132.94000244140625,132.97999572753906,132.97999572753906,1282
2023-07-20 14:01:00-04:00,133.0,133.0800018310547,133.0,133.0800018310547,133.0800018310547,2263
2023-07-20 14:02:00-04:00,133.05999755859375,133.10000610351562,133.00990295410156,133.02499389648438,133.02499389648438,1913
2023-07-20 14:03:00-04:00,132.97999572753906,133.06500244140625,132.97000122070312,133.0399932861328,133.0399932861328,822
2023-07-20 14:04:00-04:00,133.0500030517578,133.10000610351562,133.0500030517578,133.10000610351562,133.10000610351562,2724
2023-07-20 14:05:00-04:00,133.1300048828125,133.1300048828125,132.92999267578125,132.9600067138672,132.9600067138672,14680
2023-07-20 14:06:00-04:00,132.9600067138672,133.02000427246094,132.9600067138672,132.99000549316406,132.99000549316406,3609
2023-07-20 14:07:00-04:00,132.9600067138672,133.02999877929688,132.9600067138672,133.00999450683594,133.00999450683594,1378
2023-07-20 14:08:00-04:00,133.02000427246094,133.02999877929688,133.02000427246094,133.02999877929688,133.02999877929688,859
2023-07-20 14:09:00-04:00,133.03500366210938,133.08689880371094,133.03500366210938,133.0800018310547,133.0800018310547,1976
2023-07-20 14:10:00-04:00,133.05999755859375,133.05999755859375,132.95449829101562,132.95449829101562,132.95449829101562,4121
2023-07-20 14:11:00-04:00,132.97999572753906,133.0,132.97000122070312,132.99000549316406,132.99000549316406,1563
2023-07-20 14:12:00-04:00,132.98500061035156,133.0500030517578,132.98500061035156,133.0500030517578,133.0500030517578,2270
2023-07-20 14:13:00-04:00,133.02999877929688,133.0800018310547,133.0,133.0500030517578,133.0500030517578,4372
2023-07-20 14:14:00-04:00,133.00999450683594,133.2100067138672,132.97999572753906,133.1999969482422,133.1999969482422,8450
2023-07-20 14:15:00-04:00,133.22500610351562,133.22999572753906,133.19000244140625,133.19500732421875,133.19500732421875,2809
2023-07-20 14:16:00-04:00,133.19500732421875,133.28199768066406,133.19500732421875,133.2386932373047,133.2386932373047,4547
2023-07-20 14:17:00-04:00,133.22000122070312,133.27000427246094,133.1699981689453,133.1699981689453,133.1699981689453,1789
2023-07-20 14:18:00-04:00,133.18499755859375,133.21670532226562,133.1750030517578,133.1750030517578,133.1750030517578,2036
2023-07-20 14:19:00-04:00,133.1199951171875,133.1300048828125,133.0,133.0,133.0,5808
2023-07-20 14:20:00-04:00,133.0,133.00999450683594,132.97000122070312,133.00999450683594,133.00999450683594,1966
2023-07-20 14:21:00-04:00,132.97999572753906,133.10000610351562,132.97000122070312,133.02999877929688,133.02999877929688,4635
2023-07-20 14:22:00-04:00,133.1199951171875,133.25,133.08999633789062,133.19500732421875,133.19500732421875,10098
2023-07-20 14:23:00-04:00,133.23500061035156,133.27000427246094,133.23500061035156,133.27000427246094,133.27000427246094,472
2023-07-20 14:24:00-04:00,133.2100067138672,133.2366943359375,133.12010192871094,133.1699981689453,133.1699981689453,2740
2023-07-20 14:25:00-04:00,133.1750030517578,133.2335968017578,133.16000366210938,133.2100067138672,133.2100067138672,1607
2023-07-20 14:26:00-04:00,133.17999267578125,133.25,133.17999267578125,133.23500061035156,133.23500061035156,1835
2023-07-20 14:27:00-04:00,133.24000549316406,133.24000549316406,133.1750030517578,133.22000122070312,133.22000122070312,2388
2023-07-20 14:28:00-04:00,133.1999969482422,133.22000122070312,133.0,133.0850067138672,133.0850067138672,313362
2023-07-20 14:29:00-04:00,133.07000732421875,133.19000244140625,133.07000732421875,133.19000244140625,133.19000244140625,3564
2023-07-20 14:30:00-04:00,133.1699981689453,133.30270385742188,133.1699981689453,133.24000549316406,133.24000549316406,7562
2023-07-20 14:31:00-04:00,133.27000427246094,133.35000610351562,133.25999450683594,133.33999633789062,133.33999633789062,8083
2023-07-20 14:32:00-04:00,133.3249969482422,133.47999572753906,133.3249969482422,133.41220092773438,133.41220092773438,10894
2023-07-20 14:33:00-04:00,133.44500732421875,133.51499938964844,133.44500732421875,133.48500061035156,133.48500061035156,6913
2023-07-20 14:34:00-04:00,133.47999572753906,133.49000549316406,133.42919921875,133.42919921875,133.42919921875,2937
2023-07-20 14:35:00-04:00,133.49000549316406,133.6999969482422,133.4700927734375,133.66000366210938,133.66000366210938,11112
2023-07-20 14:36:00-04:00,133.61000061035156,133.77000427246094,133.55499267578125,133.69500732421875,133.69500732421875,38704
2023-07-20 14:37:00-04:00,133.6699981689453,133.6699981689453,133.5800018310547,133.5800018310547,133.5800018310547,3363
2023-07-20 14:38:00-04:00,133.57000732421875,133.6999969482422,133.5399932861328,133.67999267578125,133.67999267578125,4568
2023-07-20 14:39:00-04:00,133.64999389648438,133.71499633789062,133.63999938964844,133.66000366210938,133.66000366210938,2067
2023-07-20 14:40:00-04:00,133.6699981689453,133.6699981689453,133.58999633789062,133.61500549316406,133.61500549316406,1949
2023-07-20 14:41:00-04:00,133.58999633789062,133.63999938964844,133.5850067138672,133.58999633789062,133.58999633789062,2214
2023-07-20 14:42:00-04:00,133.5399932861328,133.6199951171875,133.5399932861328,133.60499572753906,133.60499572753906,7356
2023-07-20 14:43:00-04:00,133.58999633789062,133.6107940673828,133.55999755859375,133.60000610351562,133.60000610351562,2129
2023-07-20 14:44:00-04:00,133.6300048828125,133.69500732421875,133.61000061035156,133.61000061035156,133.61000061035156,5032
2023-07-20 14:45:00-04:00,133.60000610351562,133.66000366210938,133.57000732421875,133.6199951171875,133.6199951171875,3276
2023-07-20 14:46:00-04:00,133.57000732421875,133.61000061035156,133.5500030517578,133.5500030517578,133.5500030517578,1446
2023-07-20 14:47:00-04:00,133.539306640625,133.55850219726562,133.5,133.5500030517578,133.5500030517578,2202
2023-07-20 14:48:00-04:00,133.533203125,133.55499267578125,133.50999450683594,133.55499267578125,133.55499267578125,1583
2023-07-20 14:49:00-04:00,133.52999877929688,133.5800018310547,133.52999877929688,133.5749969482422,133.5749969482422,3165
2023-07-20 14:50:00-04:00,133.58999633789062,133.6699981689453,133.5800018310547,133.6699981689453,133.6699981689453,3163
2023-07-20 14:51:00-04:00,133.67999267578125,133.69000244140625,133.61000061035156,133.6199951171875,133.6199951171875,2768
2023-07-20 14:52:00-04:00,133.64199829101562,133.66000366210938,133.61000061035156,133.63499450683594,133.63499450683594,1161
2023-07-20 14:53:00-04:00,133.66000366210938,133.66000366210938,133.57000732421875,133.6186981201172,133.6186981201172,4960
2023-07-20 14:54:00-04:00,133.61000061035156,133.69500732421875,133.61000061035156,133.6699981689453,133.6699981689453,2789
2023-07-20 14:55:00-04:00,133.67999267578125,133.67999267578125,133.6300048828125,133.6300048828125,133.6300048828125,2432
2023-07-20 14:56:00-04:00,133.6300048828125,133.80999755859375,133.55999755859375,133.77999877929688,133.77999877929688,21059
2023-07-20 14:57:00-04:00,133.75999450683594,133.875,133.72999572753906,133.875,133.875,18340
2023-07-20 14:58:00-04:00,133.86000061035156,133.92999267578125,133.85000610351562,133.91000366210938,133.91000366210938,9086
2023-07-20 14:59:00-04:00,133.92999267578125,133.93499755859375,133.83999633789062,133.85000610351562,133.85000610351562,5637
2023-07-20 15:00:00-04:00,133.84500122070312,133.96499633789062,133.83999633789062,133.9600067138672,133.9600067138672,7872
2023-07-20 15:01:00-04:00,133.99989318847656,133.99989318847656,133.85000610351562,133.86000061035156,133.86000061035156,5544
2023-07-20 15:02:00-04:00,133.86000061035156,133.97000122070312,133.80999755859375,133.9149932861328,133.9149932861328,8778
2023-07-20 15:03:00-04:00,133.9149932861328,133.99000549316406,133.9149932861328,133.97000122070312,133.97000122070312,3903
2023-07-20 15:04:00-04:00,133.97000122070312,134.02000427246094,133.9499969482422,133.9792938232422,133.9792938232422,9703
2023-07-20 15:05:00-04:00,133.99000549316406,134.00999450683594,133.9550018310547,133.9779052734375,133.9779052734375,5512
2023-07-20 15:06:00-04:00,133.9600067138672,134.05999755859375,133.9600067138672,134.0,134.0,3497
2023-07-20 15:07:00-04:00,134.0,134.02999877929688,133.94000244140625,134.0050048828125,134.0050048828125,4697
2023-07-20 15:08:00-04:00,133.97999572753906,134.0155029296875,133.92999267578125,133.97500610351562,133.97500610351562,4554
2023-07-20 15:09:00-04:00,133.96499633789062,134.02999877929688,133.96499633789062,133.99000549316406,133.99000549316406,4395
2023-07-20 15:10:00-04:00,133.9600067138672,134.0,133.94009399414062,133.99000549316406,133.99000549316406,4989
2023-07-20 15:11:00-04:00,133.97000122070312,134.0399932861328,133.9149932861328,134.00999450683594,134.00999450683594,5233
2023-07-20 15:12:00-04:00,134.00999450683594,134.02999877929688,133.97999572753906,134.0,134.0,3143
2023-07-20 15:13:00-04:00,134.0,134.0500030517578,133.99000549316406,134.02000427246094,134.02000427246094,5532
2023-07-20 15:14:00-04:00,134.02000427246094,134.02000427246094,133.8699951171875,133.8699951171875,133.8699951171875,24101
2023-07-20 15:15:00-04:00,133.85000610351562,133.9199981689453,133.8300018310547,133.8300018310547,133.8300018310547,4265
2023-07-20 15:16:00-04:00,133.80999755859375,133.80999755859375,133.66000366210938,133.6699981689453,133.6699981689453,4246
2023-07-20 15:17:00-04:00,133.63999938964844,133.73500061035156,133.5500030517578,133.69000244140625,133.69000244140625,22878
2023-07-20 15:18:00-04:00,133.6750030517578,133.7100067138672,133.61000061035156,133.61000061035156,133.61000061035156,2662
2023-07-20 15:19:00-04:00,133.50999450683594,133.54849243164062,133.4600067138672,133.4600067138672,133.4600067138672,1792
2023-07-20 15:20:00-04:00,133.48500061035156,133.77000427246094,133.48500061035156,133.74000549316406,133.74000549316406,30092
2023-07-20 15:21:00-04:00,133.74000549316406,133.88999938964844,133.74000549316406,133.76499938964844,133.76499938964844,6125
2023-07-20 15:22:00-04:00,133.74000549316406,133.74000549316406,133.60499572753906,133.60899353027344,133.60899353027344,14636
2023-07-20 15:23:00-04:00,133.61000061035156,133.64999389648438,133.5800018310547,133.6300048828125,133.6300048828125,5557
2023-07-20 15:24:00-04:00,133.6300048828125,133.64999389648438,133.61000061035156,133.6199951171875,133.6199951171875,4924
2023-07-20 15:25:00-04:00,133.60000610351562,133.602294921875,133.35000610351562,133.41000366210938,133.41000366210938,5312
2023-07-20 15:26:00-04:00,133.40499877929688,133.5500030517578,133.39999389648438,133.4949951171875,133.4949951171875,13470
2023-07-20 15:27:00-04:00,133.52499389648438,133.60000610351562,133.49000549316406,133.5850067138672,133.5850067138672,17882
2023-07-20 15:28:00-04:00,133.56500244140625,133.6999969482422,133.52999877929688,133.55999755859375,133.55999755859375,11359
2023-07-20 15:29:00-04:00,133.52000427246094,133.5800018310547,133.50999450683594,133.5399932861328,133.5399932861328,3337
2023-07-20 15:30:00-04:00,133.58999633789062,133.85000610351562,133.5850067138672,133.8000030517578,133.8000030517578,18166
2023-07-20 15:31:00-04:00,133.7949981689453,133.9600067138672,133.7100067138672,133.8699951171875,133.8699951171875,25564
2023-07-20 15:32:00-04:00,133.94000244140625,133.97999572753906,133.89999389648438,133.9499969482422,133.9499969482422,3720
2023-07-20 15:33:00-04:00,133.9499969482422,134.01499938964844,133.9499969482422,133.99000549316406,133.99000549316406,7585
2023-07-20 15:34:00-04:00,133.9499969482422,133.97000122070312,133.85000610351562,133.8800048828125,133.8800048828125,6893
2023-07-20 15:35:00-04:00,133.8800048828125,133.8800048828125,133.78500366210938,133.875,133.875,5639
2023-07-20 15:36:00-04:00,133.86500549316406,133.89999389648438,133.86000061035156,133.89500427246094,133.89500427246094,2815
2023-07-20 15:37:00-04:00,133.88999938964844,133.89500427246094,133.72000122070312,133.72000122070312,133.72000122070312,12177
2023-07-20 15:38:00-04:00,133.75,133.8000030517578,133.6300048828125,133.7899932861328,133.7899932861328,13787
2023-07-20 15:39:00-04:00,133.80999755859375,134.0,133.80999755859375,133.9250030517578,133.9250030517578,30567
2023-07-20 15:40:00-04:00,133.92999267578125,133.92999267578125,133.90269470214844,133.9199981689453,133.9199981689453,4227
2023-07-20 15:41:00-04:00,133.9199981689453,133.97999572753906,133.89999389648438,133.89999389648438,133.89999389648438,5087
2023-07-20 15:42:00-04:00,133.88999938964844,133.92919921875,133.85000610351562,133.89500427246094,133.89500427246094,8937
2023-07-20 15:43:00-04:00,133.90499877929688,133.91000366210938,133.75999450683594,133.75999450683594,133.75999450683594,5936
2023-07-20 15:44:00-04:00,133.72999572753906,133.72999572753906,133.61000061035156,133.61000061035156,133.61000061035156,2479
2023-07-20 15:45:00-04:00,133.66000366210938,133.66000366210938,133.55999755859375,133.6300048828125,133.6300048828125,9776
2023-07-20 15:46:00-04:00,133.58999633789062,133.68499755859375,133.5749969482422,133.67999267578125,133.67999267578125,7054
2023-07-20 15:47:00-04:00,133.66000366210938,133.88499450683594,133.66000366210938,133.8249969482422,133.8249969482422,11602
2023-07-20 15:48:00-04:00,133.8300018310547,133.9149932861328,133.80999755859375,133.89500427246094,133.89500427246094,11503
2023-07-20 15:49:00-04:00,133.89999389648438,133.97999572753906,133.86000061035156,133.9199981689453,133.9199981689453,23580
2023-07-20 15:50:00-04:00,133.91000366210938,134.0500030517578,133.8800048828125,134.0399932861328,134.0399932861328,22879
2023-07-20 15:51:00-04:00,134.0,134.05999755859375,133.92999267578125,134.05999755859375,134.05999755859375,22476
2023-07-20 15:52:00-04:00,134.02000427246094,134.0500030517578,133.9499969482422,133.98500061035156,133.98500061035156,16171
2023-07-20 15:53:00-04:00,133.99000549316406,134.05999755859375,133.97999572753906,134.00999450683594,134.00999450683594,12443
2023-07-20 15:54:00-04:00,134.02000427246094,134.05499267578125,133.98500061035156,134.02499389648438,134.02499389648438,24166
2023-07-20 15:55:00-04:00,134.02000427246094,134.10000610351562,134.02000427246094,134.0800018310547,134.0800018310547,18627
2023-07-20 15:56:00-04:00,134.08999633789062,134.1300048828125,133.98500061035156,133.99000549316406,133.99000549316406,21861
2023-07-20 15:57:00-04:00,134.0,134.05999755859375,133.97999572753906,134.02000427246094,134.02000427246094,20115
2023-07-20 15:58:00-04:00,134.02000427246094,134.0500030517578,133.99000549316406,134.02999877929688,134.02999877929688,23494
2023-07-20 15:59:00-04:00,134.02999877929688,134.0500030517578,133.9499969482422,133.9600067138672,133.9600067138672,111021
