Date,Open,High,Low,Close,Adj Close,Volume
2023-07-14 09:30:00-04:00,7.380000114440918,7.380000114440918,7.330999851226807,7.330999851226807,7.330999851226807,39499
2023-07-14 09:31:00-04:00,7.340000152587891,7.34499979019165,7.329999923706055,7.34499979019165,7.34499979019165,15644
2023-07-14 09:32:00-04:00,7.34499979019165,7.34499979019165,7.329999923706055,7.329999923706055,7.329999923706055,15927
2023-07-14 09:33:00-04:00,7.329999923706055,7.335000038146973,7.320000171661377,7.320000171661377,7.320000171661377,2759
2023-07-14 09:34:00-04:00,7.320000171661377,7.324999809265137,7.309999942779541,7.319900035858154,7.319900035858154,4508
2023-07-14 09:35:00-04:00,7.324999809265137,7.329999923706055,7.324999809265137,7.324999809265137,7.324999809265137,18873
2023-07-14 09:36:00-04:00,7.320000171661377,7.320000171661377,7.311100006103516,7.315000057220459,7.315000057220459,11744
2023-07-14 09:37:00-04:00,7.309999942779541,7.315000057220459,7.304999828338623,7.304999828338623,7.304999828338623,14815
2023-07-14 09:38:00-04:00,7.304999828338623,7.309999942779541,7.300000190734863,7.309999942779541,7.309999942779541,2201
2023-07-14 09:39:00-04:00,7.309999942779541,7.324999809265137,7.309999942779541,7.320000171661377,7.320000171661377,10600
2023-07-14 09:40:00-04:00,7.309999942779541,7.309999942779541,7.300000190734863,7.300000190734863,7.300000190734863,4022
2023-07-14 09:41:00-04:00,7.308800220489502,7.308800220489502,7.300000190734863,7.300000190734863,7.300000190734863,1531
2023-07-14 09:42:00-04:00,7.300000190734863,7.304999828338623,7.300000190734863,7.304999828338623,7.304999828338623,4391
2023-07-14 09:43:00-04:00,7.309999942779541,7.309999942779541,7.300000190734863,7.309999942779541,7.309999942779541,20573
2023-07-14 09:44:00-04:00,7.300000190734863,7.303999900817871,7.29040002822876,7.299900054931641,7.299900054931641,28155
2023-07-14 09:45:00-04:00,7.300000190734863,7.300000190734863,7.29010009765625,7.29010009765625,7.29010009765625,9913
2023-07-14 09:46:00-04:00,7.290599822998047,7.295000076293945,7.28000020980835,7.289999961853027,7.289999961853027,17729
2023-07-14 09:47:00-04:00,7.284999847412109,7.289999961853027,7.28000020980835,7.28000020980835,7.28000020980835,3097
2023-07-14 09:48:00-04:00,7.28000020980835,7.289999961853027,7.28000020980835,7.284999847412109,7.284999847412109,902
2023-07-14 09:49:00-04:00,7.284999847412109,7.284999847412109,7.28000020980835,7.28000020980835,7.28000020980835,6177
2023-07-14 09:50:00-04:00,7.28000020980835,7.28000020980835,7.269999980926514,7.275000095367432,7.275000095367432,14912
2023-07-14 09:51:00-04:00,7.269999980926514,7.269999980926514,7.255000114440918,7.255000114440918,7.255000114440918,26574
2023-07-14 09:52:00-04:00,7.255000114440918,7.260300159454346,7.255000114440918,7.255000114440918,7.255000114440918,9754
2023-07-14 09:53:00-04:00,7.25,7.260000228881836,7.25,7.260000228881836,7.260000228881836,2982
2023-07-14 09:54:00-04:00,7.269999980926514,7.275000095367432,7.260000228881836,7.260000228881836,7.260000228881836,40277
2023-07-14 09:55:00-04:00,7.260000228881836,7.260900020599365,7.25,7.25,7.25,5262
2023-07-14 09:56:00-04:00,7.25,7.255000114440918,7.244999885559082,7.25,7.25,14454
2023-07-14 09:57:00-04:00,7.25,7.25,7.239999771118164,7.25,7.25,3071
2023-07-14 09:58:00-04:00,7.2494001388549805,7.260000228881836,7.2494001388549805,7.255000114440918,7.255000114440918,22706
2023-07-14 09:59:00-04:00,7.256700038909912,7.260000228881836,7.255000114440918,7.260000228881836,7.260000228881836,5144
2023-07-14 10:00:00-04:00,7.260000228881836,7.260000228881836,7.244999885559082,7.25,7.25,3723
2023-07-14 10:01:00-04:00,7.25,7.25,7.239999771118164,7.239999771118164,7.239999771118164,9780
2023-07-14 10:02:00-04:00,7.25,7.25,7.224999904632568,7.230000019073486,7.230000019073486,24687
2023-07-14 10:03:00-04:00,7.230000019073486,7.230000019073486,7.222099781036377,7.230000019073486,7.230000019073486,5174
2023-07-14 10:04:00-04:00,7.224999904632568,7.239999771118164,7.224999904632568,7.239999771118164,7.239999771118164,3559
2023-07-14 10:05:00-04:00,7.235000133514404,7.25,7.235000133514404,7.239999771118164,7.239999771118164,18773
2023-07-14 10:06:00-04:00,7.239999771118164,7.25,7.239999771118164,7.25,7.25,3814
2023-07-14 10:07:00-04:00,7.25,7.260000228881836,7.25,7.260000228881836,7.260000228881836,14514
2023-07-14 10:08:00-04:00,7.264999866485596,7.264999866485596,7.255000114440918,7.260000228881836,7.260000228881836,29134
2023-07-14 10:09:00-04:00,7.260000228881836,7.264999866485596,7.259900093078613,7.259900093078613,7.259900093078613,29540
2023-07-14 10:10:00-04:00,7.255000114440918,7.264999866485596,7.255000114440918,7.260000228881836,7.260000228881836,4575
2023-07-14 10:11:00-04:00,7.255000114440918,7.255000114440918,7.239999771118164,7.239999771118164,7.239999771118164,30375
2023-07-14 10:12:00-04:00,7.235000133514404,7.235000133514404,7.230000019073486,7.230000019073486,7.230000019073486,15478
2023-07-14 10:13:00-04:00,7.235000133514404,7.235000133514404,7.222700119018555,7.222700119018555,7.222700119018555,28328
2023-07-14 10:14:00-04:00,7.224999904632568,7.224999904632568,7.21999979019165,7.2210001945495605,7.2210001945495605,3016
2023-07-14 10:15:00-04:00,7.220600128173828,7.220600128173828,7.204999923706055,7.204999923706055,7.204999923706055,12524
2023-07-14 10:16:00-04:00,7.210000038146973,7.210000038146973,7.204999923706055,7.210000038146973,7.210000038146973,9408
2023-07-14 10:17:00-04:00,7.215000152587891,7.21999979019165,7.210000038146973,7.210000038146973,7.210000038146973,2102
2023-07-14 10:18:00-04:00,7.210000038146973,7.210000038146973,7.204999923706055,7.210000038146973,7.210000038146973,19258
2023-07-14 10:19:00-04:00,7.199999809265137,7.201000213623047,7.195000171661377,7.195000171661377,7.195000171661377,14296
2023-07-14 10:20:00-04:00,7.199100017547607,7.204999923706055,7.190000057220459,7.190000057220459,7.190000057220459,73906
2023-07-14 10:21:00-04:00,7.199999809265137,7.210000038146973,7.199999809265137,7.210000038146973,7.210000038146973,5221
2023-07-14 10:22:00-04:00,7.204999923706055,7.204999923706055,7.204999923706055,7.204999923706055,7.204999923706055,1200
2023-07-14 10:23:00-04:00,7.210000038146973,7.210000038146973,7.200099945068359,7.200099945068359,7.200099945068359,8237
2023-07-14 10:24:00-04:00,7.204999923706055,7.204999923706055,7.199999809265137,7.199999809265137,7.199999809265137,1658
2023-07-14 10:25:00-04:00,7.199999809265137,7.199999809265137,7.199999809265137,7.199999809265137,7.199999809265137,932
2023-07-14 10:26:00-04:00,7.199999809265137,7.201200008392334,7.190000057220459,7.190000057220459,7.190000057220459,15161
2023-07-14 10:27:00-04:00,7.190000057220459,7.190000057220459,7.179999828338623,7.180099964141846,7.180099964141846,3741
2023-07-14 10:28:00-04:00,7.179999828338623,7.179999828338623,7.170100212097168,7.175000190734863,7.175000190734863,45338
2023-07-14 10:29:00-04:00,7.175000190734863,7.179999828338623,7.170000076293945,7.170000076293945,7.170000076293945,18430
2023-07-14 10:30:00-04:00,7.170000076293945,7.170000076293945,7.150400161743164,7.15500020980835,7.15500020980835,51422
2023-07-14 10:31:00-04:00,7.150000095367432,7.150000095367432,7.139999866485596,7.139999866485596,7.139999866485596,5229
2023-07-14 10:32:00-04:00,7.139999866485596,7.139999866485596,7.139999866485596,7.139999866485596,7.139999866485596,2587
2023-07-14 10:33:00-04:00,7.144599914550781,7.144599914550781,7.125,7.125,7.125,14790
2023-07-14 10:34:00-04:00,7.119999885559082,7.139999866485596,7.119999885559082,7.139100074768066,7.139100074768066,22110
2023-07-14 10:35:00-04:00,7.135000228881836,7.139999866485596,7.135000228881836,7.139999866485596,7.139999866485596,1324
2023-07-14 10:36:00-04:00,7.135000228881836,7.139999866485596,7.135000228881836,7.139999866485596,7.139999866485596,4370
2023-07-14 10:37:00-04:00,7.139999866485596,7.139999866485596,7.130000114440918,7.139999866485596,7.139999866485596,11586
2023-07-14 10:39:00-04:00,7.139999866485596,7.144999980926514,7.139999866485596,7.144999980926514,7.144999980926514,24982
2023-07-14 10:40:00-04:00,7.150000095367432,7.150000095367432,7.139999866485596,7.144999980926514,7.144999980926514,3125
2023-07-14 10:41:00-04:00,7.139999866485596,7.139999866485596,7.130000114440918,7.130000114440918,7.130000114440918,58066
2023-07-14 10:42:00-04:00,7.119999885559082,7.119999885559082,7.119999885559082,7.119999885559082,7.119999885559082,614
2023-07-14 10:43:00-04:00,7.119999885559082,7.119999885559082,7.119900226593018,7.119999885559082,7.119999885559082,4058
2023-07-14 10:44:00-04:00,7.114999771118164,7.114999771118164,7.101600170135498,7.101600170135498,7.101600170135498,3379
2023-07-14 10:45:00-04:00,7.110000133514404,7.110000133514404,7.099999904632568,7.110000133514404,7.110000133514404,18468
2023-07-14 10:46:00-04:00,7.100800037384033,7.105000019073486,7.099999904632568,7.105000019073486,7.105000019073486,2930
2023-07-14 10:47:00-04:00,7.105000019073486,7.105000019073486,7.099999904632568,7.099999904632568,7.099999904632568,38954
2023-07-14 10:48:00-04:00,7.099999904632568,7.099999904632568,7.099999904632568,7.099999904632568,7.099999904632568,120
2023-07-14 10:49:00-04:00,7.105000019073486,7.110000133514404,7.105000019073486,7.110000133514404,7.110000133514404,14624
2023-07-14 10:50:00-04:00,7.110000133514404,7.114999771118164,7.109300136566162,7.114999771118164,7.114999771118164,11386
2023-07-14 10:51:00-04:00,7.119999885559082,7.130000114440918,7.119999885559082,7.129899978637695,7.129899978637695,4889
2023-07-14 10:52:00-04:00,7.119999885559082,7.119999885559082,7.110000133514404,7.110000133514404,7.110000133514404,81236
2023-07-14 10:53:00-04:00,7.114999771118164,7.119999885559082,7.110000133514404,7.110000133514404,7.110000133514404,5666
2023-07-14 10:54:00-04:00,7.119999885559082,7.119999885559082,7.119999885559082,7.119999885559082,7.119999885559082,204
2023-07-14 10:55:00-04:00,7.119999885559082,7.130000114440918,7.119999885559082,7.130000114440918,7.130000114440918,11640
2023-07-14 10:56:00-04:00,7.130000114440918,7.130000114440918,7.125,7.125,7.125,355
2023-07-14 10:57:00-04:00,7.130000114440918,7.130000114440918,7.125,7.130000114440918,7.130000114440918,1111
2023-07-14 10:58:00-04:00,7.119999885559082,7.119999885559082,7.119999885559082,7.119999885559082,7.119999885559082,12046
2023-07-14 10:59:00-04:00,7.125,7.130000114440918,7.125,7.130000114440918,7.130000114440918,933
2023-07-14 11:00:00-04:00,7.130000114440918,7.130000114440918,7.119999885559082,7.125,7.125,21451
2023-07-14 11:01:00-04:00,7.125,7.127699851989746,7.114999771118164,7.127699851989746,7.127699851989746,72442
2023-07-14 11:02:00-04:00,7.119999885559082,7.119999885559082,7.110000133514404,7.114999771118164,7.114999771118164,13689
2023-07-14 11:03:00-04:00,7.110000133514404,7.119999885559082,7.110000133514404,7.114999771118164,7.114999771118164,15900
2023-07-14 11:04:00-04:00,7.119999885559082,7.119999885559082,7.114999771118164,7.114999771118164,7.114999771118164,3001
2023-07-14 11:05:00-04:00,7.119999885559082,7.119999885559082,7.110000133514404,7.114999771118164,7.114999771118164,11805
2023-07-14 11:06:00-04:00,7.110000133514404,7.139999866485596,7.110000133514404,7.135000228881836,7.135000228881836,67511
2023-07-14 11:07:00-04:00,7.139999866485596,7.139999866485596,7.135000228881836,7.139999866485596,7.139999866485596,42218
2023-07-14 11:08:00-04:00,7.139999866485596,7.139999866485596,7.135000228881836,7.139999866485596,7.139999866485596,5407
2023-07-14 11:09:00-04:00,7.130000114440918,7.130000114440918,7.125,7.130000114440918,7.130000114440918,38008
2023-07-14 11:10:00-04:00,7.125,7.130000114440918,7.125,7.130000114440918,7.130000114440918,3799
2023-07-14 11:11:00-04:00,7.130000114440918,7.135000228881836,7.125,7.135000228881836,7.135000228881836,9811
2023-07-14 11:12:00-04:00,7.139999866485596,7.139999866485596,7.135000228881836,7.135000228881836,7.135000228881836,1105
2023-07-14 11:13:00-04:00,7.138500213623047,7.138599872589111,7.138500213623047,7.138599872589111,7.138599872589111,1550
2023-07-14 11:14:00-04:00,7.139999866485596,7.139999866485596,7.135000228881836,7.135000228881836,7.135000228881836,1011
2023-07-14 11:15:00-04:00,7.139999866485596,7.139999866485596,7.139999866485596,7.139999866485596,7.139999866485596,450
2023-07-14 11:16:00-04:00,7.139999866485596,7.139999866485596,7.139999866485596,7.139999866485596,7.139999866485596,4737
2023-07-14 11:17:00-04:00,7.144999980926514,7.147200107574463,7.139999866485596,7.144999980926514,7.144999980926514,8089
2023-07-14 11:18:00-04:00,7.139999866485596,7.142000198364258,7.139999866485596,7.142000198364258,7.142000198364258,6592
2023-07-14 11:19:00-04:00,7.139999866485596,7.139999866485596,7.130000114440918,7.130000114440918,7.130000114440918,15969
2023-07-14 11:20:00-04:00,7.130000114440918,7.1315999031066895,7.125,7.129899978637695,7.129899978637695,14314
2023-07-14 11:21:00-04:00,7.129499912261963,7.139999866485596,7.129499912261963,7.139100074768066,7.139100074768066,18279
2023-07-14 11:22:00-04:00,7.139999866485596,7.139999866485596,7.139900207519531,7.139900207519531,7.139900207519531,2246
2023-07-14 11:23:00-04:00,7.139100074768066,7.139900207519531,7.139100074768066,7.139900207519531,7.139900207519531,1000
2023-07-14 11:24:00-04:00,7.135000228881836,7.139999866485596,7.135000228881836,7.139999866485596,7.139999866485596,644
2023-07-14 11:25:00-04:00,7.139999866485596,7.139999866485596,7.139100074768066,7.139100074768066,7.139100074768066,2324
2023-07-14 11:26:00-04:00,7.139999866485596,7.150000095367432,7.139999866485596,7.149899959564209,7.149899959564209,37780
2023-07-14 11:27:00-04:00,7.150000095367432,7.159999847412109,7.150000095367432,7.150000095367432,7.150000095367432,23933
2023-07-14 11:28:00-04:00,7.150000095367432,7.151599884033203,7.135000228881836,7.135000228881836,7.135000228881836,36885
2023-07-14 11:29:00-04:00,7.130000114440918,7.139999866485596,7.130000114440918,7.139999866485596,7.139999866485596,5512
2023-07-14 11:30:00-04:00,7.135000228881836,7.139999866485596,7.130000114440918,7.130000114440918,7.130000114440918,8300
2023-07-14 11:31:00-04:00,7.135000228881836,7.135000228881836,7.130000114440918,7.130000114440918,7.130000114440918,313
2023-07-14 11:32:00-04:00,7.130000114440918,7.130000114440918,7.11870002746582,7.11870002746582,7.11870002746582,26360
2023-07-14 11:33:00-04:00,7.119999885559082,7.130000114440918,7.114999771118164,7.119900226593018,7.119900226593018,86104
2023-07-14 11:34:00-04:00,7.119999885559082,7.130000114440918,7.11899995803833,7.11899995803833,7.11899995803833,78432
2023-07-14 11:35:00-04:00,7.119999885559082,7.119999885559082,7.114999771118164,7.119999885559082,7.119999885559082,14673
2023-07-14 11:36:00-04:00,7.114999771118164,7.119999885559082,7.110000133514404,7.114999771118164,7.114999771118164,8900
2023-07-14 11:37:00-04:00,7.114999771118164,7.114999771118164,7.105000019073486,7.109899997711182,7.109899997711182,32230
2023-07-14 11:38:00-04:00,7.099999904632568,7.105000019073486,7.090099811553955,7.105000019073486,7.105000019073486,52476
2023-07-14 11:39:00-04:00,7.110000133514404,7.110000133514404,7.100100040435791,7.100100040435791,7.100100040435791,26110
2023-07-14 11:40:00-04:00,7.110000133514404,7.110000133514404,7.099999904632568,7.105000019073486,7.105000019073486,9243
2023-07-14 11:41:00-04:00,7.105000019073486,7.109899997711182,7.105000019073486,7.105000019073486,7.105000019073486,5460
2023-07-14 11:42:00-04:00,7.110000133514404,7.110000133514404,7.090000152587891,7.090000152587891,7.090000152587891,33186
2023-07-14 11:43:00-04:00,7.090000152587891,7.099999904632568,7.090000152587891,7.09499979019165,7.09499979019165,11300
2023-07-14 11:44:00-04:00,7.0991997718811035,7.099999904632568,7.09499979019165,7.099899768829346,7.099899768829346,10100
2023-07-14 11:45:00-04:00,7.09499979019165,7.09499979019165,7.09499979019165,7.09499979019165,7.09499979019165,221
2023-07-14 11:46:00-04:00,7.09499979019165,7.099999904632568,7.09499979019165,7.099999904632568,7.099999904632568,2751
2023-07-14 11:47:00-04:00,7.09499979019165,7.099899768829346,7.09499979019165,7.099899768829346,7.099899768829346,708
2023-07-14 11:48:00-04:00,7.09499979019165,7.099999904632568,7.09499979019165,7.09499979019165,7.09499979019165,28883
2023-07-14 11:49:00-04:00,7.099899768829346,7.099899768829346,7.09499979019165,7.09499979019165,7.09499979019165,4461
2023-07-14 11:50:00-04:00,7.09499979019165,7.097899913787842,7.090000152587891,7.097899913787842,7.097899913787842,474
2023-07-14 11:51:00-04:00,7.0980000495910645,7.0980000495910645,7.085000038146973,7.085000038146973,7.085000038146973,21102
2023-07-14 11:52:00-04:00,7.085000038146973,7.089200019836426,7.085000038146973,7.085000038146973,7.085000038146973,1200
2023-07-14 11:53:00-04:00,7.090000152587891,7.090000152587891,7.079999923706055,7.085000038146973,7.085000038146973,6211
2023-07-14 11:54:00-04:00,7.085000038146973,7.085000038146973,7.085000038146973,7.085000038146973,7.085000038146973,2639
2023-07-14 11:55:00-04:00,7.090000152587891,7.090000152587891,7.079999923706055,7.090000152587891,7.090000152587891,15660
2023-07-14 11:56:00-04:00,7.090000152587891,7.090000152587891,7.085000038146973,7.085000038146973,7.085000038146973,6222
2023-07-14 11:57:00-04:00,7.090000152587891,7.090000152587891,7.079999923706055,7.090000152587891,7.090000152587891,6971
2023-07-14 11:59:00-04:00,7.098299980163574,7.098299980163574,7.090400218963623,7.0929999351501465,7.0929999351501465,9306
2023-07-14 12:00:00-04:00,7.09499979019165,7.09499979019165,7.09499979019165,7.09499979019165,7.09499979019165,3515
2023-07-14 12:01:00-04:00,7.105000019073486,7.110000133514404,7.09499979019165,7.09499979019165,7.09499979019165,68417
2023-07-14 12:02:00-04:00,7.09499979019165,7.119999885559082,7.094299793243408,7.119999885559082,7.119999885559082,138433
2023-07-14 12:03:00-04:00,7.114999771118164,7.130000114440918,7.110000133514404,7.119999885559082,7.119999885559082,38400
2023-07-14 12:04:00-04:00,7.120299816131592,7.130000114440918,7.119999885559082,7.119999885559082,7.119999885559082,29911
2023-07-14 12:05:00-04:00,7.119999885559082,7.120100021362305,7.119999885559082,7.119999885559082,7.119999885559082,8600
2023-07-14 12:06:00-04:00,7.125,7.130000114440918,7.125,7.125,7.125,841
2023-07-14 12:07:00-04:00,7.119999885559082,7.119999885559082,7.117800235748291,7.119999885559082,7.119999885559082,28906
2023-07-14 12:08:00-04:00,7.114999771118164,7.114999771118164,7.111999988555908,7.114999771118164,7.114999771118164,1482
2023-07-14 12:09:00-04:00,7.114999771118164,7.119999885559082,7.114999771118164,7.119999885559082,7.119999885559082,3554
2023-07-14 12:10:00-04:00,7.110000133514404,7.119999885559082,7.105000019073486,7.105000019073486,7.105000019073486,38863
2023-07-14 12:11:00-04:00,7.105000019073486,7.105000019073486,7.099999904632568,7.099999904632568,7.099999904632568,4101
2023-07-14 12:12:00-04:00,7.109899997711182,7.109899997711182,7.105000019073486,7.105000019073486,7.105000019073486,810
2023-07-14 12:13:00-04:00,7.110000133514404,7.110000133514404,7.099999904632568,7.109899997711182,7.109899997711182,9888
2023-07-14 12:14:00-04:00,7.099999904632568,7.105000019073486,7.099999904632568,7.105000019073486,7.105000019073486,3300
2023-07-14 12:15:00-04:00,7.108699798583984,7.110000133514404,7.099999904632568,7.110000133514404,7.110000133514404,3648
2023-07-14 12:16:00-04:00,7.105000019073486,7.105000019073486,7.105000019073486,7.105000019073486,7.105000019073486,200
2023-07-14 12:17:00-04:00,7.105000019073486,7.105000019073486,7.099999904632568,7.099999904632568,7.099999904632568,2625
2023-07-14 12:18:00-04:00,7.100100040435791,7.108799934387207,7.100100040435791,7.108799934387207,7.108799934387207,24506
2023-07-14 12:19:00-04:00,7.099999904632568,7.100100040435791,7.099999904632568,7.099999904632568,7.099999904632568,7665
2023-07-14 12:20:00-04:00,7.099999904632568,7.099999904632568,7.09499979019165,7.09499979019165,7.09499979019165,17525
2023-07-14 12:21:00-04:00,7.099999904632568,7.110000133514404,7.099999904632568,7.110000133514404,7.110000133514404,15528
2023-07-14 12:22:00-04:00,7.110000133514404,7.114999771118164,7.110000133514404,7.114999771118164,7.114999771118164,9638
2023-07-14 12:23:00-04:00,7.110000133514404,7.110000133514404,7.110000133514404,7.110000133514404,7.110000133514404,115
2023-07-14 12:24:00-04:00,7.119999885559082,7.119999885559082,7.110000133514404,7.110000133514404,7.110000133514404,1521
2023-07-14 12:25:00-04:00,7.119999885559082,7.139999866485596,7.114999771118164,7.130099773406982,7.130099773406982,64593
2023-07-14 12:26:00-04:00,7.130000114440918,7.130099773406982,7.119999885559082,7.119999885559082,7.119999885559082,13866
2023-07-14 12:27:00-04:00,7.130000114440918,7.130000114440918,7.130000114440918,7.130000114440918,7.130000114440918,9026
2023-07-14 12:28:00-04:00,7.139999866485596,7.139999866485596,7.130000114440918,7.130000114440918,7.130000114440918,12009
2023-07-14 12:29:00-04:00,7.130000114440918,7.130000114440918,7.125,7.125,7.125,39241
2023-07-14 12:30:00-04:00,7.125,7.125,7.119999885559082,7.119999885559082,7.119999885559082,4817
2023-07-14 12:31:00-04:00,7.119999885559082,7.119999885559082,7.119999885559082,7.119999885559082,7.119999885559082,600
2023-07-14 12:32:00-04:00,7.119999885559082,7.119999885559082,7.110000133514404,7.110000133514404,7.110000133514404,7036
2023-07-14 12:33:00-04:00,7.119999885559082,7.119999885559082,7.111999988555908,7.119999885559082,7.119999885559082,2730
2023-07-14 12:34:00-04:00,7.119999885559082,7.119999885559082,7.119999885559082,7.119999885559082,7.119999885559082,701
2023-07-14 12:35:00-04:00,7.119999885559082,7.119999885559082,7.114999771118164,7.114999771118164,7.114999771118164,9550
2023-07-14 12:36:00-04:00,7.114999771118164,7.114999771118164,7.110000133514404,7.114999771118164,7.114999771118164,2007
2023-07-14 12:37:00-04:00,7.114999771118164,7.114999771118164,7.114999771118164,7.114999771118164,7.114999771118164,100
2023-07-14 12:38:00-04:00,7.119999885559082,7.119999885559082,7.110000133514404,7.114999771118164,7.114999771118164,1212
2023-07-14 12:39:00-04:00,7.110000133514404,7.110099792480469,7.110000133514404,7.110000133514404,7.110000133514404,12543
2023-07-14 12:40:00-04:00,7.110000133514404,7.110000133514404,7.099999904632568,7.105000019073486,7.105000019073486,11145
2023-07-14 12:41:00-04:00,7.110000133514404,7.110000133514404,7.105000019073486,7.105000019073486,7.105000019073486,498
2023-07-14 12:42:00-04:00,7.105000019073486,7.109000205993652,7.102200031280518,7.109000205993652,7.109000205993652,2386
2023-07-14 12:43:00-04:00,7.102499961853027,7.105000019073486,7.102499961853027,7.105000019073486,7.105000019073486,200
2023-07-14 12:44:00-04:00,7.100100040435791,7.105000019073486,7.100100040435791,7.102499961853027,7.102499961853027,4085
2023-07-14 12:45:00-04:00,7.109000205993652,7.110000133514404,7.105000019073486,7.105000019073486,7.105000019073486,2542
2023-07-14 12:46:00-04:00,7.101900100708008,7.105000019073486,7.099999904632568,7.105000019073486,7.105000019073486,3725
2023-07-14 12:47:00-04:00,7.105000019073486,7.110000133514404,7.099999904632568,7.110000133514404,7.110000133514404,7521
2023-07-14 12:48:00-04:00,7.099999904632568,7.105000019073486,7.099999904632568,7.099999904632568,7.099999904632568,2206
2023-07-14 12:49:00-04:00,7.105000019073486,7.105000019073486,7.099999904632568,7.105000019073486,7.105000019073486,3500
2023-07-14 12:50:00-04:00,7.105000019073486,7.110000133514404,7.105000019073486,7.105000019073486,7.105000019073486,2582
2023-07-14 12:51:00-04:00,7.110000133514404,7.110000133514404,7.099999904632568,7.099999904632568,7.099999904632568,601
2023-07-14 12:52:00-04:00,7.105000019073486,7.105000019073486,7.099999904632568,7.105000019073486,7.105000019073486,934
2023-07-14 12:53:00-04:00,7.105000019073486,7.110000133514404,7.102499961853027,7.110000133514404,7.110000133514404,1310
2023-07-14 12:54:00-04:00,7.099999904632568,7.102499961853027,7.099999904632568,7.102499961853027,7.102499961853027,200
2023-07-14 12:55:00-04:00,7.109899997711182,7.109899997711182,7.099999904632568,7.105000019073486,7.105000019073486,6017
2023-07-14 12:56:00-04:00,7.099999904632568,7.105000019073486,7.099999904632568,7.105000019073486,7.105000019073486,12027
2023-07-14 12:57:00-04:00,7.105000019073486,7.105000019073486,7.099999904632568,7.099999904632568,7.099999904632568,5000
2023-07-14 12:58:00-04:00,7.099999904632568,7.099999904632568,7.099999904632568,7.099999904632568,7.099999904632568,312
2023-07-14 12:59:00-04:00,7.099999904632568,7.101600170135498,7.099999904632568,7.099999904632568,7.099999904632568,4900
2023-07-14 13:00:00-04:00,7.099999904632568,7.099999904632568,7.090000152587891,7.09499979019165,7.09499979019165,10229
2023-07-14 13:01:00-04:00,7.090000152587891,7.090099811553955,7.079999923706055,7.089900016784668,7.089900016784668,14127
2023-07-14 13:02:00-04:00,7.082499980926514,7.085000038146973,7.079999923706055,7.079999923706055,7.079999923706055,1310
2023-07-14 13:03:00-04:00,7.079999923706055,7.079999923706055,7.079999923706055,7.079999923706055,7.079999923706055,100
2023-07-14 13:04:00-04:00,7.085000038146973,7.090000152587891,7.085000038146973,7.090000152587891,7.090000152587891,22499
2023-07-14 13:05:00-04:00,7.085000038146973,7.09499979019165,7.085000038146973,7.09499979019165,7.09499979019165,11603
2023-07-14 13:06:00-04:00,7.090400218963623,7.090400218963623,7.090000152587891,7.090000152587891,7.090000152587891,5336
2023-07-14 13:08:00-04:00,7.090000152587891,7.090000152587891,7.081999778747559,7.081999778747559,7.081999778747559,8050
2023-07-14 13:09:00-04:00,7.088799953460693,7.088799953460693,7.088799953460693,7.088799953460693,7.088799953460693,500
2023-07-14 13:10:00-04:00,7.085000038146973,7.09499979019165,7.085000038146973,7.090000152587891,7.090000152587891,12716
2023-07-14 13:11:00-04:00,7.090000152587891,7.090000152587891,7.090000152587891,7.090000152587891,7.090000152587891,192
2023-07-14 13:13:00-04:00,7.091400146484375,7.091400146484375,7.091400146484375,7.091400146484375,7.091400146484375,203
2023-07-14 13:14:00-04:00,7.0920000076293945,7.09499979019165,7.0920000076293945,7.09499979019165,7.09499979019165,212
2023-07-14 13:16:00-04:00,7.090000152587891,7.090000152587891,7.079999923706055,7.079999923706055,7.079999923706055,17337
2023-07-14 13:17:00-04:00,7.079999923706055,7.090000152587891,7.079999923706055,7.090000152587891,7.090000152587891,11482
2023-07-14 13:18:00-04:00,7.085000038146973,7.090000152587891,7.081999778747559,7.081999778747559,7.081999778747559,16088
2023-07-14 13:19:00-04:00,7.085000038146973,7.090000152587891,7.085000038146973,7.090000152587891,7.090000152587891,1100
2023-07-14 13:20:00-04:00,7.090000152587891,7.090000152587891,7.085000038146973,7.090000152587891,7.090000152587891,3524
2023-07-14 13:21:00-04:00,7.085000038146973,7.090000152587891,7.085000038146973,7.085000038146973,7.085000038146973,876
2023-07-14 13:22:00-04:00,7.090000152587891,7.090000152587891,7.079999923706055,7.079999923706055,7.079999923706055,5046
2023-07-14 13:23:00-04:00,7.090000152587891,7.090000152587891,7.085000038146973,7.085000038146973,7.085000038146973,4725
2023-07-14 13:24:00-04:00,7.079999923706055,7.082499980926514,7.079999923706055,7.082499980926514,7.082499980926514,381
2023-07-14 13:25:00-04:00,7.085000038146973,7.089000225067139,7.079999923706055,7.079999923706055,7.079999923706055,3312
2023-07-14 13:26:00-04:00,7.079999923706055,7.090000152587891,7.079999923706055,7.079999923706055,7.079999923706055,2223
2023-07-14 13:27:00-04:00,7.090000152587891,7.090000152587891,7.082499980926514,7.085000038146973,7.085000038146973,3028
2023-07-14 13:28:00-04:00,7.085000038146973,7.09499979019165,7.085000038146973,7.090000152587891,7.090000152587891,31390
2023-07-14 13:29:00-04:00,7.090000152587891,7.090000152587891,7.090000152587891,7.090000152587891,7.090000152587891,2808
2023-07-14 13:30:00-04:00,7.09499979019165,7.098199844360352,7.09499979019165,7.098199844360352,7.098199844360352,1810
2023-07-14 13:31:00-04:00,7.09499979019165,7.09499979019165,7.090000152587891,7.090000152587891,7.090000152587891,2667
2023-07-14 13:32:00-04:00,7.09499979019165,7.099999904632568,7.090000152587891,7.09499979019165,7.09499979019165,7725
2023-07-14 13:34:00-04:00,7.09499979019165,7.09499979019165,7.09499979019165,7.09499979019165,7.09499979019165,1200
2023-07-14 13:35:00-04:00,7.09499979019165,7.09499979019165,7.09499979019165,7.09499979019165,7.09499979019165,400
2023-07-14 13:36:00-04:00,7.099999904632568,7.099999904632568,7.09499979019165,7.09499979019165,7.09499979019165,2013
2023-07-14 13:37:00-04:00,7.099999904632568,7.099999904632568,7.09499979019165,7.09499979019165,7.09499979019165,1610
2023-07-14 13:38:00-04:00,7.099999904632568,7.099999904632568,7.099999904632568,7.099999904632568,7.099999904632568,12496
2023-07-14 13:39:00-04:00,7.108399868011475,7.108399868011475,7.108399868011475,7.108399868011475,7.108399868011475,974
2023-07-14 13:40:00-04:00,7.105000019073486,7.105000019073486,7.105000019073486,7.105000019073486,7.105000019073486,303
2023-07-14 13:41:00-04:00,7.105000019073486,7.105000019073486,7.105000019073486,7.105000019073486,7.105000019073486,1149
2023-07-14 13:42:00-04:00,7.099999904632568,7.105000019073486,7.099999904632568,7.105000019073486,7.105000019073486,1273
2023-07-14 13:43:00-04:00,7.110000133514404,7.110000133514404,7.110000133514404,7.110000133514404,7.110000133514404,613
2023-07-14 13:44:00-04:00,7.105000019073486,7.105000019073486,7.099999904632568,7.105000019073486,7.105000019073486,1020
2023-07-14 13:45:00-04:00,7.105000019073486,7.1097002029418945,7.105000019073486,7.1097002029418945,7.1097002029418945,866
2023-07-14 13:47:00-04:00,7.099999904632568,7.099999904632568,7.099999904632568,7.099999904632568,7.099999904632568,1360
2023-07-14 13:48:00-04:00,7.105000019073486,7.105000019073486,7.105000019073486,7.105000019073486,7.105000019073486,200
2023-07-14 13:49:00-04:00,7.099999904632568,7.105000019073486,7.099999904632568,7.105000019073486,7.105000019073486,1348
2023-07-14 13:50:00-04:00,7.099999904632568,7.099999904632568,7.09499979019165,7.09499979019165,7.09499979019165,27006
2023-07-14 13:51:00-04:00,7.09499979019165,7.09499979019165,7.090000152587891,7.09499979019165,7.09499979019165,630
2023-07-14 13:52:00-04:00,7.09499979019165,7.099999904632568,7.090000152587891,7.09499979019165,7.09499979019165,5975
2023-07-14 13:53:00-04:00,7.09499979019165,7.099999904632568,7.09499979019165,7.09499979019165,7.09499979019165,1458
2023-07-14 13:54:00-04:00,7.099999904632568,7.099999904632568,7.090000152587891,7.099999904632568,7.099999904632568,991
2023-07-14 13:55:00-04:00,7.09499979019165,7.099999904632568,7.09250020980835,7.09499979019165,7.09499979019165,1484
2023-07-14 13:56:00-04:00,7.099999904632568,7.110000133514404,7.099999904632568,7.110000133514404,7.110000133514404,33470
2023-07-14 13:57:00-04:00,7.105000019073486,7.105000019073486,7.105000019073486,7.105000019073486,7.105000019073486,675
2023-07-14 13:58:00-04:00,7.105000019073486,7.105000019073486,7.105000019073486,7.105000019073486,7.105000019073486,700
2023-07-14 13:59:00-04:00,7.105000019073486,7.105000019073486,7.105000019073486,7.105000019073486,7.105000019073486,319
2023-07-14 14:00:00-04:00,7.105000019073486,7.105000019073486,7.099999904632568,7.099999904632568,7.099999904632568,2813
2023-07-14 14:01:00-04:00,7.105000019073486,7.105000019073486,7.105000019073486,7.105000019073486,7.105000019073486,2592
2023-07-14 14:02:00-04:00,7.105000019073486,7.105000019073486,7.105000019073486,7.105000019073486,7.105000019073486,1502
2023-07-14 14:03:00-04:00,7.105000019073486,7.105000019073486,7.105000019073486,7.105000019073486,7.105000019073486,213
2023-07-14 14:05:00-04:00,7.110000133514404,7.110000133514404,7.105000019073486,7.110000133514404,7.110000133514404,18610
2023-07-14 14:06:00-04:00,7.110000133514404,7.114999771118164,7.110000133514404,7.114999771118164,7.114999771118164,14004
2023-07-14 14:07:00-04:00,7.119999885559082,7.119999885559082,7.114999771118164,7.119999885559082,7.119999885559082,1634
2023-07-14 14:08:00-04:00,7.119999885559082,7.119999885559082,7.114999771118164,7.114999771118164,7.114999771118164,1601
2023-07-14 14:10:00-04:00,7.119999885559082,7.119999885559082,7.114999771118164,7.119999885559082,7.119999885559082,3234
2023-07-14 14:11:00-04:00,7.119999885559082,7.119999885559082,7.119999885559082,7.119999885559082,7.119999885559082,1089
2023-07-14 14:12:00-04:00,7.11899995803833,7.11899995803833,7.114999771118164,7.114999771118164,7.114999771118164,1065
2023-07-14 14:13:00-04:00,7.114999771118164,7.114999771118164,7.114999771118164,7.114999771118164,7.114999771118164,186
2023-07-14 14:15:00-04:00,7.119999885559082,7.119999885559082,7.114999771118164,7.114999771118164,7.114999771118164,1118
2023-07-14 14:16:00-04:00,7.114999771118164,7.119999885559082,7.114999771118164,7.114999771118164,7.114999771118164,1009
2023-07-14 14:18:00-04:00,7.114999771118164,7.119999885559082,7.114999771118164,7.114999771118164,7.114999771118164,697
2023-07-14 14:19:00-04:00,7.114999771118164,7.119999885559082,7.110000133514404,7.117499828338623,7.117499828338623,603
2023-07-14 14:20:00-04:00,7.114999771118164,7.114999771118164,7.114999771118164,7.114999771118164,7.114999771118164,205
2023-07-14 14:21:00-04:00,7.110499858856201,7.110499858856201,7.110000133514404,7.110000133514404,7.110000133514404,450
2023-07-14 14:22:00-04:00,7.119999885559082,7.125,7.110000133514404,7.119999885559082,7.119999885559082,80610
2023-07-14 14:23:00-04:00,7.130000114440918,7.130000114440918,7.119999885559082,7.125,7.125,1531
2023-07-14 14:24:00-04:00,7.125,7.129899978637695,7.114999771118164,7.114999771118164,7.114999771118164,33068
2023-07-14 14:25:00-04:00,7.114999771118164,7.114999771118164,7.114999771118164,7.114999771118164,7.114999771118164,4149
2023-07-14 14:26:00-04:00,7.119999885559082,7.119999885559082,7.110000133514404,7.114999771118164,7.114999771118164,7198
2023-07-14 14:27:00-04:00,7.110000133514404,7.119900226593018,7.099999904632568,7.099999904632568,7.099999904632568,48763
2023-07-14 14:28:00-04:00,7.099999904632568,7.10830020904541,7.099999904632568,7.10830020904541,7.10830020904541,606
2023-07-14 14:29:00-04:00,7.099999904632568,7.099999904632568,7.099999904632568,7.099999904632568,7.099999904632568,307
2023-07-14 14:31:00-04:00,7.099999904632568,7.105000019073486,7.090000152587891,7.090000152587891,7.090000152587891,40030
2023-07-14 14:32:00-04:00,7.09499979019165,7.098999977111816,7.090000152587891,7.098999977111816,7.098999977111816,896
2023-07-14 14:33:00-04:00,7.090000152587891,7.09499979019165,7.090000152587891,7.09499979019165,7.09499979019165,462
2023-07-14 14:34:00-04:00,7.0914998054504395,7.0914998054504395,7.085000038146973,7.085000038146973,7.085000038146973,17459
2023-07-14 14:35:00-04:00,7.085000038146973,7.090000152587891,7.079999923706055,7.079999923706055,7.079999923706055,9332
2023-07-14 14:36:00-04:00,7.079999923706055,7.090000152587891,7.079999923706055,7.085000038146973,7.085000038146973,10060
2023-07-14 14:37:00-04:00,7.085000038146973,7.085000038146973,7.079999923706055,7.079999923706055,7.079999923706055,5908
2023-07-14 14:38:00-04:00,7.090000152587891,7.090000152587891,7.082499980926514,7.082499980926514,7.082499980926514,15557
2023-07-14 14:39:00-04:00,7.090000152587891,7.090000152587891,7.079999923706055,7.085000038146973,7.085000038146973,3725
2023-07-14 14:40:00-04:00,7.090000152587891,7.090000152587891,7.079999923706055,7.079999923706055,7.079999923706055,22185
2023-07-14 14:41:00-04:00,7.085000038146973,7.085000038146973,7.079999923706055,7.079999923706055,7.079999923706055,2391
2023-07-14 14:42:00-04:00,7.090000152587891,7.090000152587891,7.070000171661377,7.070000171661377,7.070000171661377,50806
2023-07-14 14:43:00-04:00,7.074999809265137,7.074999809265137,7.070000171661377,7.070000171661377,7.070000171661377,1153
2023-07-14 14:44:00-04:00,7.079999923706055,7.079999923706055,7.070000171661377,7.079999923706055,7.079999923706055,1202
2023-07-14 14:45:00-04:00,7.074999809265137,7.074999809265137,7.070000171661377,7.074999809265137,7.074999809265137,1205
2023-07-14 14:46:00-04:00,7.070000171661377,7.074999809265137,7.070000171661377,7.074999809265137,7.074999809265137,927
2023-07-14 14:47:00-04:00,7.074999809265137,7.074999809265137,7.070000171661377,7.071400165557861,7.071400165557861,2750
2023-07-14 14:48:00-04:00,7.070000171661377,7.070000171661377,7.070000171661377,7.070000171661377,7.070000171661377,662
2023-07-14 14:49:00-04:00,7.070000171661377,7.079899787902832,7.070000171661377,7.070000171661377,7.070000171661377,6648
2023-07-14 14:50:00-04:00,7.079999923706055,7.085000038146973,7.074999809265137,7.074999809265137,7.074999809265137,50358
2023-07-14 14:52:00-04:00,7.085000038146973,7.085000038146973,7.085000038146973,7.085000038146973,7.085000038146973,5600
2023-07-14 14:53:00-04:00,7.079999923706055,7.079999923706055,7.079999923706055,7.079999923706055,7.079999923706055,1615
2023-07-14 14:54:00-04:00,7.079999923706055,7.079999923706055,7.079999923706055,7.079999923706055,7.079999923706055,999
2023-07-14 14:55:00-04:00,7.079999923706055,7.079999923706055,7.079999923706055,7.079999923706055,7.079999923706055,1465
2023-07-14 14:56:00-04:00,7.079999923706055,7.079999923706055,7.079999923706055,7.079999923706055,7.079999923706055,744
2023-07-14 14:57:00-04:00,7.079999923706055,7.079999923706055,7.079999923706055,7.079999923706055,7.079999923706055,850
2023-07-14 14:58:00-04:00,7.085000038146973,7.085000038146973,7.079999923706055,7.079999923706055,7.079999923706055,3739
2023-07-14 14:59:00-04:00,7.079999923706055,7.081299781799316,7.079999923706055,7.079999923706055,7.079999923706055,2542
2023-07-14 15:00:00-04:00,7.080999851226807,7.085000038146973,7.074999809265137,7.079899787902832,7.079899787902832,20646
2023-07-14 15:01:00-04:00,7.079899787902832,7.079899787902832,7.070000171661377,7.078400135040283,7.078400135040283,3008
2023-07-14 15:02:00-04:00,7.070000171661377,7.070099830627441,7.059999942779541,7.069900035858154,7.069900035858154,65583
2023-07-14 15:03:00-04:00,7.059999942779541,7.070000171661377,7.059999942779541,7.070000171661377,7.070000171661377,6533
2023-07-14 15:04:00-04:00,7.059999942779541,7.070000171661377,7.059999942779541,7.070000171661377,7.070000171661377,2102
2023-07-14 15:05:00-04:00,7.070000171661377,7.070000171661377,7.059999942779541,7.059999942779541,7.059999942779541,6148
2023-07-14 15:06:00-04:00,7.059999942779541,7.065000057220459,7.059999942779541,7.065000057220459,7.065000057220459,405
2023-07-14 15:07:00-04:00,7.070000171661377,7.074999809265137,7.065000057220459,7.074999809265137,7.074999809265137,35782
2023-07-14 15:08:00-04:00,7.072800159454346,7.079999923706055,7.070000171661377,7.070099830627441,7.070099830627441,29673
2023-07-14 15:09:00-04:00,7.071100234985352,7.079999923706055,7.070000171661377,7.070000171661377,7.070000171661377,32691
2023-07-14 15:10:00-04:00,7.070000171661377,7.077700138092041,7.070000171661377,7.070000171661377,7.070000171661377,804
2023-07-14 15:11:00-04:00,7.074999809265137,7.074999809265137,7.070000171661377,7.07390022277832,7.07390022277832,2192
2023-07-14 15:12:00-04:00,7.070000171661377,7.071000099182129,7.070000171661377,7.071000099182129,7.071000099182129,12727
2023-07-14 15:13:00-04:00,7.070000171661377,7.070000171661377,7.065000057220459,7.070000171661377,7.070000171661377,36571
2023-07-14 15:14:00-04:00,7.070000171661377,7.079999923706055,7.070000171661377,7.079999923706055,7.079999923706055,17218
2023-07-14 15:15:00-04:00,7.079999923706055,7.079999923706055,7.074999809265137,7.079999923706055,7.079999923706055,15635
2023-07-14 15:16:00-04:00,7.074999809265137,7.079999923706055,7.074999809265137,7.074999809265137,7.074999809265137,16383
2023-07-14 15:17:00-04:00,7.079999923706055,7.079999923706055,7.074999809265137,7.079999923706055,7.079999923706055,12127
2023-07-14 15:18:00-04:00,7.074999809265137,7.079999923706055,7.074999809265137,7.074999809265137,7.074999809265137,3084
2023-07-14 15:19:00-04:00,7.0792999267578125,7.0792999267578125,7.070000171661377,7.070000171661377,7.070000171661377,1484
2023-07-14 15:20:00-04:00,7.074999809265137,7.074999809265137,7.070000171661377,7.070000171661377,7.070000171661377,2142
2023-07-14 15:21:00-04:00,7.074999809265137,7.074999809265137,7.070099830627441,7.070099830627441,7.070099830627441,4111
2023-07-14 15:22:00-04:00,7.070000171661377,7.077499866485596,7.070000171661377,7.077499866485596,7.077499866485596,4980
2023-07-14 15:23:00-04:00,7.074999809265137,7.074999809265137,7.074999809265137,7.074999809265137,7.074999809265137,414
2023-07-14 15:24:00-04:00,7.074999809265137,7.079999923706055,7.074999809265137,7.074999809265137,7.074999809265137,10817
2023-07-14 15:25:00-04:00,7.078199863433838,7.078199863433838,7.074999809265137,7.074999809265137,7.074999809265137,1410
2023-07-14 15:26:00-04:00,7.079999923706055,7.079999923706055,7.070000171661377,7.070000171661377,7.070000171661377,1103
2023-07-14 15:27:00-04:00,7.070000171661377,7.070000171661377,7.059999942779541,7.059999942779541,7.059999942779541,45879
2023-07-14 15:28:00-04:00,7.065000057220459,7.065000057220459,7.059999942779541,7.065000057220459,7.065000057220459,3313
2023-07-14 15:29:00-04:00,7.065000057220459,7.065000057220459,7.059999942779541,7.059999942779541,7.059999942779541,3360
2023-07-14 15:30:00-04:00,7.059999942779541,7.065000057220459,7.059999942779541,7.065000057220459,7.065000057220459,1525
2023-07-14 15:31:00-04:00,7.059999942779541,7.059999942779541,7.059999942779541,7.059999942779541,7.059999942779541,717
2023-07-14 15:32:00-04:00,7.065000057220459,7.070000171661377,7.059999942779541,7.065000057220459,7.065000057220459,1785
2023-07-14 15:33:00-04:00,7.070000171661377,7.070000171661377,7.059999942779541,7.059999942779541,7.059999942779541,2700
2023-07-14 15:34:00-04:00,7.065000057220459,7.065000057220459,7.059999942779541,7.059999942779541,7.059999942779541,1857
2023-07-14 15:35:00-04:00,7.059999942779541,7.069900035858154,7.059999942779541,7.059999942779541,7.059999942779541,10032
2023-07-14 15:36:00-04:00,7.059999942779541,7.0605998039245605,7.052499771118164,7.059899806976318,7.059899806976318,46948
2023-07-14 15:37:00-04:00,7.054999828338623,7.059999942779541,7.052499771118164,7.054999828338623,7.054999828338623,18316
2023-07-14 15:38:00-04:00,7.059899806976318,7.059999942779541,7.050000190734863,7.054999828338623,7.054999828338623,17509
2023-07-14 15:39:00-04:00,7.054999828338623,7.059999942779541,7.052499771118164,7.054999828338623,7.054999828338623,5320
2023-07-14 15:40:00-04:00,7.054999828338623,7.074999809265137,7.054999828338623,7.074999809265137,7.074999809265137,108935
2023-07-14 15:41:00-04:00,7.070000171661377,7.070199966430664,7.070000171661377,7.070000171661377,7.070000171661377,4846
2023-07-14 15:42:00-04:00,7.070899963378906,7.074999809265137,7.059999942779541,7.059999942779541,7.059999942779541,81249
2023-07-14 15:43:00-04:00,7.059999942779541,7.065000057220459,7.054999828338623,7.054999828338623,7.054999828338623,9907
2023-07-14 15:44:00-04:00,7.054999828338623,7.054999828338623,7.054999828338623,7.054999828338623,7.054999828338623,205
2023-07-14 15:45:00-04:00,7.054999828338623,7.054999828338623,7.054999828338623,7.054999828338623,7.054999828338623,2317
2023-07-14 15:46:00-04:00,7.054999828338623,7.059899806976318,7.05210018157959,7.05210018157959,7.05210018157959,6101
2023-07-14 15:47:00-04:00,7.054999828338623,7.054999828338623,7.050000190734863,7.050099849700928,7.050099849700928,8915
2023-07-14 15:48:00-04:00,7.050000190734863,7.050000190734863,7.050000190734863,7.050000190734863,7.050000190734863,7020
2023-07-14 15:49:00-04:00,7.050000190734863,7.0578999519348145,7.050000190734863,7.050000190734863,7.050000190734863,3073
2023-07-14 15:50:00-04:00,7.050000190734863,7.059999942779541,7.050000190734863,7.050000190734863,7.050000190734863,1130
2023-07-14 15:51:00-04:00,7.050000190734863,7.054999828338623,7.050000190734863,7.054999828338623,7.054999828338623,2076
2023-07-14 15:52:00-04:00,7.050000190734863,7.054999828338623,7.050000190734863,7.054999828338623,7.054999828338623,1986
2023-07-14 15:53:00-04:00,7.059999942779541,7.059999942779541,7.050000190734863,7.050000190734863,7.050000190734863,2768
2023-07-14 15:54:00-04:00,7.050000190734863,7.059999942779541,7.050000190734863,7.050000190734863,7.050000190734863,5792
2023-07-14 15:55:00-04:00,7.059999942779541,7.059999942779541,7.050000190734863,7.052499771118164,7.052499771118164,39917
2023-07-14 15:56:00-04:00,7.059999942779541,7.059999942779541,7.052499771118164,7.054999828338623,7.054999828338623,16729
2023-07-14 15:57:00-04:00,7.054999828338623,7.059999942779541,7.050000190734863,7.050000190734863,7.050000190734863,33310
2023-07-14 15:58:00-04:00,7.057499885559082,7.059999942779541,7.050000190734863,7.050000190734863,7.050000190734863,11873
2023-07-14 15:59:00-04:00,7.054999828338623,7.070000171661377,7.050000190734863,7.059999942779541,7.059999942779541,89569
