Date,Open,High,Low,Close,Adj Close,Volume
2024-04-23 09:30:00-04:00,345.9700012207031,345.9700012207031,345.9700012207031,345.9700012207031,345.9700012207031,5939
2024-04-23 09:35:00-04:00,345.1000061035156,345.1000061035156,345.1000061035156,345.1000061035156,345.1000061035156,263
2024-04-23 09:38:00-04:00,346.3999938964844,346.8399963378906,345.95001220703125,345.95001220703125,345.95001220703125,1605
2024-04-23 09:39:00-04:00,346.5799865722656,346.5799865722656,346.5799865722656,346.5799865722656,346.5799865722656,415
2024-04-23 09:40:00-04:00,346.8550109863281,346.8900146484375,346.82000732421875,346.8900146484375,346.8900146484375,1042
2024-04-23 09:43:00-04:00,346.4200134277344,346.4200134277344,346.4200134277344,346.4200134277344,346.4200134277344,3160
2024-04-23 09:46:00-04:00,345.8800048828125,346.04998779296875,345.760009765625,345.760009765625,345.760009765625,1333
2024-04-23 09:48:00-04:00,346.04998779296875,346.04998779296875,345.82000732421875,345.82000732421875,345.82000732421875,585
2024-04-23 09:49:00-04:00,345.79998779296875,345.79998779296875,345.6600036621094,345.6600036621094,345.6600036621094,620
2024-04-23 09:50:00-04:00,345.8450012207031,345.8450012207031,345.6700134277344,345.6700134277344,345.6700134277344,1341
2024-04-23 09:51:00-04:00,345.5799865722656,345.8800048828125,345.5799865722656,345.8800048828125,345.8800048828125,1314
2024-04-23 09:52:00-04:00,345.82000732421875,346.2200012207031,345.82000732421875,346.2200012207031,346.2200012207031,454
2024-04-23 09:53:00-04:00,345.82000732421875,345.82000732421875,345.82000732421875,345.82000732421875,345.82000732421875,653
2024-04-23 09:55:00-04:00,346.1449890136719,346.1449890136719,346.1449890136719,346.1449890136719,346.1449890136719,375
2024-04-23 09:56:00-04:00,346.1600036621094,346.1600036621094,346.07000732421875,346.07000732421875,346.07000732421875,1036
2024-04-23 09:57:00-04:00,346.0769958496094,346.0769958496094,346.0769958496094,346.0769958496094,346.0769958496094,628
2024-04-23 09:58:00-04:00,345.5899963378906,345.5899963378906,345.5299987792969,345.5299987792969,345.5299987792969,1027
2024-04-23 10:02:00-04:00,345.6427917480469,346.0,345.6427917480469,345.7200012207031,345.7200012207031,3316
2024-04-23 10:04:00-04:00,346.010009765625,346.010009765625,346.0,346.0,346.0,1086
2024-04-23 10:06:00-04:00,345.9649963378906,345.9649963378906,345.9649963378906,345.9649963378906,345.9649963378906,259
2024-04-23 10:07:00-04:00,345.93499755859375,345.93499755859375,345.9200134277344,345.9200134277344,345.9200134277344,2191
2024-04-23 10:08:00-04:00,346.3900146484375,346.5299987792969,346.3900146484375,346.5299987792969,346.5299987792969,625
2024-04-23 10:09:00-04:00,346.6400146484375,346.6499938964844,346.4700012207031,346.6499938964844,346.6499938964844,3353
2024-04-23 10:10:00-04:00,347.05999755859375,347.1300048828125,346.8299865722656,346.8299865722656,346.8299865722656,1688
2024-04-23 10:11:00-04:00,346.8257141113281,346.8257141113281,346.8257141113281,346.8257141113281,346.8257141113281,461
2024-04-23 10:12:00-04:00,347.0963134765625,347.30999755859375,347.0963134765625,347.30999755859375,347.30999755859375,794
2024-04-23 10:13:00-04:00,347.30499267578125,347.30499267578125,347.30499267578125,347.30499267578125,347.30499267578125,1019
2024-04-23 10:15:00-04:00,347.1099853515625,347.239990234375,347.010009765625,347.0799865722656,347.0799865722656,2657
2024-04-23 10:16:00-04:00,347.32000732421875,347.32000732421875,347.32000732421875,347.32000732421875,347.32000732421875,920
2024-04-23 10:17:00-04:00,347.4049987792969,347.5150146484375,347.4049987792969,347.5150146484375,347.5150146484375,754
2024-04-23 10:18:00-04:00,347.6300048828125,347.8299865722656,347.6300048828125,347.760009765625,347.760009765625,803
2024-04-23 10:19:00-04:00,347.760009765625,347.8500061035156,347.760009765625,347.8500061035156,347.8500061035156,1184
2024-04-23 10:21:00-04:00,348.010009765625,348.010009765625,347.8699951171875,347.92999267578125,347.92999267578125,2494
2024-04-23 10:22:00-04:00,347.9150085449219,347.9150085449219,347.7200012207031,347.8500061035156,347.8500061035156,1644
2024-04-23 10:23:00-04:00,347.8699951171875,347.9849853515625,347.7300109863281,347.9800109863281,347.9800109863281,2921
2024-04-23 10:24:00-04:00,347.9700012207031,348.0,347.9200134277344,347.989990234375,347.989990234375,2298
2024-04-23 10:25:00-04:00,348.2300109863281,348.2300109863281,348.2300109863281,348.2300109863281,348.2300109863281,203
2024-04-23 10:26:00-04:00,348.3299865722656,348.5350036621094,348.3299865722656,348.3500061035156,348.3500061035156,4170
2024-04-23 10:27:00-04:00,348.44500732421875,348.44500732421875,348.44500732421875,348.44500732421875,348.44500732421875,1218
2024-04-23 10:28:00-04:00,348.3999938964844,348.55999755859375,348.3999938964844,348.55999755859375,348.55999755859375,1406
2024-04-23 10:30:00-04:00,348.5,348.75,348.489990234375,348.75,348.75,2978
2024-04-23 10:32:00-04:00,348.7799987792969,348.9700012207031,348.7799987792969,348.9700012207031,348.9700012207031,2180
2024-04-23 10:33:00-04:00,349.1000061035156,349.2049865722656,349.0199890136719,349.1400146484375,349.1400146484375,936
2024-04-23 10:34:00-04:00,348.989990234375,348.989990234375,348.80999755859375,348.80999755859375,348.80999755859375,1511
2024-04-23 10:35:00-04:00,348.7799987792969,349.0400085449219,348.7799987792969,349.0400085449219,349.0400085449219,3257
2024-04-23 10:36:00-04:00,348.94000244140625,349.010009765625,348.94000244140625,349.0,349.0,2114
2024-04-23 10:37:00-04:00,348.95001220703125,348.95001220703125,348.6099853515625,348.6099853515625,348.6099853515625,3054
2024-04-23 10:38:00-04:00,348.5199890136719,348.5199890136719,348.5199890136719,348.5199890136719,348.5199890136719,1037
2024-04-23 10:39:00-04:00,348.4200134277344,348.4200134277344,348.3299865722656,348.3299865722656,348.3299865722656,2424
2024-04-23 10:40:00-04:00,348.2099914550781,348.2099914550781,348.2099914550781,348.2099914550781,348.2099914550781,751
2024-04-23 10:41:00-04:00,348.4100036621094,348.4100036621094,348.2950134277344,348.2950134277344,348.2950134277344,834
2024-04-23 10:45:00-04:00,348.4599914550781,348.4700012207031,348.4100036621094,348.42498779296875,348.42498779296875,1815
2024-04-23 10:46:00-04:00,348.3349914550781,348.3349914550781,348.239990234375,348.239990234375,348.239990234375,1313
2024-04-23 10:47:00-04:00,348.25,348.25,348.25,348.25,348.25,2063
2024-04-23 10:50:00-04:00,348.2200012207031,348.2200012207031,348.2200012207031,348.2200012207031,348.2200012207031,452
2024-04-23 10:51:00-04:00,348.25,348.25,348.25,348.25,348.25,1038
2024-04-23 10:55:00-04:00,348.2900085449219,348.5199890136719,348.2900085449219,348.5199890136719,348.5199890136719,2368
2024-04-23 10:56:00-04:00,348.5,348.5,348.5,348.5,348.5,269
2024-04-23 10:58:00-04:00,348.5899963378906,348.6199951171875,348.5899963378906,348.6199951171875,348.6199951171875,3918
2024-04-23 10:59:00-04:00,348.75,348.75,348.75,348.75,348.75,488
2024-04-23 11:01:00-04:00,348.67999267578125,348.67999267578125,348.54998779296875,348.6199951171875,348.6199951171875,1488
2024-04-23 11:02:00-04:00,348.5,348.67999267578125,348.5,348.67999267578125,348.67999267578125,1370
2024-04-23 11:04:00-04:00,348.7049865722656,348.7049865722656,348.7049865722656,348.7049865722656,348.7049865722656,477
2024-04-23 11:05:00-04:00,348.82000732421875,348.82000732421875,348.7799987792969,348.7799987792969,348.7799987792969,414
2024-04-23 11:06:00-04:00,348.8800048828125,348.8800048828125,348.7149963378906,348.7149963378906,348.7149963378906,1884
2024-04-23 11:07:00-04:00,348.760009765625,348.760009765625,348.760009765625,348.760009765625,348.760009765625,558
2024-04-23 11:08:00-04:00,348.68499755859375,348.68499755859375,348.4599914550781,348.4599914550781,348.4599914550781,5067
2024-04-23 11:09:00-04:00,348.56500244140625,348.56500244140625,348.510009765625,348.55499267578125,348.55499267578125,834
2024-04-23 11:10:00-04:00,348.55499267578125,348.6099853515625,348.55499267578125,348.6099853515625,348.6099853515625,1732
2024-04-23 11:11:00-04:00,348.69500732421875,348.69500732421875,348.69500732421875,348.69500732421875,348.69500732421875,286
2024-04-23 11:12:00-04:00,348.7449951171875,348.7449951171875,348.7449951171875,348.7449951171875,348.7449951171875,339
2024-04-23 11:13:00-04:00,348.9800109863281,348.9800109863281,348.9800109863281,348.9800109863281,348.9800109863281,1043
2024-04-23 11:15:00-04:00,349.20001220703125,349.4599914550781,349.20001220703125,349.45001220703125,349.45001220703125,1945
2024-04-23 11:16:00-04:00,349.0849914550781,349.0849914550781,348.8500061035156,348.8500061035156,348.8500061035156,2005
2024-04-23 11:17:00-04:00,348.7099914550781,348.7099914550781,348.7099914550781,348.7099914550781,348.7099914550781,144
2024-04-23 11:18:00-04:00,348.7699890136719,348.7699890136719,348.7569885253906,348.7569885253906,348.7569885253906,1661
2024-04-23 11:20:00-04:00,348.8699951171875,348.92999267578125,348.8699951171875,348.92999267578125,348.92999267578125,538
2024-04-23 11:22:00-04:00,348.8349914550781,348.8349914550781,348.8349914550781,348.8349914550781,348.8349914550781,256
2024-04-23 11:23:00-04:00,348.95001220703125,348.95001220703125,348.84271240234375,348.8500061035156,348.8500061035156,1015
2024-04-23 11:24:00-04:00,348.8500061035156,348.8500061035156,348.8500061035156,348.8500061035156,348.8500061035156,136
2024-04-23 11:25:00-04:00,348.8450012207031,348.8450012207031,348.70001220703125,348.70001220703125,348.70001220703125,1953
2024-04-23 11:26:00-04:00,348.7300109863281,348.8399963378906,348.7300109863281,348.7300109863281,348.7300109863281,2782
2024-04-23 11:27:00-04:00,348.7300109863281,348.7300109863281,348.7300109863281,348.7300109863281,348.7300109863281,748
2024-04-23 11:28:00-04:00,348.7200012207031,348.7250061035156,348.6099853515625,348.7250061035156,348.7250061035156,971
2024-04-23 11:29:00-04:00,348.7250061035156,348.7250061035156,348.489990234375,348.5150146484375,348.5150146484375,2635
2024-04-23 11:30:00-04:00,348.42999267578125,348.4949951171875,348.3999938964844,348.3999938964844,348.3999938964844,2312
2024-04-23 11:31:00-04:00,348.5,348.5,348.44000244140625,348.44000244140625,348.44000244140625,463
2024-04-23 11:32:00-04:00,348.44000244140625,348.4549865722656,348.25,348.25,348.25,2559
2024-04-23 11:33:00-04:00,348.260009765625,348.260009765625,348.260009765625,348.260009765625,348.260009765625,729
2024-04-23 11:34:00-04:00,348.3699951171875,348.3699951171875,348.3599853515625,348.3599853515625,348.3599853515625,897
2024-04-23 11:35:00-04:00,348.29998779296875,348.32000732421875,348.2799987792969,348.32000732421875,348.32000732421875,735
2024-04-23 11:36:00-04:00,348.3399963378906,348.3399963378906,348.2699890136719,348.2699890136719,348.2699890136719,1752
2024-04-23 11:37:00-04:00,348.4849853515625,348.7799987792969,348.4800109863281,348.739990234375,348.739990234375,1857
2024-04-23 11:40:00-04:00,348.760009765625,348.760009765625,348.760009765625,348.760009765625,348.760009765625,150
2024-04-23 11:41:00-04:00,348.5299987792969,348.5299987792969,348.5199890136719,348.5299987792969,348.5299987792969,721
2024-04-23 11:42:00-04:00,348.5299987792969,348.6499938964844,348.5299987792969,348.614990234375,348.614990234375,1340
2024-04-23 11:43:00-04:00,348.6000061035156,348.82000732421875,348.55999755859375,348.82000732421875,348.82000732421875,2143
2024-04-23 11:45:00-04:00,348.75,348.75,348.75,348.75,348.75,300
2024-04-23 11:46:00-04:00,348.5299987792969,348.635009765625,348.510009765625,348.635009765625,348.635009765625,829
2024-04-23 11:47:00-04:00,348.5299987792969,348.5299987792969,348.5299987792969,348.5299987792969,348.5299987792969,1246
2024-04-23 11:48:00-04:00,348.6400146484375,348.6400146484375,348.6400146484375,348.6400146484375,348.6400146484375,519
2024-04-23 11:50:00-04:00,348.510009765625,348.510009765625,348.510009765625,348.510009765625,348.510009765625,1314
2024-04-23 11:51:00-04:00,348.6099853515625,348.6099853515625,348.5,348.5950012207031,348.5950012207031,1554
2024-04-23 11:52:00-04:00,348.5299987792969,348.5299987792969,348.5199890136719,348.5199890136719,348.5199890136719,1095
2024-04-23 11:53:00-04:00,348.5299987792969,348.5799865722656,348.5,348.5799865722656,348.5799865722656,4000
2024-04-23 11:54:00-04:00,348.7900085449219,348.7900085449219,348.6449890136719,348.6449890136719,348.6449890136719,2020
2024-04-23 11:58:00-04:00,348.635009765625,348.635009765625,348.635009765625,348.635009765625,348.635009765625,1886
2024-04-23 11:59:00-04:00,348.7799987792969,348.92999267578125,348.7799987792969,348.92999267578125,348.92999267578125,1300
2024-04-23 12:00:00-04:00,348.8299865722656,348.8299865722656,348.8299865722656,348.8299865722656,348.8299865722656,681
2024-04-23 12:01:00-04:00,348.8399963378906,348.8399963378906,348.8399963378906,348.8399963378906,348.8399963378906,549
2024-04-23 12:03:00-04:00,348.8800048828125,348.8800048828125,348.8800048828125,348.8800048828125,348.8800048828125,365
2024-04-23 12:04:00-04:00,348.8450012207031,349.0899963378906,348.8450012207031,349.0899963378906,349.0899963378906,762
2024-04-23 12:05:00-04:00,348.8500061035156,348.9599914550781,348.8399963378906,348.9599914550781,348.9599914550781,1232
2024-04-23 12:06:00-04:00,348.9549865722656,349.05999755859375,348.9549865722656,349.05999755859375,349.05999755859375,536
2024-04-23 12:07:00-04:00,348.989990234375,348.989990234375,348.989990234375,348.989990234375,348.989990234375,1962
2024-04-23 12:09:00-04:00,349.17999267578125,349.17999267578125,349.17999267578125,349.17999267578125,349.17999267578125,539
2024-04-23 12:10:00-04:00,349.17999267578125,349.239990234375,349.17999267578125,349.239990234375,349.239990234375,753
2024-04-23 12:12:00-04:00,349.20001220703125,349.20001220703125,349.0,349.0,349.0,1867
2024-04-23 12:14:00-04:00,349.0,349.04998779296875,349.0,349.04998779296875,349.04998779296875,992
2024-04-23 12:15:00-04:00,349.1600036621094,349.1600036621094,349.1600036621094,349.1600036621094,349.1600036621094,226
2024-04-23 12:16:00-04:00,349.2200012207031,349.2200012207031,349.2200012207031,349.2200012207031,349.2200012207031,1492
2024-04-23 12:20:00-04:00,349.29998779296875,349.29998779296875,349.29998779296875,349.29998779296875,349.29998779296875,700
2024-04-23 12:21:00-04:00,349.3800048828125,349.3800048828125,349.3800048828125,349.3800048828125,349.3800048828125,300
2024-04-23 12:22:00-04:00,349.2149963378906,349.3599853515625,349.2149963378906,349.3599853515625,349.3599853515625,497
2024-04-23 12:24:00-04:00,349.29998779296875,349.3800048828125,349.29998779296875,349.3500061035156,349.3500061035156,1690
2024-04-23 12:25:00-04:00,349.43499755859375,349.43499755859375,349.1600036621094,349.1600036621094,349.1600036621094,4896
2024-04-23 12:27:00-04:00,349.2300109863281,349.2384948730469,349.2300109863281,349.2384948730469,349.2384948730469,1154
2024-04-23 12:28:00-04:00,349.260009765625,349.3500061035156,349.2300109863281,349.2300109863281,349.2300109863281,1172
2024-04-23 12:30:00-04:00,349.19000244140625,349.19000244140625,349.19000244140625,349.19000244140625,349.19000244140625,1017
2024-04-23 12:32:00-04:00,349.2749938964844,349.2749938964844,349.2749938964844,349.2749938964844,349.2749938964844,290
2024-04-23 12:33:00-04:00,349.25,349.45001220703125,349.25,349.45001220703125,349.45001220703125,2571
2024-04-23 12:34:00-04:00,349.29998779296875,349.42498779296875,349.29998779296875,349.42498779296875,349.42498779296875,1093
2024-04-23 12:35:00-04:00,349.3599853515625,349.3599853515625,349.3599853515625,349.3599853515625,349.3599853515625,682
2024-04-23 12:36:00-04:00,349.5899963378906,349.5899963378906,349.5899963378906,349.5899963378906,349.5899963378906,413
2024-04-23 12:38:00-04:00,349.6600036621094,349.6600036621094,349.6600036621094,349.6600036621094,349.6600036621094,567
2024-04-23 12:39:00-04:00,349.6700134277344,350.0660095214844,349.6700134277344,349.9549865722656,349.9549865722656,8235
2024-04-23 12:40:00-04:00,350.0249938964844,350.0899963378906,350.010009765625,350.010009765625,350.010009765625,1500
2024-04-23 12:42:00-04:00,349.8699951171875,349.8699951171875,349.7099914550781,349.8450012207031,349.8450012207031,3452
2024-04-23 12:44:00-04:00,349.7550048828125,349.7550048828125,349.7550048828125,349.7550048828125,349.7550048828125,655
2024-04-23 12:46:00-04:00,349.7449951171875,349.7449951171875,349.7449951171875,349.7449951171875,349.7449951171875,439
2024-04-23 12:47:00-04:00,349.760009765625,349.760009765625,349.70001220703125,349.760009765625,349.760009765625,2614
2024-04-23 12:48:00-04:00,349.912109375,349.912109375,349.912109375,349.912109375,349.912109375,1514
2024-04-23 12:50:00-04:00,349.94000244140625,349.94000244140625,349.92999267578125,349.94000244140625,349.94000244140625,1310
2024-04-23 12:51:00-04:00,350.05999755859375,350.05999755859375,350.05999755859375,350.05999755859375,350.05999755859375,332
2024-04-23 12:53:00-04:00,349.9700012207031,349.9700012207031,349.9700012207031,349.9700012207031,349.9700012207031,532
2024-04-23 12:54:00-04:00,349.95001220703125,349.95001220703125,349.95001220703125,349.95001220703125,349.95001220703125,606
2024-04-23 12:55:00-04:00,349.86700439453125,349.86700439453125,349.69000244140625,349.739990234375,349.739990234375,4448
2024-04-23 12:56:00-04:00,349.8699951171875,349.9599914550781,349.8699951171875,349.9599914550781,349.9599914550781,1451
2024-04-23 12:57:00-04:00,349.9800109863281,350.0899963378906,349.9049987792969,350.05999755859375,350.05999755859375,861
2024-04-23 12:58:00-04:00,350.07989501953125,350.07989501953125,349.510009765625,349.69000244140625,349.69000244140625,8258
2024-04-23 12:59:00-04:00,349.76800537109375,349.76800537109375,349.3900146484375,349.3900146484375,349.3900146484375,2948
2024-04-23 13:00:00-04:00,349.0199890136719,349.239990234375,349.0199890136719,349.239990234375,349.239990234375,1300
2024-04-23 13:01:00-04:00,349.30499267578125,349.30499267578125,349.30499267578125,349.30499267578125,349.30499267578125,310
2024-04-23 13:02:00-04:00,349.2300109863281,349.32000732421875,349.1499938964844,349.32000732421875,349.32000732421875,524
2024-04-23 13:03:00-04:00,349.1549987792969,349.1700134277344,349.1449890136719,349.1449890136719,349.1449890136719,1148
2024-04-23 13:04:00-04:00,349.1499938964844,349.3299865722656,349.1499938964844,349.2900085449219,349.2900085449219,1663
2024-04-23 13:05:00-04:00,349.2200012207031,349.3500061035156,349.2200012207031,349.3500061035156,349.3500061035156,673
2024-04-23 13:06:00-04:00,349.2250061035156,349.2250061035156,349.2250061035156,349.2250061035156,349.2250061035156,383
2024-04-23 13:07:00-04:00,349.2200012207031,349.2200012207031,349.2149963378906,349.2149963378906,349.2149963378906,1734
2024-04-23 13:08:00-04:00,349.2200012207031,349.29998779296875,349.2200012207031,349.29998779296875,349.29998779296875,2240
2024-04-23 13:09:00-04:00,349.2049865722656,349.2049865722656,348.9700012207031,348.9949951171875,348.9949951171875,3370
2024-04-23 13:10:00-04:00,349.0,349.1499938964844,349.0,349.1499938964844,349.1499938964844,3553
2024-04-23 13:11:00-04:00,349.0350036621094,349.260009765625,349.0350036621094,349.260009765625,349.260009765625,1258
2024-04-23 13:12:00-04:00,349.260009765625,349.260009765625,349.0799865722656,349.0799865722656,349.0799865722656,1445
2024-04-23 13:13:00-04:00,349.1050109863281,349.2850036621094,349.1050109863281,349.1700134277344,349.1700134277344,1731
2024-04-23 13:14:00-04:00,349.07000732421875,349.07000732421875,349.07000732421875,349.07000732421875,349.07000732421875,2476
2024-04-23 13:15:00-04:00,348.9200134277344,349.0350036621094,348.9200134277344,349.0350036621094,349.0350036621094,390
2024-04-23 13:16:00-04:00,348.9200134277344,348.9949951171875,348.6400146484375,348.6400146484375,348.6400146484375,2194
2024-04-23 13:17:00-04:00,348.6700134277344,348.6700134277344,348.6700134277344,348.6700134277344,348.6700134277344,233
2024-04-23 13:18:00-04:00,348.6650085449219,348.75,348.6650085449219,348.75,348.75,2234
2024-04-23 13:21:00-04:00,348.7650146484375,348.7650146484375,348.7650146484375,348.7650146484375,348.7650146484375,1044
2024-04-23 13:23:00-04:00,348.82000732421875,348.82000732421875,348.7633972167969,348.7633972167969,348.7633972167969,410
2024-04-23 13:24:00-04:00,348.75,348.75,348.6700134277344,348.75,348.75,3349
2024-04-23 13:25:00-04:00,348.7099914550781,348.7099914550781,348.7099914550781,348.7099914550781,348.7099914550781,636
2024-04-23 13:26:00-04:00,348.7449951171875,348.7449951171875,348.7449951171875,348.7449951171875,348.7449951171875,2552
2024-04-23 13:27:00-04:00,348.7174987792969,348.7174987792969,348.7174987792969,348.7174987792969,348.7174987792969,456
2024-04-23 13:29:00-04:00,348.82000732421875,348.8500061035156,348.82000732421875,348.8500061035156,348.8500061035156,1744
2024-04-23 13:30:00-04:00,348.8349914550781,348.8349914550781,348.8349914550781,348.8349914550781,348.8349914550781,307
2024-04-23 13:31:00-04:00,348.8349914550781,348.8349914550781,348.8349914550781,348.8349914550781,348.8349914550781,437
2024-04-23 13:32:00-04:00,348.8349914550781,348.8349914550781,348.6499938964844,348.6499938964844,348.6499938964844,2419
2024-04-23 13:33:00-04:00,348.6650085449219,348.6650085449219,348.6650085449219,348.6650085449219,348.6650085449219,477
2024-04-23 13:34:00-04:00,348.739990234375,348.8599853515625,348.739990234375,348.739990234375,348.739990234375,4338
2024-04-23 13:35:00-04:00,348.75,348.75,348.5799865722656,348.67498779296875,348.67498779296875,2957
2024-04-23 13:36:00-04:00,348.55999755859375,348.55999755859375,348.29998779296875,348.43499755859375,348.43499755859375,931
2024-04-23 13:37:00-04:00,348.42999267578125,348.42999267578125,348.42999267578125,348.42999267578125,348.42999267578125,262
2024-04-23 13:38:00-04:00,348.42999267578125,348.42999267578125,348.42999267578125,348.42999267578125,348.42999267578125,171
2024-04-23 13:39:00-04:00,348.43499755859375,348.6000061035156,348.43499755859375,348.6000061035156,348.6000061035156,2305
2024-04-23 13:41:00-04:00,348.54998779296875,348.54998779296875,348.54998779296875,348.54998779296875,348.54998779296875,1431
2024-04-23 13:42:00-04:00,348.5400085449219,348.5400085449219,348.5400085449219,348.5400085449219,348.5400085449219,235
2024-04-23 13:43:00-04:00,348.5400085449219,348.5400085449219,348.5400085449219,348.5400085449219,348.5400085449219,261
2024-04-23 13:44:00-04:00,348.6300048828125,348.7699890136719,348.6300048828125,348.739990234375,348.739990234375,1451
2024-04-23 13:45:00-04:00,348.5899963378906,348.5899963378906,348.57501220703125,348.57501220703125,348.57501220703125,802
2024-04-23 13:46:00-04:00,348.7200012207031,348.7200012207031,348.7200012207031,348.7200012207031,348.7200012207031,923
2024-04-23 13:47:00-04:00,348.55999755859375,348.7099914550781,348.55999755859375,348.7099914550781,348.7099914550781,1231
2024-04-23 13:49:00-04:00,348.57000732421875,348.7699890136719,348.57000732421875,348.7699890136719,348.7699890136719,1326
2024-04-23 13:50:00-04:00,348.5899963378906,348.75,348.5799865722656,348.5799865722656,348.5799865722656,2251
2024-04-23 13:52:00-04:00,348.5899963378906,348.7200012207031,348.56500244140625,348.56500244140625,348.56500244140625,722
2024-04-23 13:53:00-04:00,348.56500244140625,348.56500244140625,348.56500244140625,348.56500244140625,348.56500244140625,422
2024-04-23 13:54:00-04:00,348.55999755859375,348.55999755859375,348.55999755859375,348.55999755859375,348.55999755859375,914
2024-04-23 13:55:00-04:00,348.6400146484375,348.6400146484375,348.6400146484375,348.6400146484375,348.6400146484375,421
2024-04-23 13:56:00-04:00,348.5199890136719,348.7349853515625,348.5,348.7349853515625,348.7349853515625,2562
2024-04-23 13:57:00-04:00,348.55499267578125,348.55499267578125,348.55499267578125,348.55499267578125,348.55499267578125,465
2024-04-23 13:58:00-04:00,348.67999267578125,348.67999267578125,348.67999267578125,348.67999267578125,348.67999267578125,368
2024-04-23 13:59:00-04:00,348.55999755859375,348.6600036621094,348.55499267578125,348.6600036621094,348.6600036621094,911
2024-04-23 14:00:00-04:00,348.5450134277344,348.5450134277344,348.5450134277344,348.5450134277344,348.5450134277344,676
2024-04-23 14:01:00-04:00,348.5150146484375,348.5150146484375,348.4700012207031,348.510009765625,348.510009765625,1568
2024-04-23 14:03:00-04:00,348.5249938964844,348.55999755859375,348.5249938964844,348.5249938964844,348.5249938964844,1262
2024-04-23 14:04:00-04:00,348.5249938964844,348.5249938964844,348.5249938964844,348.5249938964844,348.5249938964844,623
2024-04-23 14:05:00-04:00,348.5199890136719,348.5199890136719,348.5199890136719,348.5199890136719,348.5199890136719,1599
2024-04-23 14:06:00-04:00,348.5150146484375,348.5150146484375,348.5150146484375,348.5150146484375,348.5150146484375,670
2024-04-23 14:08:00-04:00,348.5150146484375,348.5150146484375,348.5150146484375,348.5150146484375,348.5150146484375,1584
2024-04-23 14:09:00-04:00,348.5,348.5,348.5,348.5,348.5,1313
2024-04-23 14:10:00-04:00,348.5,348.6400146484375,348.5,348.6400146484375,348.6400146484375,2940
2024-04-23 14:11:00-04:00,348.6300048828125,348.6300048828125,348.6300048828125,348.6300048828125,348.6300048828125,733
2024-04-23 14:12:00-04:00,348.625,348.625,348.6000061035156,348.6199951171875,348.6199951171875,4096
2024-04-23 14:13:00-04:00,348.6199951171875,348.989990234375,348.5199890136719,348.6000061035156,348.6000061035156,12984
2024-04-23 14:14:00-04:00,348.614990234375,348.70001220703125,348.614990234375,348.70001220703125,348.70001220703125,1722
2024-04-23 14:15:00-04:00,348.5849914550781,348.5849914550781,348.1650085449219,348.1650085449219,348.1650085449219,3963
2024-04-23 14:16:00-04:00,348.2200012207031,348.2300109863281,348.05999755859375,348.1000061035156,348.1000061035156,1716
2024-04-23 14:17:00-04:00,348.2349853515625,348.2349853515625,348.2250061035156,348.2250061035156,348.2250061035156,976
2024-04-23 14:18:00-04:00,348.2300109863281,348.32000732421875,348.2250061035156,348.2250061035156,348.2250061035156,662
2024-04-23 14:19:00-04:00,348.2250061035156,348.42999267578125,348.2250061035156,348.30499267578125,348.30499267578125,2284
2024-04-23 14:20:00-04:00,348.3550109863281,348.3550109863281,348.3550109863281,348.3550109863281,348.3550109863281,277
2024-04-23 14:21:00-04:00,348.31500244140625,348.31500244140625,348.31500244140625,348.31500244140625,348.31500244140625,267
2024-04-23 14:22:00-04:00,348.260009765625,348.260009765625,348.260009765625,348.260009765625,348.260009765625,626
2024-04-23 14:23:00-04:00,348.3800048828125,348.3999938964844,348.3599853515625,348.3599853515625,348.3599853515625,1259
2024-04-23 14:24:00-04:00,348.2749938964844,348.2749938964844,348.2749938964844,348.2749938964844,348.2749938964844,363
2024-04-23 14:25:00-04:00,348.2749938964844,348.2749938964844,348.2749938964844,348.2749938964844,348.2749938964844,354
2024-04-23 14:26:00-04:00,348.2650146484375,348.2650146484375,348.2250061035156,348.2250061035156,348.2250061035156,488
2024-04-23 14:27:00-04:00,348.2250061035156,348.2250061035156,348.2200012207031,348.2200012207031,348.2200012207031,1431
2024-04-23 14:29:00-04:00,348.2149963378906,348.2149963378906,347.8800048828125,347.9750061035156,347.9750061035156,4574
2024-04-23 14:30:00-04:00,347.875,347.875,347.7149963378906,347.7900085449219,347.7900085449219,1489
2024-04-23 14:32:00-04:00,347.7699890136719,347.7699890136719,347.5,347.5,347.5,817
2024-04-23 14:33:00-04:00,347.5,347.5,347.5,347.5,347.5,689
2024-04-23 14:34:00-04:00,347.5899963378906,347.6199951171875,347.5899963378906,347.6199951171875,347.6199951171875,1343
2024-04-23 14:35:00-04:00,347.5199890136719,347.5899963378906,347.5199890136719,347.5199890136719,347.5199890136719,564
2024-04-23 14:36:00-04:00,347.4700012207031,347.5299987792969,347.4700012207031,347.4700012207031,347.4700012207031,917
2024-04-23 14:37:00-04:00,347.4525146484375,347.4599914550781,347.45001220703125,347.45001220703125,347.45001220703125,633
2024-04-23 14:38:00-04:00,347.45001220703125,347.5350036621094,347.1700134277344,347.1700134277344,347.1700134277344,3337
2024-04-23 14:40:00-04:00,346.989990234375,346.989990234375,346.989990234375,346.989990234375,346.989990234375,308
2024-04-23 14:41:00-04:00,346.8299865722656,346.8299865722656,346.6400146484375,346.6400146484375,346.6400146484375,2452
2024-04-23 14:42:00-04:00,346.6000061035156,346.6000061035156,346.6000061035156,346.6000061035156,346.6000061035156,415
2024-04-23 14:43:00-04:00,346.5199890136719,346.5899963378906,346.5,346.5899963378906,346.5899963378906,644
2024-04-23 14:44:00-04:00,346.73748779296875,346.739990234375,346.7149963378906,346.7149963378906,346.7149963378906,5197
2024-04-23 14:46:00-04:00,346.5,346.510009765625,346.4100036621094,346.4100036621094,346.4100036621094,1389
2024-04-23 14:47:00-04:00,346.3599853515625,346.5350036621094,346.17999267578125,346.17999267578125,346.17999267578125,1158
2024-04-23 14:48:00-04:00,346.1700134277344,346.1700134277344,345.95001220703125,345.95001220703125,345.95001220703125,744
2024-04-23 14:49:00-04:00,346.07501220703125,346.20001220703125,346.07501220703125,346.19500732421875,346.19500732421875,1156
2024-04-23 14:50:00-04:00,346.3599853515625,346.3599853515625,346.20001220703125,346.20001220703125,346.20001220703125,515
2024-04-23 14:51:00-04:00,346.1400146484375,346.1400146484375,346.1050109863281,346.1050109863281,346.1050109863281,678
2024-04-23 14:52:00-04:00,346.0400085449219,346.17498779296875,346.0400085449219,346.17498779296875,346.17498779296875,545
2024-04-23 14:53:00-04:00,345.8900146484375,345.8900146484375,345.760009765625,345.7699890136719,345.7699890136719,1124
2024-04-23 14:55:00-04:00,345.7799987792969,345.8900146484375,345.67999267578125,345.8900146484375,345.8900146484375,1531
2024-04-23 14:56:00-04:00,346.05999755859375,346.1300048828125,346.05999755859375,346.1300048828125,346.1300048828125,906
2024-04-23 14:57:00-04:00,346.18499755859375,346.18499755859375,346.04998779296875,346.04998779296875,346.04998779296875,2284
2024-04-23 14:59:00-04:00,346.39788818359375,346.4100036621094,346.39788818359375,346.4100036621094,346.4100036621094,683
2024-04-23 15:00:00-04:00,346.59991455078125,346.59991455078125,346.59991455078125,346.59991455078125,346.59991455078125,2015
2024-04-23 15:01:00-04:00,346.30999755859375,346.31500244140625,346.1000061035156,346.1000061035156,346.1000061035156,2140
2024-04-23 15:02:00-04:00,346.04998779296875,346.0639953613281,345.82000732421875,345.8399963378906,345.8399963378906,7283
2024-04-23 15:03:00-04:00,345.818603515625,346.0,345.818603515625,346.0,346.0,1734
2024-04-23 15:04:00-04:00,345.8500061035156,345.8550109863281,345.8500061035156,345.8550109863281,345.8550109863281,309
2024-04-23 15:05:00-04:00,345.9599914550781,345.9599914550781,345.8450012207031,345.8450012207031,345.8450012207031,333
2024-04-23 15:06:00-04:00,345.9200134277344,345.9200134277344,345.8699951171875,345.8699951171875,345.8699951171875,1106
2024-04-23 15:07:00-04:00,345.739990234375,345.8399963378906,345.5799865722656,345.8399963378906,345.8399963378906,1115
2024-04-23 15:08:00-04:00,345.918701171875,346.0,345.760009765625,345.8949890136719,345.8949890136719,13160
2024-04-23 15:09:00-04:00,345.80999755859375,345.80999755859375,345.55999755859375,345.55999755859375,345.55999755859375,1832
2024-04-23 15:10:00-04:00,345.4100036621094,345.4100036621094,345.3599853515625,345.3800048828125,345.3800048828125,1838
2024-04-23 15:11:00-04:00,345.45001220703125,345.45001220703125,345.4049987792969,345.4049987792969,345.4049987792969,1212
2024-04-23 15:13:00-04:00,345.5899963378906,345.7749938964844,345.5199890136719,345.7749938964844,345.7749938964844,3095
2024-04-23 15:14:00-04:00,345.6300048828125,345.6400146484375,345.5199890136719,345.5199890136719,345.5199890136719,2171
2024-04-23 15:15:00-04:00,345.3599853515625,345.3599853515625,345.2799987792969,345.3599853515625,345.3599853515625,2344
2024-04-23 15:16:00-04:00,345.2799987792969,345.2799987792969,345.2799987792969,345.2799987792969,345.2799987792969,388
2024-04-23 15:17:00-04:00,345.30999755859375,345.3999938964844,345.260009765625,345.3999938964844,345.3999938964844,2196
2024-04-23 15:18:00-04:00,345.2699890136719,345.2699890136719,345.260009765625,345.260009765625,345.260009765625,573
2024-04-23 15:19:00-04:00,345.510009765625,345.510009765625,345.510009765625,345.510009765625,345.510009765625,299
2024-04-23 15:20:00-04:00,345.2300109863281,345.32000732421875,345.2200012207031,345.32000732421875,345.32000732421875,1443
2024-04-23 15:21:00-04:00,345.3133850097656,345.3800048828125,345.239990234375,345.3800048828125,345.3800048828125,4438
2024-04-23 15:22:00-04:00,345.30999755859375,345.30999755859375,345.29998779296875,345.29998779296875,345.29998779296875,970
2024-04-23 15:23:00-04:00,345.260009765625,345.29998779296875,345.25,345.29998779296875,345.29998779296875,841
2024-04-23 15:24:00-04:00,345.20001220703125,345.3299865722656,345.20001220703125,345.3299865722656,345.3299865722656,634
2024-04-23 15:25:00-04:00,345.3399963378906,345.864990234375,345.260009765625,345.864990234375,345.864990234375,3454
2024-04-23 15:26:00-04:00,345.8800048828125,345.8800048828125,345.6400146484375,345.6600036621094,345.6600036621094,3159
2024-04-23 15:27:00-04:00,345.6600036621094,345.6600036621094,345.6499938964844,345.6499938964844,345.6499938964844,523
2024-04-23 15:28:00-04:00,345.6300048828125,345.67498779296875,345.6199951171875,345.67498779296875,345.67498779296875,1219
2024-04-23 15:29:00-04:00,345.67999267578125,345.67999267578125,345.5299987792969,345.5299987792969,345.5299987792969,1810
2024-04-23 15:30:00-04:00,345.4100036621094,345.4750061035156,345.3949890136719,345.3949890136719,345.3949890136719,1821
2024-04-23 15:31:00-04:00,345.42498779296875,345.42498779296875,345.42498779296875,345.42498779296875,345.42498779296875,248
2024-04-23 15:32:00-04:00,345.57000732421875,345.57000732421875,345.42999267578125,345.42999267578125,345.42999267578125,961
2024-04-23 15:33:00-04:00,345.4464111328125,345.6000061035156,345.4464111328125,345.5849914550781,345.5849914550781,3790
2024-04-23 15:34:00-04:00,345.45001220703125,345.489990234375,345.3699951171875,345.4100036621094,345.4100036621094,1723
2024-04-23 15:35:00-04:00,345.30999755859375,345.30999755859375,345.30999755859375,345.30999755859375,345.30999755859375,373
2024-04-23 15:36:00-04:00,345.32000732421875,345.4100036621094,345.32000732421875,345.3949890136719,345.3949890136719,1727
2024-04-23 15:37:00-04:00,345.3949890136719,345.4150085449219,345.29998779296875,345.29998779296875,345.29998779296875,1401
2024-04-23 15:38:00-04:00,345.3800048828125,345.4200134277344,345.2900085449219,345.3450012207031,345.3450012207031,5762
2024-04-23 15:39:00-04:00,345.3399963378906,345.3399963378906,344.9200134277344,344.9200134277344,344.9200134277344,4969
2024-04-23 15:40:00-04:00,345.04998779296875,345.1199951171875,345.04998779296875,345.07000732421875,345.07000732421875,2384
2024-04-23 15:41:00-04:00,345.05999755859375,345.135009765625,345.0,345.0,345.0,2323
2024-04-23 15:42:00-04:00,344.9200134277344,345.0199890136719,344.9200134277344,345.0,345.0,1908
2024-04-23 15:43:00-04:00,345.1000061035156,345.20001220703125,345.1000061035156,345.20001220703125,345.20001220703125,2072
2024-04-23 15:44:00-04:00,345.2799987792969,345.3800048828125,345.2799987792969,345.3450012207031,345.3450012207031,3423
2024-04-23 15:45:00-04:00,345.2699890136719,345.364990234375,345.2699890136719,345.2699890136719,345.2699890136719,1707
2024-04-23 15:46:00-04:00,345.260009765625,345.3900146484375,345.20001220703125,345.3900146484375,345.3900146484375,4478
2024-04-23 15:47:00-04:00,345.2699890136719,345.4200134277344,345.2699890136719,345.4049987792969,345.4049987792969,2743
2024-04-23 15:48:00-04:00,345.3299865722656,345.3299865722656,345.1300048828125,345.2049865722656,345.2049865722656,5120
2024-04-23 15:49:00-04:00,345.2049865722656,345.2099914550781,345.1400146484375,345.19500732421875,345.19500732421875,1455
2024-04-23 15:50:00-04:00,345.30999755859375,345.3450012207031,345.19000244140625,345.2900085449219,345.2900085449219,4296
2024-04-23 15:51:00-04:00,345.1700134277344,345.42999267578125,345.1700134277344,345.29998779296875,345.29998779296875,7657
2024-04-23 15:52:00-04:00,345.3550109863281,345.42999267578125,345.30999755859375,345.385009765625,345.385009765625,4408
2024-04-23 15:53:00-04:00,345.29998779296875,345.3900146484375,345.1499938964844,345.2799987792969,345.2799987792969,11725
2024-04-23 15:54:00-04:00,345.239990234375,345.2699890136719,345.2300109863281,345.239990234375,345.239990234375,3266
2024-04-23 15:55:00-04:00,345.3399963378906,345.3900146484375,345.1549987792969,345.17999267578125,345.17999267578125,13961
2024-04-23 15:56:00-04:00,345.260009765625,345.30999755859375,345.0249938964844,345.2699890136719,345.2699890136719,10234
2024-04-23 15:57:00-04:00,345.2799987792969,345.3299865722656,345.1400146484375,345.1549987792969,345.1549987792969,12401
2024-04-23 15:58:00-04:00,345.135009765625,345.2300109863281,345.1300048828125,345.2300109863281,345.2300109863281,14807
2024-04-23 15:59:00-04:00,345.2300109863281,345.7300109863281,345.19000244140625,345.69000244140625,345.69000244140625,38537
