Date,Open,High,Low,Close,Adj Close,Volume
2023-08-08 09:30:00-04:00,166.22000122070312,166.8000030517578,166.05999755859375,166.8000030517578,166.8000030517578,18147
2023-08-08 09:31:00-04:00,166.77000427246094,166.77000427246094,166.52000427246094,166.68499755859375,166.68499755859375,3652
2023-08-08 09:32:00-04:00,166.77000427246094,167.33999633789062,166.77000427246094,167.33999633789062,167.33999633789062,2203
2023-08-08 09:33:00-04:00,167.19000244140625,167.19000244140625,167.1300048828125,167.1300048828125,167.1300048828125,638
2023-08-08 09:35:00-04:00,167.10499572753906,167.1649932861328,166.91000366210938,166.92999267578125,166.92999267578125,6293
2023-08-08 09:36:00-04:00,166.67999267578125,166.89999389648438,166.57000732421875,166.7664031982422,166.7664031982422,3985
2023-08-08 09:37:00-04:00,166.89999389648438,167.1199951171875,166.86000061035156,167.1199951171875,167.1199951171875,4425
2023-08-08 09:38:00-04:00,167.11500549316406,167.11500549316406,167.11500549316406,167.11500549316406,167.11500549316406,476
2023-08-08 09:39:00-04:00,167.0,167.11000061035156,166.9949951171875,167.0225067138672,167.0225067138672,1120
2023-08-08 09:40:00-04:00,167.17999267578125,167.27000427246094,167.11000061035156,167.2050018310547,167.2050018310547,1859
2023-08-08 09:41:00-04:00,167.2100067138672,167.30999755859375,167.1300048828125,167.1300048828125,167.1300048828125,1200
2023-08-08 09:42:00-04:00,167.19000244140625,167.19000244140625,167.15499877929688,167.15499877929688,167.15499877929688,1553
2023-08-08 09:43:00-04:00,167.11500549316406,167.11500549316406,167.11500549316406,167.11500549316406,167.11500549316406,535
2023-08-08 09:44:00-04:00,167.10580444335938,167.27999877929688,167.0,167.27999877929688,167.27999877929688,1082
2023-08-08 09:45:00-04:00,167.22540283203125,167.22540283203125,167.02999877929688,167.0449981689453,167.0449981689453,934
2023-08-08 09:46:00-04:00,167.19000244140625,167.33999633789062,167.19000244140625,167.1999969482422,167.1999969482422,5664
2023-08-08 09:47:00-04:00,167.1300048828125,167.1300048828125,167.1300048828125,167.1300048828125,167.1300048828125,173
2023-08-08 09:48:00-04:00,167.1300048828125,167.1300048828125,167.0800018310547,167.10000610351562,167.10000610351562,2734
2023-08-08 09:49:00-04:00,166.8000030517578,166.89999389648438,166.6999969482422,166.6999969482422,166.6999969482422,1704
2023-08-08 09:50:00-04:00,166.7100067138672,166.7100067138672,166.6199951171875,166.65499877929688,166.65499877929688,1418
2023-08-08 09:51:00-04:00,166.68499755859375,166.75,166.68499755859375,166.75,166.75,900
2023-08-08 09:52:00-04:00,166.6199951171875,166.8300018310547,166.6199951171875,166.74000549316406,166.74000549316406,1131
2023-08-08 09:53:00-04:00,166.83999633789062,167.1300048828125,166.83999633789062,167.11500549316406,167.11500549316406,3371
2023-08-08 09:54:00-04:00,167.10000610351562,167.14999389648438,167.0399932861328,167.1300048828125,167.1300048828125,1371
2023-08-08 09:55:00-04:00,167.0500030517578,167.0500030517578,166.82000732421875,166.94000244140625,166.94000244140625,2269
2023-08-08 09:56:00-04:00,166.92999267578125,166.92999267578125,166.8000030517578,166.8000030517578,166.8000030517578,1462
2023-08-08 09:57:00-04:00,166.83999633789062,166.83999633789062,166.83999633789062,166.83999633789062,166.83999633789062,384
2023-08-08 09:59:00-04:00,166.8249969482422,166.94000244140625,166.8249969482422,166.94000244140625,166.94000244140625,1185
2023-08-08 10:00:00-04:00,166.89500427246094,166.97999572753906,166.82000732421875,166.97999572753906,166.97999572753906,2020
2023-08-08 10:01:00-04:00,166.9499969482422,167.02000427246094,166.88999938964844,167.0050048828125,167.0050048828125,2676
2023-08-08 10:02:00-04:00,167.08999633789062,167.2100067138672,167.07000732421875,167.13999938964844,167.13999938964844,8570
2023-08-08 10:03:00-04:00,167.13999938964844,167.22000122070312,167.05999755859375,167.22000122070312,167.22000122070312,1872
2023-08-08 10:04:00-04:00,167.1750030517578,167.22999572753906,167.13999938964844,167.22999572753906,167.22999572753906,2095
2023-08-08 10:05:00-04:00,167.21499633789062,167.22500610351562,167.2100067138672,167.22500610351562,167.22500610351562,1072
2023-08-08 10:07:00-04:00,166.99380493164062,166.99380493164062,166.85000610351562,166.85000610351562,166.85000610351562,2602
2023-08-08 10:08:00-04:00,166.91000366210938,166.91000366210938,166.8300018310547,166.8300018310547,166.8300018310547,2274
2023-08-08 10:09:00-04:00,166.92999267578125,167.0800018310547,166.92999267578125,167.0800018310547,167.0800018310547,1746
2023-08-08 10:10:00-04:00,167.0500030517578,167.07749938964844,166.89999389648438,166.89999389648438,166.89999389648438,1205
2023-08-08 10:11:00-04:00,166.92999267578125,166.92999267578125,166.74879455566406,166.74879455566406,166.74879455566406,836
2023-08-08 10:12:00-04:00,166.7949981689453,166.8800048828125,166.7886962890625,166.8350067138672,166.8350067138672,2745
2023-08-08 10:13:00-04:00,166.8300018310547,166.8300018310547,166.50999450683594,166.52999877929688,166.52999877929688,2116
2023-08-08 10:14:00-04:00,166.4600067138672,166.4600067138672,166.41000366210938,166.41000366210938,166.41000366210938,409
2023-08-08 10:15:00-04:00,166.36000061035156,166.36000061035156,166.3249969482422,166.3249969482422,166.3249969482422,1949
2023-08-08 10:16:00-04:00,166.31500244140625,166.39999389648438,166.31500244140625,166.3800048828125,166.3800048828125,1278
2023-08-08 10:17:00-04:00,166.3000030517578,166.61000061035156,166.3000030517578,166.61000061035156,166.61000061035156,9168
2023-08-08 10:18:00-04:00,166.57000732421875,166.57000732421875,166.57000732421875,166.57000732421875,166.57000732421875,441
2023-08-08 10:19:00-04:00,166.3800048828125,166.49000549316406,166.375,166.375,166.375,2952
2023-08-08 10:20:00-04:00,166.36500549316406,166.3699951171875,166.33999633789062,166.33999633789062,166.33999633789062,1054
2023-08-08 10:21:00-04:00,166.3300018310547,166.44000244140625,166.3300018310547,166.36000061035156,166.36000061035156,6158
2023-08-08 10:22:00-04:00,166.36000061035156,166.41000366210938,166.11000061035156,166.1999969482422,166.1999969482422,4328
2023-08-08 10:23:00-04:00,166.08999633789062,166.08999633789062,165.82000732421875,165.82000732421875,165.82000732421875,5218
2023-08-08 10:24:00-04:00,165.8000030517578,165.88999938964844,165.6999969482422,165.85000610351562,165.85000610351562,4117
2023-08-08 10:25:00-04:00,165.82000732421875,165.82000732421875,165.72999572753906,165.72999572753906,165.72999572753906,673
2023-08-08 10:26:00-04:00,165.77999877929688,165.83999633789062,165.72999572753906,165.83999633789062,165.83999633789062,3187
2023-08-08 10:27:00-04:00,165.64999389648438,165.64999389648438,165.63999938964844,165.63999938964844,165.63999938964844,1368
2023-08-08 10:28:00-04:00,165.60000610351562,165.7100067138672,165.5897979736328,165.63999938964844,165.63999938964844,1298
2023-08-08 10:29:00-04:00,165.64999389648438,165.64999389648438,165.63999938964844,165.63999938964844,165.63999938964844,311
2023-08-08 10:30:00-04:00,165.6199951171875,165.6199951171875,165.4600067138672,165.47999572753906,165.47999572753906,1783
2023-08-08 10:31:00-04:00,165.47500610351562,165.47500610351562,165.4600067138672,165.47000122070312,165.47000122070312,801
2023-08-08 10:32:00-04:00,165.5,165.59500122070312,165.49000549316406,165.57000732421875,165.57000732421875,2178
2023-08-08 10:33:00-04:00,165.5,165.6300048828125,165.5,165.6300048828125,165.6300048828125,1858
2023-08-08 10:34:00-04:00,165.63999938964844,165.77999877929688,165.63999938964844,165.77000427246094,165.77000427246094,2356
2023-08-08 10:35:00-04:00,165.69000244140625,165.8249969482422,165.69000244140625,165.8249969482422,165.8249969482422,2182
2023-08-08 10:36:00-04:00,165.80999755859375,165.8249969482422,165.72999572753906,165.72999572753906,165.72999572753906,4102
2023-08-08 10:37:00-04:00,165.72500610351562,165.72500610351562,165.69000244140625,165.69000244140625,165.69000244140625,700
2023-08-08 10:38:00-04:00,165.72500610351562,165.7274932861328,165.72500610351562,165.72500610351562,165.72500610351562,789
2023-08-08 10:39:00-04:00,165.72500610351562,165.77999877929688,165.4499969482422,165.5800018310547,165.5800018310547,16484
2023-08-08 10:40:00-04:00,165.5399932861328,165.63999938964844,165.52999877929688,165.5800018310547,165.5800018310547,2720
2023-08-08 10:41:00-04:00,165.52000427246094,165.52000427246094,165.3249969482422,165.3249969482422,165.3249969482422,2510
2023-08-08 10:42:00-04:00,165.33999633789062,165.50999450683594,165.33999633789062,165.4600067138672,165.4600067138672,4127
2023-08-08 10:43:00-04:00,165.4199981689453,165.4250030517578,165.3699951171875,165.40499877929688,165.40499877929688,1199
2023-08-08 10:44:00-04:00,165.2899932861328,165.2899932861328,165.2100067138672,165.2100067138672,165.2100067138672,1566
2023-08-08 10:45:00-04:00,165.27999877929688,165.2899932861328,165.25,165.25,165.25,2084
2023-08-08 10:46:00-04:00,165.19500732421875,165.4149932861328,165.19500732421875,165.4149932861328,165.4149932861328,6359
2023-08-08 10:47:00-04:00,165.36500549316406,165.39999389648438,165.27999877929688,165.27999877929688,165.27999877929688,1252
2023-08-08 10:48:00-04:00,165.2440948486328,165.27999877929688,165.19000244140625,165.27999877929688,165.27999877929688,2011
2023-08-08 10:49:00-04:00,165.22500610351562,165.22500610351562,165.14999389648438,165.14999389648438,165.14999389648438,923
2023-08-08 10:50:00-04:00,165.2100067138672,165.2100067138672,165.2100067138672,165.2100067138672,165.2100067138672,274
2023-08-08 10:51:00-04:00,165.14999389648438,165.17999267578125,165.08999633789062,165.17999267578125,165.17999267578125,2146
2023-08-08 10:52:00-04:00,165.22500610351562,165.22500610351562,165.19500732421875,165.19500732421875,165.19500732421875,3206
2023-08-08 10:53:00-04:00,165.25999450683594,165.30999755859375,165.25,165.30999755859375,165.30999755859375,1374
2023-08-08 10:54:00-04:00,165.22500610351562,165.22500610351562,165.21749877929688,165.21749877929688,165.21749877929688,383
2023-08-08 10:55:00-04:00,165.1300048828125,165.1300048828125,164.9199981689453,165.0,165.0,7244
2023-08-08 10:56:00-04:00,165.0,165.0800018310547,165.0,165.05999755859375,165.05999755859375,2248
2023-08-08 10:57:00-04:00,165.05999755859375,165.06100463867188,165.00999450683594,165.02999877929688,165.02999877929688,1389
2023-08-08 10:58:00-04:00,165.08999633789062,165.13999938964844,164.97000122070312,164.97000122070312,164.97000122070312,7288
2023-08-08 10:59:00-04:00,165.0009002685547,165.0009002685547,164.9499969482422,164.9499969482422,164.9499969482422,1060
2023-08-08 11:00:00-04:00,164.97000122070312,164.97999572753906,164.91160583496094,164.97999572753906,164.97999572753906,3402
2023-08-08 11:01:00-04:00,164.9499969482422,164.9600067138672,164.8800048828125,164.88999938964844,164.88999938964844,3433
2023-08-08 11:02:00-04:00,164.82000732421875,164.85000610351562,164.82000732421875,164.85000610351562,164.85000610351562,779
2023-08-08 11:03:00-04:00,164.92999267578125,165.0500030517578,164.92799377441406,165.02000427246094,165.02000427246094,3817
2023-08-08 11:04:00-04:00,164.97000122070312,165.0449981689453,164.97000122070312,164.97000122070312,164.97000122070312,910
2023-08-08 11:05:00-04:00,164.97000122070312,164.97999572753906,164.94000244140625,164.94000244140625,164.94000244140625,2095
2023-08-08 11:06:00-04:00,164.9149932861328,164.9149932861328,164.88499450683594,164.88499450683594,164.88499450683594,1022
2023-08-08 11:07:00-04:00,164.85499572753906,164.88499450683594,164.7550048828125,164.78500366210938,164.78500366210938,12725
2023-08-08 11:08:00-04:00,164.78500366210938,164.94000244140625,164.78500366210938,164.88999938964844,164.88999938964844,4832
2023-08-08 11:09:00-04:00,164.94000244140625,165.0800018310547,164.9300994873047,165.0500030517578,165.0500030517578,2608
2023-08-08 11:10:00-04:00,165.10499572753906,165.11500549316406,165.10499572753906,165.11500549316406,165.11500549316406,634
2023-08-08 11:11:00-04:00,165.11500549316406,165.17999267578125,165.11500549316406,165.17999267578125,165.17999267578125,1124
2023-08-08 11:12:00-04:00,165.25,165.25,165.19500732421875,165.25,165.25,996
2023-08-08 11:13:00-04:00,165.14999389648438,165.14999389648438,165.10000610351562,165.1199951171875,165.1199951171875,1634
2023-08-08 11:14:00-04:00,165.10000610351562,165.16000366210938,165.07000732421875,165.16000366210938,165.16000366210938,13778
2023-08-08 11:15:00-04:00,165.125,165.30999755859375,165.125,165.24000549316406,165.24000549316406,5666
2023-08-08 11:16:00-04:00,165.24000549316406,165.3300018310547,165.19000244140625,165.2949981689453,165.2949981689453,2679
2023-08-08 11:17:00-04:00,165.24000549316406,165.2449951171875,165.23500061035156,165.2449951171875,165.2449951171875,2120
2023-08-08 11:18:00-04:00,165.1750030517578,165.25999450683594,165.1750030517578,165.25999450683594,165.25999450683594,364
2023-08-08 11:19:00-04:00,165.2899932861328,165.36000061035156,165.27999877929688,165.27999877929688,165.27999877929688,2989
2023-08-08 11:20:00-04:00,165.3800048828125,165.38999938964844,165.3800048828125,165.38999938964844,165.38999938964844,1398
2023-08-08 11:21:00-04:00,165.3300018310547,165.3300018310547,165.3300018310547,165.3300018310547,165.3300018310547,1166
2023-08-08 11:23:00-04:00,165.35000610351562,165.43499755859375,165.3300018310547,165.35000610351562,165.35000610351562,2475
2023-08-08 11:24:00-04:00,165.32000732421875,165.33999633789062,165.30999755859375,165.3350067138672,165.3350067138672,957
2023-08-08 11:25:00-04:00,165.3350067138672,165.38499450683594,165.2904052734375,165.38499450683594,165.38499450683594,3413
2023-08-08 11:26:00-04:00,165.3699951171875,165.44000244140625,165.3699951171875,165.41000366210938,165.41000366210938,1365
2023-08-08 11:27:00-04:00,165.41000366210938,165.42999267578125,165.35000610351562,165.35000610351562,165.35000610351562,2797
2023-08-08 11:28:00-04:00,165.2899932861328,165.30999755859375,165.27999877929688,165.30499267578125,165.30499267578125,1205
2023-08-08 11:29:00-04:00,165.26390075683594,165.26390075683594,165.26390075683594,165.26390075683594,165.26390075683594,740
2023-08-08 11:30:00-04:00,165.24000549316406,165.24000549316406,165.16000366210938,165.16000366210938,165.16000366210938,2580
2023-08-08 11:31:00-04:00,165.1199951171875,165.21499633789062,165.11000061035156,165.19000244140625,165.19000244140625,4087
2023-08-08 11:32:00-04:00,165.17999267578125,165.17999267578125,165.17999267578125,165.17999267578125,165.17999267578125,443
2023-08-08 11:33:00-04:00,165.1699981689453,165.1699981689453,165.1699981689453,165.1699981689453,165.1699981689453,581
2023-08-08 11:35:00-04:00,165.13999938964844,165.14999389648438,165.0800018310547,165.0800018310547,165.0800018310547,914
2023-08-08 11:36:00-04:00,165.1300048828125,165.14999389648438,165.1300048828125,165.14999389648438,165.14999389648438,1798
2023-08-08 11:37:00-04:00,165.14999389648438,165.14999389648438,165.125,165.125,165.125,604
2023-08-08 11:38:00-04:00,165.10499572753906,165.10499572753906,165.07000732421875,165.07000732421875,165.07000732421875,426
2023-08-08 11:39:00-04:00,165.08999633789062,165.2198944091797,165.08999633789062,165.2198944091797,165.2198944091797,2399
2023-08-08 11:40:00-04:00,165.25,165.3800048828125,165.25,165.3800048828125,165.3800048828125,1119
2023-08-08 11:41:00-04:00,165.36000061035156,165.36000061035156,165.30999755859375,165.30999755859375,165.30999755859375,1733
2023-08-08 11:42:00-04:00,165.30999755859375,165.3300018310547,165.28500366210938,165.30999755859375,165.30999755859375,3632
2023-08-08 11:43:00-04:00,165.27999877929688,165.3000030517578,165.27999877929688,165.3000030517578,165.3000030517578,1031
2023-08-08 11:44:00-04:00,165.35000610351562,165.36000061035156,165.35000610351562,165.35000610351562,165.35000610351562,1387
2023-08-08 11:45:00-04:00,165.39999389648438,165.39999389648438,165.3699951171875,165.3699951171875,165.3699951171875,649
2023-08-08 11:46:00-04:00,165.3699951171875,165.3699951171875,165.32000732421875,165.32000732421875,165.32000732421875,583
2023-08-08 11:47:00-04:00,165.3708953857422,165.4499969482422,165.3708953857422,165.3800048828125,165.3800048828125,2465
2023-08-08 11:48:00-04:00,165.4600067138672,165.6300048828125,165.4600067138672,165.6300048828125,165.6300048828125,2050
2023-08-08 11:49:00-04:00,165.66000366210938,165.77499389648438,165.66000366210938,165.76499938964844,165.76499938964844,1463
2023-08-08 11:50:00-04:00,165.73280334472656,165.91000366210938,165.73280334472656,165.91000366210938,165.91000366210938,2181
2023-08-08 11:51:00-04:00,165.88999938964844,165.92999267578125,165.85000610351562,165.89999389648438,165.89999389648438,4533
2023-08-08 11:52:00-04:00,165.87069702148438,166.0,165.85000610351562,165.91000366210938,165.91000366210938,6659
2023-08-08 11:53:00-04:00,165.97000122070312,166.01499938964844,165.92999267578125,166.01499938964844,166.01499938964844,1932
2023-08-08 11:54:00-04:00,166.0,166.0,165.9149932861328,165.9149932861328,165.9149932861328,1754
2023-08-08 11:55:00-04:00,165.8699951171875,165.91000366210938,165.8699951171875,165.89999389648438,165.89999389648438,1548
2023-08-08 11:56:00-04:00,165.9199981689453,165.92999267578125,165.83999633789062,165.83999633789062,165.83999633789062,3235
2023-08-08 11:57:00-04:00,165.80999755859375,165.88999938964844,165.80999755859375,165.88999938964844,165.88999938964844,6001
2023-08-08 11:58:00-04:00,165.8000030517578,165.8300018310547,165.8000030517578,165.8300018310547,165.8300018310547,939
2023-08-08 11:59:00-04:00,165.8350067138672,165.8699951171875,165.75999450683594,165.8699951171875,165.8699951171875,2690
2023-08-08 12:00:00-04:00,165.8000030517578,165.9149932861328,165.8000030517578,165.88999938964844,165.88999938964844,4716
2023-08-08 12:01:00-04:00,165.84500122070312,165.84500122070312,165.84500122070312,165.84500122070312,165.84500122070312,1234
2023-08-08 12:02:00-04:00,165.80999755859375,165.80999755859375,165.80999755859375,165.80999755859375,165.80999755859375,498
2023-08-08 12:03:00-04:00,165.85000610351562,165.85000610351562,165.85000610351562,165.85000610351562,165.85000610351562,572
2023-08-08 12:04:00-04:00,165.86000061035156,165.99000549316406,165.86000061035156,165.9499969482422,165.9499969482422,3378
2023-08-08 12:05:00-04:00,165.8800048828125,165.8800048828125,165.8800048828125,165.8800048828125,165.8800048828125,482
2023-08-08 12:06:00-04:00,165.92999267578125,166.02000427246094,165.88999938964844,165.91000366210938,165.91000366210938,2809
2023-08-08 12:07:00-04:00,165.92999267578125,166.13999938964844,165.92999267578125,166.0399932861328,166.0399932861328,3711
2023-08-08 12:08:00-04:00,165.97999572753906,165.97999572753906,165.8365936279297,165.85000610351562,165.85000610351562,2666
2023-08-08 12:10:00-04:00,165.7899932861328,165.7899932861328,165.7899932861328,165.7899932861328,165.7899932861328,1526
2023-08-08 12:13:00-04:00,165.7100067138672,165.72000122070312,165.7100067138672,165.72000122070312,165.72000122070312,833
2023-08-08 12:15:00-04:00,165.64089965820312,165.66000366210938,165.64089965820312,165.66000366210938,165.66000366210938,1078
2023-08-08 12:16:00-04:00,165.7100067138672,165.7100067138672,165.58999633789062,165.6300048828125,165.6300048828125,2626
2023-08-08 12:17:00-04:00,165.7100067138672,165.7100067138672,165.7100067138672,165.7100067138672,165.7100067138672,525
2023-08-08 12:18:00-04:00,165.7100067138672,165.72000122070312,165.6750030517578,165.6750030517578,165.6750030517578,2671
2023-08-08 12:19:00-04:00,165.64500427246094,165.64500427246094,165.5800018310547,165.5800018310547,165.5800018310547,921
2023-08-08 12:20:00-04:00,165.6199951171875,165.7899932861328,165.6199951171875,165.77999877929688,165.77999877929688,5199
2023-08-08 12:21:00-04:00,165.74000549316406,165.7899932861328,165.73500061035156,165.73500061035156,165.73500061035156,1070
2023-08-08 12:22:00-04:00,165.69000244140625,165.69000244140625,165.60719299316406,165.64999389648438,165.64999389648438,2298
2023-08-08 12:23:00-04:00,165.6699981689453,165.6699981689453,165.6699981689453,165.6699981689453,165.6699981689453,794
2023-08-08 12:24:00-04:00,165.64999389648438,165.64999389648438,165.63999938964844,165.63999938964844,165.63999938964844,1153
2023-08-08 12:26:00-04:00,165.6699981689453,165.6699981689453,165.6699981689453,165.6699981689453,165.6699981689453,324
2023-08-08 12:27:00-04:00,165.6649932861328,165.7050018310547,165.63999938964844,165.63999938964844,165.63999938964844,6751
2023-08-08 12:28:00-04:00,165.6300048828125,165.6300048828125,165.5800018310547,165.5850067138672,165.5850067138672,2248
2023-08-08 12:29:00-04:00,165.5399932861328,165.55499267578125,165.5399932861328,165.55499267578125,165.55499267578125,2001
2023-08-08 12:30:00-04:00,165.5800018310547,165.5800018310547,165.48500061035156,165.48500061035156,165.48500061035156,1216
2023-08-08 12:31:00-04:00,165.4949951171875,165.4949951171875,165.48500061035156,165.49000549316406,165.49000549316406,1022
2023-08-08 12:32:00-04:00,165.42999267578125,165.431396484375,165.36500549316406,165.36500549316406,165.36500549316406,2685
2023-08-08 12:33:00-04:00,165.39999389648438,165.39999389648438,165.32000732421875,165.3300018310547,165.3300018310547,3057
2023-08-08 12:34:00-04:00,165.30999755859375,165.32000732421875,165.30999755859375,165.30999755859375,165.30999755859375,865
2023-08-08 12:35:00-04:00,165.2899932861328,165.33990478515625,165.25999450683594,165.26499938964844,165.26499938964844,4601
2023-08-08 12:36:00-04:00,165.25999450683594,165.43499755859375,165.25999450683594,165.42999267578125,165.42999267578125,7429
2023-08-08 12:37:00-04:00,165.3699951171875,165.3800048828125,165.30999755859375,165.30999755859375,165.30999755859375,1365
2023-08-08 12:38:00-04:00,165.32000732421875,165.32000732421875,165.32000732421875,165.32000732421875,165.32000732421875,1519
2023-08-08 12:39:00-04:00,165.3300018310547,165.4199981689453,165.318603515625,165.4199981689453,165.4199981689453,1723
2023-08-08 12:41:00-04:00,165.41000366210938,165.52999877929688,165.41000366210938,165.47999572753906,165.47999572753906,5083
2023-08-08 12:42:00-04:00,165.5,165.57000732421875,165.47999572753906,165.56500244140625,165.56500244140625,2002
2023-08-08 12:43:00-04:00,165.55999755859375,165.56500244140625,165.54580688476562,165.56500244140625,165.56500244140625,1391
2023-08-08 12:44:00-04:00,165.61000061035156,165.625,165.61000061035156,165.61000061035156,165.61000061035156,735
2023-08-08 12:45:00-04:00,165.60279846191406,165.60279846191406,165.5399932861328,165.60000610351562,165.60000610351562,1576
2023-08-08 12:46:00-04:00,165.5447998046875,165.6300048828125,165.5447998046875,165.6300048828125,165.6300048828125,1422
2023-08-08 12:47:00-04:00,165.6300048828125,165.67999267578125,165.6300048828125,165.67999267578125,165.67999267578125,911
2023-08-08 12:48:00-04:00,165.7899932861328,165.7899932861328,165.75999450683594,165.75999450683594,165.75999450683594,1143
2023-08-08 12:50:00-04:00,165.6699981689453,165.6699981689453,165.6699981689453,165.6699981689453,165.6699981689453,758
2023-08-08 12:51:00-04:00,165.58999633789062,165.6300048828125,165.58999633789062,165.6300048828125,165.6300048828125,610
2023-08-08 12:52:00-04:00,165.55999755859375,165.63999938964844,165.55999755859375,165.63999938964844,165.63999938964844,1077
2023-08-08 12:53:00-04:00,165.57000732421875,165.57000732421875,165.57000732421875,165.57000732421875,165.57000732421875,511
2023-08-08 12:54:00-04:00,165.6300048828125,165.6300048828125,165.60499572753906,165.6300048828125,165.6300048828125,1467
2023-08-08 12:55:00-04:00,165.6300048828125,165.6999969482422,165.62770080566406,165.69000244140625,165.69000244140625,1883
2023-08-08 12:56:00-04:00,165.69000244140625,165.69000244140625,165.69000244140625,165.69000244140625,165.69000244140625,1261
2023-08-08 12:57:00-04:00,165.72000122070312,165.72000122070312,165.72000122070312,165.72000122070312,165.72000122070312,140
2023-08-08 12:58:00-04:00,165.72000122070312,165.72000122070312,165.7100067138672,165.7100067138672,165.7100067138672,1058
2023-08-08 12:59:00-04:00,165.7100067138672,165.8000030517578,165.7100067138672,165.8000030517578,165.8000030517578,2657
2023-08-08 13:00:00-04:00,165.7200927734375,165.7200927734375,165.7200927734375,165.7200927734375,165.7200927734375,1029
2023-08-08 13:01:00-04:00,165.74139404296875,165.74139404296875,165.69000244140625,165.69000244140625,165.69000244140625,981
2023-08-08 13:02:00-04:00,165.6199951171875,165.6199951171875,165.6199951171875,165.6199951171875,165.6199951171875,674
2023-08-08 13:05:00-04:00,165.61000061035156,165.625,165.60000610351562,165.625,165.625,560
2023-08-08 13:06:00-04:00,165.625,165.72000122070312,165.625,165.72000122070312,165.72000122070312,2370
2023-08-08 13:07:00-04:00,165.68710327148438,165.68710327148438,165.68710327148438,165.68710327148438,165.68710327148438,2001
2023-08-08 13:12:00-04:00,165.8300018310547,165.89999389648438,165.8300018310547,165.8800048828125,165.8800048828125,3271
2023-08-08 13:13:00-04:00,165.9199981689453,165.9600067138672,165.89999389648438,165.93499755859375,165.93499755859375,980
2023-08-08 13:14:00-04:00,165.92999267578125,165.92999267578125,165.92999267578125,165.92999267578125,165.92999267578125,842
2023-08-08 13:15:00-04:00,165.9600067138672,166.0399932861328,165.9600067138672,166.02000427246094,166.02000427246094,924
2023-08-08 13:16:00-04:00,166.0399932861328,166.0399932861328,166.02999877929688,166.03500366210938,166.03500366210938,1114
2023-08-08 13:17:00-04:00,166.0399932861328,166.0399932861328,165.9600067138672,166.00999450683594,166.00999450683594,2652
2023-08-08 13:18:00-04:00,166.03500366210938,166.03500366210938,166.03500366210938,166.03500366210938,166.03500366210938,411
2023-08-08 13:19:00-04:00,166.03500366210938,166.03500366210938,166.03500366210938,166.03500366210938,166.03500366210938,537
2023-08-08 13:20:00-04:00,166.05999755859375,166.05999755859375,166.05999755859375,166.05999755859375,166.05999755859375,999
2023-08-08 13:21:00-04:00,166.08999633789062,166.08999633789062,166.08999633789062,166.08999633789062,166.08999633789062,470
2023-08-08 13:22:00-04:00,166.08169555664062,166.08169555664062,166.0500030517578,166.05499267578125,166.05499267578125,1348
2023-08-08 13:23:00-04:00,166.02999877929688,166.02999877929688,165.92999267578125,165.9499969482422,165.9499969482422,2610
2023-08-08 13:24:00-04:00,165.91000366210938,165.91000366210938,165.8699951171875,165.8699951171875,165.8699951171875,372
2023-08-08 13:25:00-04:00,165.84750366210938,165.84750366210938,165.84750366210938,165.84750366210938,165.84750366210938,892
2023-08-08 13:26:00-04:00,165.7899932861328,165.7949981689453,165.77999877929688,165.77999877929688,165.77999877929688,615
2023-08-08 13:27:00-04:00,165.75999450683594,165.85000610351562,165.75999450683594,165.7949981689453,165.7949981689453,1785
2023-08-08 13:28:00-04:00,165.7899932861328,165.81500244140625,165.7899932861328,165.81500244140625,165.81500244140625,456
2023-08-08 13:29:00-04:00,165.77999877929688,165.77999877929688,165.77999877929688,165.77999877929688,165.77999877929688,301
2023-08-08 13:30:00-04:00,165.8000030517578,165.8300018310547,165.77999877929688,165.77999877929688,165.77999877929688,1943
2023-08-08 13:31:00-04:00,165.80499267578125,165.8538055419922,165.8040008544922,165.8040008544922,165.8040008544922,2562
2023-08-08 13:32:00-04:00,165.8699951171875,165.8800048828125,165.85000610351562,165.875,165.875,1591
2023-08-08 13:33:00-04:00,165.88999938964844,165.88999938964844,165.8699951171875,165.8699951171875,165.8699951171875,1635
2023-08-08 13:34:00-04:00,165.8699951171875,165.8699951171875,165.82000732421875,165.8350067138672,165.8350067138672,1054
2023-08-08 13:35:00-04:00,165.8000030517578,165.8000030517578,165.7899932861328,165.7899932861328,165.7899932861328,1711
2023-08-08 13:37:00-04:00,165.75999450683594,165.8300018310547,165.72000122070312,165.8300018310547,165.8300018310547,9674
2023-08-08 13:38:00-04:00,165.8300018310547,165.94500732421875,165.8300018310547,165.9239044189453,165.9239044189453,1820
2023-08-08 13:39:00-04:00,165.93499755859375,165.97999572753906,165.93499755859375,165.97999572753906,165.97999572753906,605
2023-08-08 13:40:00-04:00,165.97000122070312,165.97000122070312,165.97000122070312,165.97000122070312,165.97000122070312,663
2023-08-08 13:41:00-04:00,165.97059631347656,165.97059631347656,165.97059631347656,165.97059631347656,165.97059631347656,672
2023-08-08 13:42:00-04:00,165.99000549316406,165.99000549316406,165.97500610351562,165.97500610351562,165.97500610351562,689
2023-08-08 13:43:00-04:00,165.94009399414062,165.94009399414062,165.94009399414062,165.94009399414062,165.94009399414062,164
2023-08-08 13:44:00-04:00,165.9600067138672,165.99000549316406,165.9600067138672,165.99000549316406,165.99000549316406,3175
2023-08-08 13:45:00-04:00,165.97999572753906,165.97999572753906,165.9499969482422,165.9499969482422,165.9499969482422,260
2023-08-08 13:46:00-04:00,165.9597930908203,165.97000122070312,165.92999267578125,165.97000122070312,165.97000122070312,2764
2023-08-08 13:47:00-04:00,165.9600067138672,165.99000549316406,165.9600067138672,165.99000549316406,165.99000549316406,1697
2023-08-08 13:49:00-04:00,165.97999572753906,165.97999572753906,165.9517059326172,165.9600067138672,165.9600067138672,758
2023-08-08 13:50:00-04:00,165.98989868164062,165.99000549316406,165.98989868164062,165.99000549316406,165.99000549316406,633
2023-08-08 13:51:00-04:00,166.0,166.02000427246094,165.97000122070312,166.01870727539062,166.01870727539062,1727
2023-08-08 13:52:00-04:00,165.9199981689453,165.92999267578125,165.89500427246094,165.89500427246094,165.89500427246094,1590
2023-08-08 13:53:00-04:00,165.9199981689453,165.94000244140625,165.87010192871094,165.87010192871094,165.87010192871094,966
2023-08-08 13:54:00-04:00,165.89999389648438,165.97000122070312,165.89999389648438,165.9600067138672,165.9600067138672,3953
2023-08-08 13:55:00-04:00,165.97999572753906,166.02000427246094,165.97500610351562,165.97500610351562,165.97500610351562,2623
2023-08-08 13:56:00-04:00,165.97000122070312,165.9949951171875,165.97000122070312,165.9949951171875,165.9949951171875,477
2023-08-08 13:57:00-04:00,166.00999450683594,166.00999450683594,165.91000366210938,165.9499969482422,165.9499969482422,2280
2023-08-08 13:58:00-04:00,165.9499969482422,165.9499969482422,165.9199981689453,165.9199981689453,165.9199981689453,1396
2023-08-08 13:59:00-04:00,165.96499633789062,165.96499633789062,165.96499633789062,165.96499633789062,165.96499633789062,686
2023-08-08 14:00:00-04:00,165.97500610351562,165.97500610351562,165.97500610351562,165.97500610351562,165.97500610351562,136
2023-08-08 14:01:00-04:00,166.0,166.05999755859375,166.0,166.05999755859375,166.05999755859375,1463
2023-08-08 14:02:00-04:00,166.0050048828125,166.0050048828125,165.97000122070312,165.97000122070312,165.97000122070312,793
2023-08-08 14:03:00-04:00,165.96499633789062,165.96499633789062,165.96499633789062,165.96499633789062,165.96499633789062,708
2023-08-08 14:04:00-04:00,165.99000549316406,166.02000427246094,165.99000549316406,166.02000427246094,166.02000427246094,1720
2023-08-08 14:05:00-04:00,166.00999450683594,166.00999450683594,165.97000122070312,165.9949951171875,165.9949951171875,1228
2023-08-08 14:06:00-04:00,165.97000122070312,166.02999877929688,165.97000122070312,166.02999877929688,166.02999877929688,1303
2023-08-08 14:07:00-04:00,166.0,166.0,165.97900390625,165.98500061035156,165.98500061035156,2341
2023-08-08 14:08:00-04:00,166.00999450683594,166.0399932861328,166.00999450683594,166.00999450683594,166.00999450683594,1934
2023-08-08 14:09:00-04:00,166.02999877929688,166.05999755859375,166.02999877929688,166.05999755859375,166.05999755859375,392
2023-08-08 14:10:00-04:00,166.0500030517578,166.10000610351562,166.0500030517578,166.08999633789062,166.08999633789062,1812
2023-08-08 14:12:00-04:00,166.0800018310547,166.10499572753906,166.0500030517578,166.0543975830078,166.0543975830078,1770
2023-08-08 14:13:00-04:00,166.0749969482422,166.1199951171875,166.0749969482422,166.11599731445312,166.11599731445312,1373
2023-08-08 14:14:00-04:00,166.11000061035156,166.11000061035156,166.0399932861328,166.05999755859375,166.05999755859375,1956
2023-08-08 14:15:00-04:00,166.11000061035156,166.1300048828125,166.11000061035156,166.1300048828125,166.1300048828125,1972
2023-08-08 14:16:00-04:00,166.13999938964844,166.13999938964844,166.13499450683594,166.13499450683594,166.13499450683594,763
2023-08-08 14:17:00-04:00,166.13499450683594,166.1999969482422,166.1300048828125,166.17990112304688,166.17990112304688,2393
2023-08-08 14:18:00-04:00,166.08009338378906,166.17999267578125,166.08009338378906,166.1699981689453,166.1699981689453,2758
2023-08-08 14:20:00-04:00,166.1999969482422,166.1999969482422,166.1999969482422,166.1999969482422,166.1999969482422,258
2023-08-08 14:21:00-04:00,166.17999267578125,166.17999267578125,166.1750030517578,166.1750030517578,166.1750030517578,619
2023-08-08 14:22:00-04:00,166.1699981689453,166.2100067138672,166.1699981689453,166.1999969482422,166.1999969482422,842
2023-08-08 14:23:00-04:00,166.1999969482422,166.1999969482422,166.14999389648438,166.1999969482422,166.1999969482422,5873
2023-08-08 14:24:00-04:00,166.1699981689453,166.18679809570312,166.1699981689453,166.18679809570312,166.18679809570312,574
2023-08-08 14:25:00-04:00,166.1699981689453,166.1699981689453,166.1199951171875,166.1300048828125,166.1300048828125,1645
2023-08-08 14:26:00-04:00,166.16000366210938,166.16000366210938,166.16000366210938,166.16000366210938,166.16000366210938,416
2023-08-08 14:27:00-04:00,166.1199951171875,166.1199951171875,166.00999450683594,166.00999450683594,166.00999450683594,1379
2023-08-08 14:28:00-04:00,166.00999450683594,166.02000427246094,165.97000122070312,166.02000427246094,166.02000427246094,1658
2023-08-08 14:30:00-04:00,166.0,166.00999450683594,165.97000122070312,166.0,166.0,3100
2023-08-08 14:32:00-04:00,166.0399932861328,166.05999755859375,166.02999877929688,166.05499267578125,166.05499267578125,2037
2023-08-08 14:33:00-04:00,166.07000732421875,166.1199951171875,166.05999755859375,166.11000061035156,166.11000061035156,3093
2023-08-08 14:34:00-04:00,166.1699981689453,166.1750030517578,166.1649932861328,166.1649932861328,166.1649932861328,603
2023-08-08 14:35:00-04:00,166.11000061035156,166.11000061035156,166.10000610351562,166.11000061035156,166.11000061035156,2032
2023-08-08 14:37:00-04:00,166.13999938964844,166.13999938964844,166.13999938964844,166.13999938964844,166.13999938964844,842
2023-08-08 14:38:00-04:00,166.09500122070312,166.09500122070312,166.09500122070312,166.09500122070312,166.09500122070312,844
2023-08-08 14:40:00-04:00,166.12210083007812,166.1649932861328,166.10009765625,166.1649932861328,166.1649932861328,2742
2023-08-08 14:42:00-04:00,166.17999267578125,166.2100067138672,166.16000366210938,166.1999969482422,166.1999969482422,1674
2023-08-08 14:43:00-04:00,166.1300048828125,166.1300048828125,166.10000610351562,166.10000610351562,166.10000610351562,957
2023-08-08 14:44:00-04:00,166.11000061035156,166.11000061035156,165.99099731445312,165.99099731445312,165.99099731445312,2946
2023-08-08 14:46:00-04:00,165.9499969482422,165.97000122070312,165.9467010498047,165.9467010498047,165.9467010498047,988
2023-08-08 14:47:00-04:00,165.9600067138672,166.0,165.9600067138672,165.98500061035156,165.98500061035156,1791
2023-08-08 14:48:00-04:00,165.97500610351562,166.08999633789062,165.97500610351562,166.03500366210938,166.03500366210938,1968
2023-08-08 14:49:00-04:00,166.03500366210938,166.03500366210938,166.02029418945312,166.02029418945312,166.02029418945312,517
2023-08-08 14:50:00-04:00,166.07000732421875,166.07000732421875,166.02999877929688,166.0406951904297,166.0406951904297,1903
2023-08-08 14:51:00-04:00,166.0399932861328,166.0399932861328,166.0399932861328,166.0399932861328,166.0399932861328,254
2023-08-08 14:52:00-04:00,166.02999877929688,166.05999755859375,166.0,166.0500030517578,166.0500030517578,1963
2023-08-08 14:53:00-04:00,166.0500030517578,166.07000732421875,166.0500030517578,166.07000732421875,166.07000732421875,2045
2023-08-08 14:54:00-04:00,166.06500244140625,166.08999633789062,166.05499267578125,166.08999633789062,166.08999633789062,1115
2023-08-08 14:55:00-04:00,166.0399932861328,166.05499267578125,166.0399932861328,166.05499267578125,166.05499267578125,787
2023-08-08 14:56:00-04:00,166.08999633789062,166.19000244140625,166.08999633789062,166.11000061035156,166.11000061035156,1654
2023-08-08 14:57:00-04:00,166.10000610351562,166.19000244140625,166.0800018310547,166.19000244140625,166.19000244140625,3628
2023-08-08 14:58:00-04:00,166.14999389648438,166.14999389648438,166.07000732421875,166.07000732421875,166.07000732421875,1105
2023-08-08 14:59:00-04:00,166.0800018310547,166.0800018310547,166.05999755859375,166.05999755859375,166.05999755859375,787
2023-08-08 15:00:00-04:00,166.02000427246094,166.08999633789062,166.02000427246094,166.0500030517578,166.0500030517578,1366
2023-08-08 15:01:00-04:00,166.0449981689453,166.0449981689453,166.00999450683594,166.00999450683594,166.00999450683594,1910
2023-08-08 15:03:00-04:00,166.02000427246094,166.0500030517578,165.9949951171875,166.0500030517578,166.0500030517578,1631
2023-08-08 15:04:00-04:00,166.06500244140625,166.13999938964844,166.06500244140625,166.13999938964844,166.13999938964844,1943
2023-08-08 15:05:00-04:00,166.11399841308594,166.11399841308594,166.0800018310547,166.11000061035156,166.11000061035156,1538
2023-08-08 15:06:00-04:00,166.11000061035156,166.15499877929688,166.0749969482422,166.11000061035156,166.11000061035156,1762
2023-08-08 15:07:00-04:00,166.02000427246094,166.0399932861328,166.02000427246094,166.02000427246094,166.02000427246094,976
2023-08-08 15:08:00-04:00,166.07000732421875,166.1300048828125,166.05499267578125,166.06500244140625,166.06500244140625,3503
2023-08-08 15:09:00-04:00,166.0749969482422,166.0800018310547,166.0749969482422,166.0800018310547,166.0800018310547,844
2023-08-08 15:10:00-04:00,166.1199951171875,166.16000366210938,166.0850067138672,166.16000366210938,166.16000366210938,3242
2023-08-08 15:11:00-04:00,166.16000366210938,166.19000244140625,166.0500030517578,166.08999633789062,166.08999633789062,9457
2023-08-08 15:12:00-04:00,166.1199951171875,166.1300048828125,166.0460968017578,166.0780029296875,166.0780029296875,2298
2023-08-08 15:13:00-04:00,166.07000732421875,166.10000610351562,166.0399932861328,166.0399932861328,166.0399932861328,1767
2023-08-08 15:14:00-04:00,166.0399932861328,166.0399932861328,165.97000122070312,166.00999450683594,166.00999450683594,2446
2023-08-08 15:15:00-04:00,166.00999450683594,166.05499267578125,166.00950622558594,166.05499267578125,166.05499267578125,1267
2023-08-08 15:16:00-04:00,166.02000427246094,166.02000427246094,166.02000427246094,166.02000427246094,166.02000427246094,700
2023-08-08 15:17:00-04:00,165.97999572753906,166.02000427246094,165.97000122070312,166.02000427246094,166.02000427246094,3385
2023-08-08 15:18:00-04:00,166.0399932861328,166.05999755859375,166.02000427246094,166.02000427246094,166.02000427246094,1466
2023-08-08 15:19:00-04:00,166.02000427246094,166.0399932861328,166.02000427246094,166.02000427246094,166.02000427246094,614
2023-08-08 15:20:00-04:00,166.0500030517578,166.05999755859375,165.89999389648438,165.97000122070312,165.97000122070312,4509
2023-08-08 15:21:00-04:00,165.97999572753906,166.0399932861328,165.93499755859375,166.02000427246094,166.02000427246094,6140
2023-08-08 15:22:00-04:00,165.97000122070312,166.0500030517578,165.9600067138672,166.02000427246094,166.02000427246094,4158
2023-08-08 15:23:00-04:00,166.01499938964844,166.01499938964844,165.92999267578125,165.92999267578125,165.92999267578125,1751
2023-08-08 15:24:00-04:00,165.96499633789062,165.97000122070312,165.92999267578125,165.92999267578125,165.92999267578125,1466
2023-08-08 15:25:00-04:00,165.9763946533203,165.99000549316406,165.89999389648438,165.93499755859375,165.93499755859375,6229
2023-08-08 15:26:00-04:00,165.91000366210938,165.91000366210938,165.91000366210938,165.91000366210938,165.91000366210938,635
2023-08-08 15:27:00-04:00,165.89999389648438,165.9199981689453,165.89999389648438,165.91000366210938,165.91000366210938,1052
2023-08-08 15:28:00-04:00,165.88999938964844,165.92999267578125,165.86000061035156,165.9199981689453,165.9199981689453,3581
2023-08-08 15:29:00-04:00,165.90499877929688,165.9499969482422,165.90499877929688,165.91000366210938,165.91000366210938,7811
2023-08-08 15:30:00-04:00,165.91000366210938,165.92689514160156,165.89999389648438,165.89999389648438,165.89999389648438,1340
2023-08-08 15:31:00-04:00,165.8699951171875,165.91000366210938,165.8699951171875,165.8800048828125,165.8800048828125,1719
2023-08-08 15:32:00-04:00,165.91000366210938,165.9499969482422,165.89999389648438,165.94000244140625,165.94000244140625,3285
2023-08-08 15:33:00-04:00,165.9199981689453,165.9499969482422,165.89999389648438,165.9499969482422,165.9499969482422,2816
2023-08-08 15:34:00-04:00,165.94020080566406,165.94020080566406,165.89999389648438,165.9199981689453,165.9199981689453,2583
2023-08-08 15:35:00-04:00,165.9499969482422,166.0,165.94000244140625,166.0,166.0,2873
2023-08-08 15:36:00-04:00,166.0,166.02000427246094,165.97999572753906,165.97999572753906,165.97999572753906,3937
2023-08-08 15:37:00-04:00,166.01499938964844,166.01499938964844,165.97000122070312,166.0,166.0,2377
2023-08-08 15:38:00-04:00,166.0,166.0,165.9550018310547,165.9550018310547,165.9550018310547,2007
2023-08-08 15:39:00-04:00,165.94000244140625,166.00999450683594,165.91000366210938,165.9949951171875,165.9949951171875,6910
2023-08-08 15:40:00-04:00,165.9949951171875,166.00999450683594,165.9600067138672,165.98500061035156,165.98500061035156,4311
2023-08-08 15:41:00-04:00,165.97000122070312,165.99000549316406,165.9199981689453,165.9250030517578,165.9250030517578,3166
2023-08-08 15:42:00-04:00,165.97999572753906,166.00999450683594,165.9600067138672,165.97000122070312,165.97000122070312,2672
2023-08-08 15:43:00-04:00,165.91000366210938,165.97000122070312,165.8800048828125,165.91000366210938,165.91000366210938,6910
2023-08-08 15:44:00-04:00,165.89999389648438,165.89999389648438,165.88499450683594,165.88499450683594,165.88499450683594,1049
2023-08-08 15:45:00-04:00,165.8800048828125,165.9199981689453,165.85000610351562,165.9199981689453,165.9199981689453,4662
2023-08-08 15:46:00-04:00,165.9199981689453,166.00999450683594,165.9199981689453,165.9741973876953,165.9741973876953,5313
2023-08-08 15:47:00-04:00,165.9550018310547,166.0399932861328,165.9550018310547,166.0050048828125,166.0050048828125,6364
2023-08-08 15:48:00-04:00,166.0,166.0,165.97999572753906,166.0,166.0,1443
2023-08-08 15:49:00-04:00,166.0,166.0,165.9499969482422,165.9499969482422,165.9499969482422,5396
2023-08-08 15:50:00-04:00,165.9499969482422,165.99000549316406,165.91000366210938,165.92999267578125,165.92999267578125,7630
2023-08-08 15:51:00-04:00,165.91000366210938,165.91000366210938,165.75999450683594,165.77499389648438,165.77499389648438,7783
2023-08-08 15:52:00-04:00,165.76499938964844,165.77499389648438,165.69500732421875,165.6999969482422,165.6999969482422,4903
2023-08-08 15:53:00-04:00,165.6999969482422,165.6999969482422,165.6199951171875,165.6300048828125,165.6300048828125,9954
2023-08-08 15:54:00-04:00,165.61000061035156,165.66000366210938,165.5399932861328,165.56500244140625,165.56500244140625,8919
2023-08-08 15:55:00-04:00,165.57000732421875,165.64999389648438,165.55999755859375,165.63499450683594,165.63499450683594,14787
2023-08-08 15:56:00-04:00,165.6199951171875,165.69940185546875,165.6199951171875,165.68499755859375,165.68499755859375,10375
2023-08-08 15:57:00-04:00,165.6699981689453,165.6999969482422,165.6199951171875,165.63499450683594,165.63499450683594,15160
2023-08-08 15:58:00-04:00,165.6300048828125,165.69500732421875,165.57000732421875,165.5800018310547,165.5800018310547,16778
2023-08-08 15:59:00-04:00,165.5800018310547,165.60000610351562,165.24000549316406,165.27999877929688,165.27999877929688,94748
