Date,Open,High,Low,Close,Adj Close,Volume,Date
2023-05-25 09:30:00-04:00,37.61000061035156,37.779998779296875,37.459999084472656,37.47999954223633,37.47999954223633,37822,2023-05-25 09:30:00-04:00
2023-05-25 09:31:00-04:00,37.459999084472656,37.560001373291016,37.41999816894531,37.41999816894531,37.41999816894531,6803,2023-05-25 09:31:00-04:00
2023-05-25 09:32:00-04:00,37.43550109863281,37.45000076293945,37.400001525878906,37.45000076293945,37.45000076293945,1767,2023-05-25 09:32:00-04:00
2023-05-25 09:33:00-04:00,37.45000076293945,37.459999084472656,37.38999938964844,37.459999084472656,37.459999084472656,3888,2023-05-25 09:33:00-04:00
2023-05-25 09:34:00-04:00,37.474998474121094,37.54999923706055,37.474998474121094,37.5,37.5,4994,2023-05-25 09:34:00-04:00
2023-05-25 09:35:00-04:00,37.4900016784668,37.540000915527344,37.4900016784668,37.5099983215332,37.5099983215332,18269,2023-05-25 09:35:00-04:00
2023-05-25 09:36:00-04:00,37.4900016784668,37.5,37.40999984741211,37.43000030517578,37.43000030517578,17309,2023-05-25 09:36:00-04:00
2023-05-25 09:37:00-04:00,37.43000030517578,37.439998626708984,37.369998931884766,37.400001525878906,37.400001525878906,6320,2023-05-25 09:37:00-04:00
2023-05-25 09:38:00-04:00,37.400001525878906,37.41999816894531,37.387298583984375,37.400001525878906,37.400001525878906,2210,2023-05-25 09:38:00-04:00
2023-05-25 09:39:00-04:00,37.400001525878906,37.41999816894531,37.369998931884766,37.40999984741211,37.40999984741211,3772,2023-05-25 09:39:00-04:00
2023-05-25 09:40:00-04:00,37.400001525878906,37.41999816894531,37.380001068115234,37.400001525878906,37.400001525878906,6389,2023-05-25 09:40:00-04:00
2023-05-25 09:41:00-04:00,37.400001525878906,37.41999816894531,37.380001068115234,37.41999816894531,37.41999816894531,5178,2023-05-25 09:41:00-04:00
2023-05-25 09:42:00-04:00,37.41999816894531,37.43000030517578,37.380001068115234,37.380001068115234,37.380001068115234,3425,2023-05-25 09:42:00-04:00
2023-05-25 09:43:00-04:00,37.380001068115234,37.380001068115234,37.29999923706055,37.349998474121094,37.349998474121094,19963,2023-05-25 09:43:00-04:00
2023-05-25 09:44:00-04:00,37.349998474121094,37.400001525878906,37.345001220703125,37.400001525878906,37.400001525878906,4276,2023-05-25 09:44:00-04:00
2023-05-25 09:45:00-04:00,37.40999984741211,37.494998931884766,37.40999984741211,37.45000076293945,37.45000076293945,4265,2023-05-25 09:45:00-04:00
2023-05-25 09:46:00-04:00,37.459999084472656,37.46500015258789,37.36000061035156,37.36000061035156,37.36000061035156,2253,2023-05-25 09:46:00-04:00
2023-05-25 09:47:00-04:00,37.380001068115234,37.38999938964844,37.36000061035156,37.38999938964844,37.38999938964844,1756,2023-05-25 09:47:00-04:00
2023-05-25 09:48:00-04:00,37.39500045776367,37.40999984741211,37.334999084472656,37.349998474121094,37.349998474121094,2472,2023-05-25 09:48:00-04:00
2023-05-25 09:49:00-04:00,37.34000015258789,37.349998474121094,37.22999954223633,37.22999954223633,37.22999954223633,32809,2023-05-25 09:49:00-04:00
2023-05-25 09:50:00-04:00,37.25,37.2599983215332,37.23889923095703,37.25,37.25,3246,2023-05-25 09:50:00-04:00
2023-05-25 09:51:00-04:00,37.25,37.25,37.20500183105469,37.220001220703125,37.220001220703125,6049,2023-05-25 09:51:00-04:00
2023-05-25 09:52:00-04:00,37.224998474121094,37.244998931884766,37.20500183105469,37.209999084472656,37.209999084472656,15703,2023-05-25 09:52:00-04:00
2023-05-25 09:53:00-04:00,37.220001220703125,37.220001220703125,37.185001373291016,37.189998626708984,37.189998626708984,13945,2023-05-25 09:53:00-04:00
2023-05-25 09:54:00-04:00,37.189998626708984,37.2599983215332,37.18000030517578,37.255001068115234,37.255001068115234,11799,2023-05-25 09:54:00-04:00
2023-05-25 09:55:00-04:00,37.2599983215332,37.27000045776367,37.23500061035156,37.23500061035156,37.23500061035156,3990,2023-05-25 09:55:00-04:00
2023-05-25 09:56:00-04:00,37.2400016784668,37.27000045776367,37.2400016784668,37.27000045776367,37.27000045776367,9689,2023-05-25 09:56:00-04:00
2023-05-25 09:57:00-04:00,37.2599983215332,37.2599983215332,37.2400016784668,37.2599983215332,37.2599983215332,4219,2023-05-25 09:57:00-04:00
2023-05-25 09:58:00-04:00,37.25,37.275001525878906,37.25,37.275001525878906,37.275001525878906,4594,2023-05-25 09:58:00-04:00
2023-05-25 09:59:00-04:00,37.275001525878906,37.33000183105469,37.27000045776367,37.33000183105469,37.33000183105469,8690,2023-05-25 09:59:00-04:00
2023-05-25 10:00:00-04:00,37.334999084472656,37.369998931884766,37.334999084472656,37.36000061035156,37.36000061035156,4781,2023-05-25 10:00:00-04:00
2023-05-25 10:01:00-04:00,37.36000061035156,37.3849983215332,37.34000015258789,37.369998931884766,37.369998931884766,2849,2023-05-25 10:01:00-04:00
2023-05-25 10:02:00-04:00,37.369998931884766,37.375,37.34000015258789,37.349998474121094,37.349998474121094,4308,2023-05-25 10:02:00-04:00
2023-05-25 10:03:00-04:00,37.349998474121094,37.375,37.345001220703125,37.36000061035156,37.36000061035156,5369,2023-05-25 10:03:00-04:00
2023-05-25 10:04:00-04:00,37.36000061035156,37.404998779296875,37.36000061035156,37.388999938964844,37.388999938964844,5432,2023-05-25 10:04:00-04:00
2023-05-25 10:05:00-04:00,37.38999938964844,37.41999816894531,37.38999938964844,37.41999816894531,37.41999816894531,4956,2023-05-25 10:05:00-04:00
2023-05-25 10:06:00-04:00,37.41999816894531,37.42499923706055,37.334999084472656,37.334999084472656,37.334999084472656,8094,2023-05-25 10:06:00-04:00
2023-05-25 10:07:00-04:00,37.29999923706055,37.31999969482422,37.29999923706055,37.310001373291016,37.310001373291016,6093,2023-05-25 10:07:00-04:00
2023-05-25 10:08:00-04:00,37.31999969482422,37.36000061035156,37.31999969482422,37.36000061035156,37.36000061035156,1859,2023-05-25 10:08:00-04:00
2023-05-25 10:09:00-04:00,37.33000183105469,37.33000183105469,37.290000915527344,37.290000915527344,37.290000915527344,2296,2023-05-25 10:09:00-04:00
2023-05-25 10:10:00-04:00,37.290000915527344,37.29999923706055,37.28499984741211,37.28499984741211,37.28499984741211,3653,2023-05-25 10:10:00-04:00
2023-05-25 10:11:00-04:00,37.290000915527344,37.30500030517578,37.2599983215332,37.27000045776367,37.27000045776367,8321,2023-05-25 10:11:00-04:00
2023-05-25 10:12:00-04:00,37.27000045776367,37.314998626708984,37.27000045776367,37.29499816894531,37.29499816894531,4686,2023-05-25 10:12:00-04:00
2023-05-25 10:13:00-04:00,37.31999969482422,37.33000183105469,37.310001373291016,37.31999969482422,37.31999969482422,5134,2023-05-25 10:13:00-04:00
2023-05-25 10:14:00-04:00,37.31999969482422,37.32500076293945,37.310001373291016,37.31999969482422,37.31999969482422,2634,2023-05-25 10:14:00-04:00
2023-05-25 10:15:00-04:00,37.31999969482422,37.31999969482422,37.290000915527344,37.30500030517578,37.30500030517578,2797,2023-05-25 10:15:00-04:00
2023-05-25 10:16:00-04:00,37.29999923706055,37.36000061035156,37.29999923706055,37.36000061035156,37.36000061035156,3048,2023-05-25 10:16:00-04:00
2023-05-25 10:17:00-04:00,37.375,37.380001068115234,37.349998474121094,37.349998474121094,37.349998474121094,3284,2023-05-25 10:17:00-04:00
2023-05-25 10:18:00-04:00,37.35499954223633,37.3650016784668,37.334999084472656,37.349998474121094,37.349998474121094,2961,2023-05-25 10:18:00-04:00
2023-05-25 10:19:00-04:00,37.345001220703125,37.345001220703125,37.31999969482422,37.34000015258789,37.34000015258789,4923,2023-05-25 10:19:00-04:00
2023-05-25 10:20:00-04:00,37.34000015258789,37.345001220703125,37.33000183105469,37.34000015258789,37.34000015258789,4348,2023-05-25 10:20:00-04:00
2023-05-25 10:21:00-04:00,37.33000183105469,37.35499954223633,37.33000183105469,37.35499954223633,37.35499954223633,3180,2023-05-25 10:21:00-04:00
2023-05-25 10:22:00-04:00,37.36000061035156,37.375,37.32500076293945,37.32500076293945,37.32500076293945,6063,2023-05-25 10:22:00-04:00
2023-05-25 10:23:00-04:00,37.334999084472656,37.35499954223633,37.33000183105469,37.349998474121094,37.349998474121094,2461,2023-05-25 10:23:00-04:00
2023-05-25 10:24:00-04:00,37.345001220703125,37.349998474121094,37.310001373291016,37.310001373291016,37.310001373291016,8051,2023-05-25 10:24:00-04:00
2023-05-25 10:25:00-04:00,37.314998626708984,37.349998474121094,37.314998626708984,37.33000183105469,37.33000183105469,6584,2023-05-25 10:25:00-04:00
2023-05-25 10:26:00-04:00,37.33000183105469,37.33000183105469,37.28499984741211,37.28499984741211,37.28499984741211,6429,2023-05-25 10:26:00-04:00
2023-05-25 10:27:00-04:00,37.290000915527344,37.29999923706055,37.27000045776367,37.27000045776367,37.27000045776367,4558,2023-05-25 10:27:00-04:00
2023-05-25 10:28:00-04:00,37.27000045776367,37.279998779296875,37.255001068115234,37.275001525878906,37.275001525878906,9771,2023-05-25 10:28:00-04:00
2023-05-25 10:29:00-04:00,37.27000045776367,37.275001525878906,37.2400016784668,37.2400016784668,37.2400016784668,4958,2023-05-25 10:29:00-04:00
2023-05-25 10:30:00-04:00,37.22999954223633,37.23500061035156,37.20000076293945,37.21500015258789,37.21500015258789,64756,2023-05-25 10:30:00-04:00
2023-05-25 10:31:00-04:00,37.209999084472656,37.220001220703125,37.20500183105469,37.20500183105469,37.20500183105469,5368,2023-05-25 10:31:00-04:00
2023-05-25 10:32:00-04:00,37.20000076293945,37.224998474121094,37.19499969482422,37.220001220703125,37.220001220703125,8077,2023-05-25 10:32:00-04:00
2023-05-25 10:33:00-04:00,37.22999954223633,37.22999954223633,37.19499969482422,37.20500183105469,37.20500183105469,4315,2023-05-25 10:33:00-04:00
2023-05-25 10:34:00-04:00,37.21500015258789,37.220001220703125,37.20000076293945,37.20000076293945,37.20000076293945,4465,2023-05-25 10:34:00-04:00
2023-05-25 10:35:00-04:00,37.18000030517578,37.189998626708984,37.18000030517578,37.189998626708984,37.189998626708984,6363,2023-05-25 10:35:00-04:00
2023-05-25 10:36:00-04:00,37.20000076293945,37.20000076293945,37.15999984741211,37.16999816894531,37.16999816894531,5075,2023-05-25 10:36:00-04:00
2023-05-25 10:37:00-04:00,37.17499923706055,37.189998626708984,37.17499923706055,37.18000030517578,37.18000030517578,2940,2023-05-25 10:37:00-04:00
2023-05-25 10:38:00-04:00,37.180301666259766,37.180301666259766,37.150001525878906,37.16999816894531,37.16999816894531,2750,2023-05-25 10:38:00-04:00
2023-05-25 10:39:00-04:00,37.20000076293945,37.22999954223633,37.20000076293945,37.20500183105469,37.20500183105469,4279,2023-05-25 10:39:00-04:00
2023-05-25 10:40:00-04:00,37.20500183105469,37.22999954223633,37.18000030517578,37.209999084472656,37.209999084472656,3567,2023-05-25 10:40:00-04:00
2023-05-25 10:41:00-04:00,37.21500015258789,37.23500061035156,37.21500015258789,37.224998474121094,37.224998474121094,7659,2023-05-25 10:41:00-04:00
2023-05-25 10:42:00-04:00,37.220001220703125,37.220001220703125,37.16999816894531,37.189998626708984,37.189998626708984,5817,2023-05-25 10:42:00-04:00
2023-05-25 10:43:00-04:00,37.20000076293945,37.20000076293945,37.1870002746582,37.189998626708984,37.189998626708984,21966,2023-05-25 10:43:00-04:00
2023-05-25 10:44:00-04:00,37.18000030517578,37.18880081176758,37.17499923706055,37.18880081176758,37.18880081176758,3275,2023-05-25 10:44:00-04:00
2023-05-25 10:45:00-04:00,37.20000076293945,37.220001220703125,37.20000076293945,37.20000076293945,37.20000076293945,3985,2023-05-25 10:45:00-04:00
2023-05-25 10:46:00-04:00,37.20500183105469,37.209999084472656,37.165000915527344,37.165000915527344,37.165000915527344,5176,2023-05-25 10:46:00-04:00
2023-05-25 10:47:00-04:00,37.16999816894531,37.16999816894531,37.13999938964844,37.15999984741211,37.15999984741211,7577,2023-05-25 10:47:00-04:00
2023-05-25 10:48:00-04:00,37.15999984741211,37.16999816894531,37.15999984741211,37.16999816894531,37.16999816894531,1513,2023-05-25 10:48:00-04:00
2023-05-25 10:49:00-04:00,37.15999984741211,37.16999816894531,37.14500045776367,37.14500045776367,37.14500045776367,4336,2023-05-25 10:49:00-04:00
2023-05-25 10:50:00-04:00,37.150001525878906,37.15999984741211,37.11000061035156,37.154998779296875,37.154998779296875,46952,2023-05-25 10:50:00-04:00
2023-05-25 10:51:00-04:00,37.15999984741211,37.165000915527344,37.13999938964844,37.13999938964844,37.13999938964844,4363,2023-05-25 10:51:00-04:00
2023-05-25 10:52:00-04:00,37.13999938964844,37.150001525878906,37.119998931884766,37.150001525878906,37.150001525878906,2955,2023-05-25 10:52:00-04:00
2023-05-25 10:53:00-04:00,37.150001525878906,37.150001525878906,37.11000061035156,37.119998931884766,37.119998931884766,6756,2023-05-25 10:53:00-04:00
2023-05-25 10:54:00-04:00,37.11000061035156,37.11000061035156,37.08000183105469,37.09000015258789,37.09000015258789,6714,2023-05-25 10:54:00-04:00
2023-05-25 10:55:00-04:00,37.097999572753906,37.097999572753906,37.06999969482422,37.06999969482422,37.06999969482422,3899,2023-05-25 10:55:00-04:00
2023-05-25 10:56:00-04:00,37.060001373291016,37.06399917602539,37.040000915527344,37.040000915527344,37.040000915527344,3186,2023-05-25 10:56:00-04:00
2023-05-25 10:57:00-04:00,37.03499984741211,37.037498474121094,37.005001068115234,37.0099983215332,37.0099983215332,13264,2023-05-25 10:57:00-04:00
2023-05-25 10:58:00-04:00,37.005001068115234,37.01499938964844,36.95000076293945,37.0099983215332,37.0099983215332,53818,2023-05-25 10:58:00-04:00
2023-05-25 10:59:00-04:00,37.02000045776367,37.05500030517578,37.02000045776367,37.04999923706055,37.04999923706055,6547,2023-05-25 10:59:00-04:00
2023-05-25 11:00:00-04:00,37.060001373291016,37.084999084472656,37.04999923706055,37.04999923706055,37.04999923706055,3974,2023-05-25 11:00:00-04:00
2023-05-25 11:01:00-04:00,37.060001373291016,37.08000183105469,37.05500030517578,37.08000183105469,37.08000183105469,2320,2023-05-25 11:01:00-04:00
2023-05-25 11:02:00-04:00,37.07500076293945,37.07500076293945,37.06999969482422,37.06999969482422,37.06999969482422,1360,2023-05-25 11:02:00-04:00
2023-05-25 11:03:00-04:00,37.08000183105469,37.09000015258789,37.08000183105469,37.09000015258789,37.09000015258789,1251,2023-05-25 11:03:00-04:00
2023-05-25 11:04:00-04:00,37.09000015258789,37.09000015258789,37.060001373291016,37.060001373291016,37.060001373291016,9571,2023-05-25 11:04:00-04:00
2023-05-25 11:05:00-04:00,37.04999923706055,37.07500076293945,37.04999923706055,37.06999969482422,37.06999969482422,3816,2023-05-25 11:05:00-04:00
2023-05-25 11:06:00-04:00,37.06999969482422,37.06999969482422,37.040000915527344,37.040000915527344,37.040000915527344,1997,2023-05-25 11:06:00-04:00
2023-05-25 11:07:00-04:00,37.03070068359375,37.064998626708984,37.029998779296875,37.064998626708984,37.064998626708984,2565,2023-05-25 11:07:00-04:00
2023-05-25 11:08:00-04:00,37.060001373291016,37.060001373291016,37.01499938964844,37.02000045776367,37.02000045776367,2019,2023-05-25 11:08:00-04:00
2023-05-25 11:09:00-04:00,37.0099983215332,37.02000045776367,37.00120162963867,37.02000045776367,37.02000045776367,2090,2023-05-25 11:09:00-04:00
2023-05-25 11:10:00-04:00,37.0099983215332,37.0099983215332,36.97999954223633,36.97999954223633,36.97999954223633,10191,2023-05-25 11:10:00-04:00
2023-05-25 11:11:00-04:00,36.9900016784668,36.9900016784668,36.97999954223633,36.97999954223633,36.97999954223633,1675,2023-05-25 11:11:00-04:00
2023-05-25 11:12:00-04:00,36.97999954223633,36.97999954223633,36.93949890136719,36.939998626708984,36.939998626708984,9729,2023-05-25 11:12:00-04:00
2023-05-25 11:13:00-04:00,36.939998626708984,36.939998626708984,36.900001525878906,36.90999984741211,36.90999984741211,2516,2023-05-25 11:13:00-04:00
2023-05-25 11:14:00-04:00,36.90999984741211,36.915000915527344,36.86000061035156,36.8650016784668,36.8650016784668,5494,2023-05-25 11:14:00-04:00
2023-05-25 11:15:00-04:00,36.862701416015625,36.869998931884766,36.84000015258789,36.86000061035156,36.86000061035156,36036,2023-05-25 11:15:00-04:00
2023-05-25 11:16:00-04:00,36.869998931884766,36.8849983215332,36.81100082397461,36.834999084472656,36.834999084472656,10023,2023-05-25 11:16:00-04:00
2023-05-25 11:17:00-04:00,36.81999969482422,36.83000183105469,36.779998779296875,36.779998779296875,36.779998779296875,12172,2023-05-25 11:17:00-04:00
2023-05-25 11:18:00-04:00,36.790000915527344,36.79999923706055,36.77519989013672,36.79499816894531,36.79499816894531,2397,2023-05-25 11:18:00-04:00
2023-05-25 11:19:00-04:00,36.79819869995117,36.79999923706055,36.7599983215332,36.76499938964844,36.76499938964844,7574,2023-05-25 11:19:00-04:00
2023-05-25 11:20:00-04:00,36.76499938964844,36.775001525878906,36.7599983215332,36.77000045776367,36.77000045776367,3890,2023-05-25 11:20:00-04:00
2023-05-25 11:21:00-04:00,36.779998779296875,36.779998779296875,36.709999084472656,36.73500061035156,36.73500061035156,13943,2023-05-25 11:21:00-04:00
2023-05-25 11:22:00-04:00,36.7400016784668,36.76499938964844,36.73500061035156,36.76499938964844,36.76499938964844,34538,2023-05-25 11:22:00-04:00
2023-05-25 11:23:00-04:00,36.77000045776367,36.790000915527344,36.77000045776367,36.779998779296875,36.779998779296875,4583,2023-05-25 11:23:00-04:00
2023-05-25 11:24:00-04:00,36.779998779296875,36.80500030517578,36.779998779296875,36.80500030517578,36.80500030517578,2787,2023-05-25 11:24:00-04:00
2023-05-25 11:25:00-04:00,36.79999923706055,36.80500030517578,36.790000915527344,36.79999923706055,36.79999923706055,3361,2023-05-25 11:25:00-04:00
2023-05-25 11:26:00-04:00,36.79499816894531,36.79499816894531,36.779998779296875,36.7942008972168,36.7942008972168,3442,2023-05-25 11:26:00-04:00
2023-05-25 11:27:00-04:00,36.79499816894531,36.81999969482422,36.78499984741211,36.81999969482422,36.81999969482422,2116,2023-05-25 11:27:00-04:00
2023-05-25 11:28:00-04:00,36.81999969482422,36.83000183105469,36.81999969482422,36.81999969482422,36.81999969482422,1786,2023-05-25 11:28:00-04:00
2023-05-25 11:29:00-04:00,36.81999969482422,36.85499954223633,36.81999969482422,36.845001220703125,36.845001220703125,2659,2023-05-25 11:29:00-04:00
2023-05-25 11:30:00-04:00,36.849998474121094,36.869998931884766,36.845001220703125,36.8650016784668,36.8650016784668,4306,2023-05-25 11:30:00-04:00
2023-05-25 11:31:00-04:00,36.8650016784668,36.869998931884766,36.849998474121094,36.86000061035156,36.86000061035156,32745,2023-05-25 11:31:00-04:00
2023-05-25 11:32:00-04:00,36.869998931884766,36.90999984741211,36.869998931884766,36.904998779296875,36.904998779296875,11189,2023-05-25 11:32:00-04:00
2023-05-25 11:33:00-04:00,36.88999938964844,36.89500045776367,36.880001068115234,36.8849983215332,36.8849983215332,2776,2023-05-25 11:33:00-04:00
2023-05-25 11:34:00-04:00,36.880001068115234,36.8849983215332,36.869998931884766,36.880001068115234,36.880001068115234,3681,2023-05-25 11:34:00-04:00
2023-05-25 11:35:00-04:00,36.869998931884766,36.900001525878906,36.85499954223633,36.900001525878906,36.900001525878906,10867,2023-05-25 11:35:00-04:00
2023-05-25 11:36:00-04:00,36.90999984741211,36.915000915527344,36.904998779296875,36.90999984741211,36.90999984741211,28779,2023-05-25 11:36:00-04:00
2023-05-25 11:37:00-04:00,36.904998779296875,36.90660095214844,36.8849983215332,36.88999938964844,36.88999938964844,1800,2023-05-25 11:37:00-04:00
2023-05-25 11:38:00-04:00,36.88999938964844,36.88999938964844,36.84000015258789,36.84000015258789,36.84000015258789,5792,2023-05-25 11:38:00-04:00
2023-05-25 11:39:00-04:00,36.849998474121094,36.849998474121094,36.810001373291016,36.81999969482422,36.81999969482422,2691,2023-05-25 11:39:00-04:00
2023-05-25 11:40:00-04:00,36.810001373291016,36.86000061035156,36.790000915527344,36.790000915527344,36.790000915527344,48303,2023-05-25 11:40:00-04:00
2023-05-25 11:41:00-04:00,36.78499984741211,36.849998474121094,36.78499984741211,36.83000183105469,36.83000183105469,8869,2023-05-25 11:41:00-04:00
2023-05-25 11:42:00-04:00,36.84000015258789,36.84000015258789,36.790000915527344,36.83000183105469,36.83000183105469,26451,2023-05-25 11:42:00-04:00
2023-05-25 11:43:00-04:00,36.83000183105469,36.85499954223633,36.83000183105469,36.845001220703125,36.845001220703125,3455,2023-05-25 11:43:00-04:00
2023-05-25 11:44:00-04:00,36.845001220703125,36.8650016784668,36.84000015258789,36.845001220703125,36.845001220703125,49932,2023-05-25 11:44:00-04:00
2023-05-25 11:45:00-04:00,36.845001220703125,36.880001068115234,36.845001220703125,36.880001068115234,36.880001068115234,13573,2023-05-25 11:45:00-04:00
2023-05-25 11:46:00-04:00,36.8849983215332,36.8849983215332,36.85499954223633,36.86000061035156,36.86000061035156,4744,2023-05-25 11:46:00-04:00
2023-05-25 11:47:00-04:00,36.85499954223633,36.88999938964844,36.849998474121094,36.88999938964844,36.88999938964844,4683,2023-05-25 11:47:00-04:00
2023-05-25 11:48:00-04:00,36.89500045776367,36.900001525878906,36.89500045776367,36.900001525878906,36.900001525878906,1282,2023-05-25 11:48:00-04:00
2023-05-25 11:49:00-04:00,36.915000915527344,36.915000915527344,36.900001525878906,36.90999984741211,36.90999984741211,1932,2023-05-25 11:49:00-04:00
2023-05-25 11:50:00-04:00,36.90999984741211,36.91999816894531,36.880001068115234,36.880001068115234,36.880001068115234,9899,2023-05-25 11:50:00-04:00
2023-05-25 11:51:00-04:00,36.875,36.88999938964844,36.875,36.88999938964844,36.88999938964844,2429,2023-05-25 11:51:00-04:00
2023-05-25 11:52:00-04:00,36.900001525878906,36.900001525878906,36.869998931884766,36.869998931884766,36.869998931884766,3532,2023-05-25 11:52:00-04:00
2023-05-25 11:53:00-04:00,36.880001068115234,36.90999984741211,36.869998931884766,36.869998931884766,36.869998931884766,7183,2023-05-25 11:53:00-04:00
2023-05-25 11:54:00-04:00,36.869998931884766,36.88999938964844,36.810001373291016,36.810001373291016,36.810001373291016,21573,2023-05-25 11:54:00-04:00
2023-05-25 11:55:00-04:00,36.810001373291016,36.83000183105469,36.810001373291016,36.83000183105469,36.83000183105469,3766,2023-05-25 11:55:00-04:00
2023-05-25 11:56:00-04:00,36.84000015258789,36.84000015258789,36.84000015258789,36.84000015258789,36.84000015258789,630,2023-05-25 11:56:00-04:00
2023-05-25 11:57:00-04:00,36.83000183105469,36.84000015258789,36.81999969482422,36.84000015258789,36.84000015258789,8895,2023-05-25 11:57:00-04:00
2023-05-25 11:58:00-04:00,36.84000015258789,36.84000015258789,36.80500030517578,36.810001373291016,36.810001373291016,11417,2023-05-25 11:58:00-04:00
2023-05-25 11:59:00-04:00,36.810001373291016,36.82500076293945,36.80500030517578,36.810001373291016,36.810001373291016,12706,2023-05-25 11:59:00-04:00
2023-05-25 12:00:00-04:00,36.81999969482422,36.849998474121094,36.81999969482422,36.84000015258789,36.84000015258789,21329,2023-05-25 12:00:00-04:00
2023-05-25 12:01:00-04:00,36.845001220703125,36.86000061035156,36.84000015258789,36.84000015258789,36.84000015258789,2863,2023-05-25 12:01:00-04:00
2023-05-25 12:02:00-04:00,36.849998474121094,36.86000061035156,36.84000015258789,36.849998474121094,36.849998474121094,4448,2023-05-25 12:02:00-04:00
2023-05-25 12:03:00-04:00,36.86000061035156,36.8650016784668,36.84000015258789,36.84000015258789,36.84000015258789,2357,2023-05-25 12:03:00-04:00
2023-05-25 12:04:00-04:00,36.845001220703125,36.88999938964844,36.84000015258789,36.88999938964844,36.88999938964844,6005,2023-05-25 12:04:00-04:00
2023-05-25 12:05:00-04:00,36.900001525878906,36.904998779296875,36.88999938964844,36.88999938964844,36.88999938964844,2650,2023-05-25 12:05:00-04:00
2023-05-25 12:06:00-04:00,36.880001068115234,36.880001068115234,36.869998931884766,36.869998931884766,36.869998931884766,2458,2023-05-25 12:06:00-04:00
2023-05-25 12:07:00-04:00,36.869998931884766,36.90999984741211,36.869998931884766,36.90999984741211,36.90999984741211,1948,2023-05-25 12:07:00-04:00
2023-05-25 12:08:00-04:00,36.90999984741211,36.92499923706055,36.904998779296875,36.90999984741211,36.90999984741211,8719,2023-05-25 12:08:00-04:00
2023-05-25 12:09:00-04:00,36.90999984741211,36.93000030517578,36.90999984741211,36.93000030517578,36.93000030517578,2512,2023-05-25 12:09:00-04:00
2023-05-25 12:10:00-04:00,36.93000030517578,36.970001220703125,36.93000030517578,36.959999084472656,36.959999084472656,2519,2023-05-25 12:10:00-04:00
2023-05-25 12:11:00-04:00,36.959999084472656,36.970001220703125,36.939998626708984,36.970001220703125,36.970001220703125,5509,2023-05-25 12:11:00-04:00
2023-05-25 12:12:00-04:00,36.970001220703125,36.9900016784668,36.970001220703125,36.97090148925781,36.97090148925781,1958,2023-05-25 12:12:00-04:00
2023-05-25 12:13:00-04:00,36.974998474121094,37.0,36.974998474121094,36.994998931884766,36.994998931884766,1965,2023-05-25 12:13:00-04:00
2023-05-25 12:14:00-04:00,36.994998931884766,36.994998931884766,36.959999084472656,36.96500015258789,36.96500015258789,2208,2023-05-25 12:14:00-04:00
2023-05-25 12:15:00-04:00,36.96500015258789,36.97999954223633,36.959999084472656,36.970001220703125,36.970001220703125,6816,2023-05-25 12:15:00-04:00
2023-05-25 12:16:00-04:00,36.97999954223633,36.994998931884766,36.974998474121094,36.994998931884766,36.994998931884766,2881,2023-05-25 12:16:00-04:00
2023-05-25 12:17:00-04:00,37.0,37.005001068115234,36.9900016784668,36.9900016784668,36.9900016784668,5128,2023-05-25 12:17:00-04:00
2023-05-25 12:18:00-04:00,36.97999954223633,36.98500061035156,36.970001220703125,36.974998474121094,36.974998474121094,2749,2023-05-25 12:18:00-04:00
2023-05-25 12:19:00-04:00,36.97999954223633,36.9900016784668,36.97999954223633,36.98500061035156,36.98500061035156,3130,2023-05-25 12:19:00-04:00
2023-05-25 12:20:00-04:00,36.9900016784668,36.994998931884766,36.94499969482422,36.94499969482422,36.94499969482422,4380,2023-05-25 12:20:00-04:00
2023-05-25 12:21:00-04:00,36.948299407958984,36.948299407958984,36.93000030517578,36.93000030517578,36.93000030517578,2256,2023-05-25 12:21:00-04:00
2023-05-25 12:22:00-04:00,36.935001373291016,36.939998626708984,36.915000915527344,36.915000915527344,36.915000915527344,5108,2023-05-25 12:22:00-04:00
2023-05-25 12:23:00-04:00,36.90999984741211,36.91999816894531,36.88999938964844,36.900001525878906,36.900001525878906,2939,2023-05-25 12:23:00-04:00
2023-05-25 12:24:00-04:00,36.900001525878906,36.900001525878906,36.84000015258789,36.849998474121094,36.849998474121094,8163,2023-05-25 12:24:00-04:00
2023-05-25 12:25:00-04:00,36.85499954223633,36.869998931884766,36.849998474121094,36.849998474121094,36.849998474121094,6734,2023-05-25 12:25:00-04:00
2023-05-25 12:26:00-04:00,36.84000015258789,36.84000015258789,36.81999969482422,36.82500076293945,36.82500076293945,3831,2023-05-25 12:26:00-04:00
2023-05-25 12:27:00-04:00,36.82500076293945,36.84000015258789,36.79499816894531,36.79999923706055,36.79999923706055,3796,2023-05-25 12:27:00-04:00
2023-05-25 12:28:00-04:00,36.79999923706055,36.814998626708984,36.79999923706055,36.810001373291016,36.810001373291016,3066,2023-05-25 12:28:00-04:00
2023-05-25 12:29:00-04:00,36.810001373291016,36.810001373291016,36.80009841918945,36.80500030517578,36.80500030517578,704,2023-05-25 12:29:00-04:00
2023-05-25 12:30:00-04:00,36.80500030517578,36.83000183105469,36.77000045776367,36.790000915527344,36.790000915527344,26333,2023-05-25 12:30:00-04:00
2023-05-25 12:31:00-04:00,36.79499816894531,36.81999969482422,36.79499816894531,36.810001373291016,36.810001373291016,2006,2023-05-25 12:31:00-04:00
2023-05-25 12:32:00-04:00,36.810001373291016,36.84000015258789,36.810001373291016,36.834999084472656,36.834999084472656,4263,2023-05-25 12:32:00-04:00
2023-05-25 12:33:00-04:00,36.83000183105469,36.83000183105469,36.82500076293945,36.83000183105469,36.83000183105469,2569,2023-05-25 12:33:00-04:00
2023-05-25 12:34:00-04:00,36.82500076293945,36.834999084472656,36.810001373291016,36.81999969482422,36.81999969482422,7891,2023-05-25 12:34:00-04:00
2023-05-25 12:35:00-04:00,36.83000183105469,36.8650016784668,36.83000183105469,36.86000061035156,36.86000061035156,1907,2023-05-25 12:35:00-04:00
2023-05-25 12:36:00-04:00,36.86000061035156,36.869998931884766,36.86000061035156,36.869998931884766,36.869998931884766,1365,2023-05-25 12:36:00-04:00
2023-05-25 12:37:00-04:00,36.8650016784668,36.869998931884766,36.8650016784668,36.869998931884766,36.869998931884766,460,2023-05-25 12:37:00-04:00
2023-05-25 12:38:00-04:00,36.869998931884766,36.900001525878906,36.869998931884766,36.8849983215332,36.8849983215332,3701,2023-05-25 12:38:00-04:00
2023-05-25 12:39:00-04:00,36.880001068115234,36.900001525878906,36.869998931884766,36.900001525878906,36.900001525878906,4042,2023-05-25 12:39:00-04:00
2023-05-25 12:40:00-04:00,36.904998779296875,36.92499923706055,36.904998779296875,36.92499923706055,36.92499923706055,2717,2023-05-25 12:40:00-04:00
2023-05-25 12:41:00-04:00,36.91999816894531,36.939998626708984,36.91999816894531,36.939998626708984,36.939998626708984,5210,2023-05-25 12:41:00-04:00
2023-05-25 12:42:00-04:00,36.935001373291016,36.94499969482422,36.91999816894531,36.91999816894531,36.91999816894531,4492,2023-05-25 12:42:00-04:00
2023-05-25 12:43:00-04:00,36.91999816894531,36.91999816894531,36.915000915527344,36.915000915527344,36.915000915527344,933,2023-05-25 12:43:00-04:00
2023-05-25 12:44:00-04:00,36.915000915527344,36.935001373291016,36.915000915527344,36.935001373291016,36.935001373291016,4258,2023-05-25 12:44:00-04:00
2023-05-25 12:45:00-04:00,36.939998626708984,36.95500183105469,36.935001373291016,36.939998626708984,36.939998626708984,5814,2023-05-25 12:45:00-04:00
2023-05-25 12:46:00-04:00,36.939998626708984,36.95000076293945,36.939998626708984,36.95000076293945,36.95000076293945,1327,2023-05-25 12:46:00-04:00
2023-05-25 12:47:00-04:00,36.95500183105469,36.974998474121094,36.95500183105469,36.970001220703125,36.970001220703125,6137,2023-05-25 12:47:00-04:00
2023-05-25 12:48:00-04:00,36.959999084472656,36.970001220703125,36.95500183105469,36.970001220703125,36.970001220703125,3604,2023-05-25 12:48:00-04:00
2023-05-25 12:49:00-04:00,36.98500061035156,36.994998931884766,36.97999954223633,36.97999954223633,36.97999954223633,2533,2023-05-25 12:49:00-04:00
2023-05-25 12:50:00-04:00,36.974998474121094,36.974998474121094,36.970001220703125,36.970001220703125,36.970001220703125,572,2023-05-25 12:50:00-04:00
2023-05-25 12:51:00-04:00,36.974998474121094,36.974998474121094,36.95500183105469,36.959999084472656,36.959999084472656,31506,2023-05-25 12:51:00-04:00
2023-05-25 12:52:00-04:00,36.959999084472656,37.0099983215332,36.959999084472656,37.0,37.0,33298,2023-05-25 12:52:00-04:00
2023-05-25 12:53:00-04:00,37.0,37.0,36.959999084472656,36.959999084472656,36.959999084472656,4105,2023-05-25 12:53:00-04:00
2023-05-25 12:54:00-04:00,36.959999084472656,36.959999084472656,36.93000030517578,36.93000030517578,36.93000030517578,1659,2023-05-25 12:54:00-04:00
2023-05-25 12:55:00-04:00,36.93000030517578,36.93000030517578,36.92499923706055,36.93000030517578,36.93000030517578,2955,2023-05-25 12:55:00-04:00
2023-05-25 12:56:00-04:00,36.95000076293945,36.959999084472656,36.94499969482422,36.95000076293945,36.95000076293945,3181,2023-05-25 12:56:00-04:00
2023-05-25 12:57:00-04:00,36.95000076293945,36.95000076293945,36.941200256347656,36.94499969482422,36.94499969482422,950,2023-05-25 12:57:00-04:00
2023-05-25 12:58:00-04:00,36.939998626708984,36.96500015258789,36.939998626708984,36.96500015258789,36.96500015258789,2847,2023-05-25 12:58:00-04:00
2023-05-25 12:59:00-04:00,36.959999084472656,36.959999084472656,36.90999984741211,36.915000915527344,36.915000915527344,6797,2023-05-25 12:59:00-04:00
2023-05-25 13:00:00-04:00,36.91999816894531,36.93000030517578,36.91999816894531,36.91999816894531,36.91999816894531,5411,2023-05-25 13:00:00-04:00
2023-05-25 13:01:00-04:00,36.915000915527344,36.92499923706055,36.90999984741211,36.915000915527344,36.915000915527344,3554,2023-05-25 13:01:00-04:00
2023-05-25 13:02:00-04:00,36.90999984741211,36.93000030517578,36.90999984741211,36.93000030517578,36.93000030517578,9029,2023-05-25 13:02:00-04:00
2023-05-25 13:03:00-04:00,36.92499923706055,36.92499923706055,36.90999984741211,36.91999816894531,36.91999816894531,1264,2023-05-25 13:03:00-04:00
2023-05-25 13:04:00-04:00,36.915000915527344,36.91999816894531,36.915000915527344,36.91999816894531,36.91999816894531,757,2023-05-25 13:04:00-04:00
2023-05-25 13:05:00-04:00,36.92499923706055,36.92499923706055,36.91999816894531,36.92499923706055,36.92499923706055,700,2023-05-25 13:05:00-04:00
2023-05-25 13:06:00-04:00,36.91999816894531,36.91999816894531,36.900001525878906,36.900001525878906,36.900001525878906,6921,2023-05-25 13:06:00-04:00
2023-05-25 13:07:00-04:00,36.89500045776367,36.91999816894531,36.89500045776367,36.91999816894531,36.91999816894531,3109,2023-05-25 13:07:00-04:00
2023-05-25 13:08:00-04:00,36.92499923706055,36.93550109863281,36.91999816894531,36.93550109863281,36.93550109863281,3332,2023-05-25 13:08:00-04:00
2023-05-25 13:09:00-04:00,36.939998626708984,36.95000076293945,36.939998626708984,36.94499969482422,36.94499969482422,1465,2023-05-25 13:09:00-04:00
2023-05-25 13:10:00-04:00,36.939998626708984,36.970001220703125,36.939998626708984,36.96670150756836,36.96670150756836,7340,2023-05-25 13:10:00-04:00
2023-05-25 13:11:00-04:00,36.9640007019043,36.970001220703125,36.959999084472656,36.970001220703125,36.970001220703125,11531,2023-05-25 13:11:00-04:00
2023-05-25 13:12:00-04:00,36.97999954223633,36.9900016784668,36.97999954223633,36.97999954223633,36.97999954223633,3667,2023-05-25 13:12:00-04:00
2023-05-25 13:13:00-04:00,36.98500061035156,37.0,36.98500061035156,36.994998931884766,36.994998931884766,2332,2023-05-25 13:13:00-04:00
2023-05-25 13:14:00-04:00,37.0,37.005001068115234,37.0,37.0,37.0,1681,2023-05-25 13:14:00-04:00
2023-05-25 13:15:00-04:00,37.0099983215332,37.02000045776367,37.0099983215332,37.01499938964844,37.01499938964844,3130,2023-05-25 13:15:00-04:00
2023-05-25 13:16:00-04:00,37.01499938964844,37.01499938964844,37.005001068115234,37.005001068115234,37.005001068115234,2396,2023-05-25 13:16:00-04:00
2023-05-25 13:17:00-04:00,37.005001068115234,37.02000045776367,37.0,37.02000045776367,37.02000045776367,18341,2023-05-25 13:17:00-04:00
2023-05-25 13:18:00-04:00,37.029998779296875,37.029998779296875,37.0099983215332,37.0099983215332,37.0099983215332,4199,2023-05-25 13:18:00-04:00
2023-05-25 13:19:00-04:00,37.005001068115234,37.005001068115234,36.9900016784668,36.994998931884766,36.994998931884766,13252,2023-05-25 13:19:00-04:00
2023-05-25 13:20:00-04:00,36.9900016784668,36.9900016784668,36.974998474121094,36.98500061035156,36.98500061035156,1714,2023-05-25 13:20:00-04:00
2023-05-25 13:21:00-04:00,36.97999954223633,36.994998931884766,36.974998474121094,36.994998931884766,36.994998931884766,2525,2023-05-25 13:21:00-04:00
2023-05-25 13:22:00-04:00,36.994998931884766,36.994998931884766,36.9900016784668,36.9900016784668,36.9900016784668,11256,2023-05-25 13:22:00-04:00
2023-05-25 13:23:00-04:00,36.98500061035156,37.005001068115234,36.974998474121094,36.974998474121094,36.974998474121094,49084,2023-05-25 13:23:00-04:00
2023-05-25 13:24:00-04:00,36.97999954223633,37.01729965209961,36.97999954223633,37.01729965209961,37.01729965209961,62907,2023-05-25 13:24:00-04:00
2023-05-25 13:25:00-04:00,37.029998779296875,37.04999923706055,37.029998779296875,37.04999923706055,37.04999923706055,2075,2023-05-25 13:25:00-04:00
2023-05-25 13:26:00-04:00,37.060001373291016,37.095001220703125,37.060001373291016,37.08000183105469,37.08000183105469,17516,2023-05-25 13:26:00-04:00
2023-05-25 13:27:00-04:00,37.07500076293945,37.099998474121094,37.060001373291016,37.06999969482422,37.06999969482422,12222,2023-05-25 13:27:00-04:00
2023-05-25 13:28:00-04:00,37.06999969482422,37.084999084472656,37.06999969482422,37.08000183105469,37.08000183105469,5627,2023-05-25 13:28:00-04:00
2023-05-25 13:29:00-04:00,37.08000183105469,37.08000183105469,37.07500076293945,37.08000183105469,37.08000183105469,631,2023-05-25 13:29:00-04:00
2023-05-25 13:30:00-04:00,37.08000183105469,37.099998474121094,37.08000183105469,37.084999084472656,37.084999084472656,2296,2023-05-25 13:30:00-04:00
2023-05-25 13:31:00-04:00,37.084999084472656,37.09000015258789,37.084999084472656,37.084999084472656,37.084999084472656,1276,2023-05-25 13:31:00-04:00
2023-05-25 13:32:00-04:00,37.08000183105469,37.09000015258789,37.064998626708984,37.09000015258789,37.09000015258789,7179,2023-05-25 13:32:00-04:00
2023-05-25 13:33:00-04:00,37.07500076293945,37.09000015258789,37.029998779296875,37.03499984741211,37.03499984741211,9544,2023-05-25 13:33:00-04:00
2023-05-25 13:34:00-04:00,37.03499984741211,37.040000915527344,37.029998779296875,37.040000915527344,37.040000915527344,3814,2023-05-25 13:34:00-04:00
2023-05-25 13:35:00-04:00,37.03499984741211,37.040000915527344,37.03499984741211,37.040000915527344,37.040000915527344,1579,2023-05-25 13:35:00-04:00
2023-05-25 13:36:00-04:00,37.040000915527344,37.060001373291016,37.02000045776367,37.040000915527344,37.040000915527344,12861,2023-05-25 13:36:00-04:00
2023-05-25 13:37:00-04:00,37.03499984741211,37.040000915527344,37.03499984741211,37.040000915527344,37.040000915527344,1221,2023-05-25 13:37:00-04:00
2023-05-25 13:38:00-04:00,37.0447998046875,37.0447998046875,37.02000045776367,37.02000045776367,37.02000045776367,3176,2023-05-25 13:38:00-04:00
2023-05-25 13:39:00-04:00,37.029998779296875,37.060001373291016,37.029998779296875,37.060001373291016,37.060001373291016,3396,2023-05-25 13:39:00-04:00
2023-05-25 13:40:00-04:00,37.060001373291016,37.060001373291016,37.05500030517578,37.060001373291016,37.060001373291016,1302,2023-05-25 13:40:00-04:00
2023-05-25 13:41:00-04:00,37.060001373291016,37.08000183105469,37.05500030517578,37.08000183105469,37.08000183105469,3482,2023-05-25 13:41:00-04:00
2023-05-25 13:42:00-04:00,37.08000183105469,37.09000015258789,37.08000183105469,37.084999084472656,37.084999084472656,4639,2023-05-25 13:42:00-04:00
2023-05-25 13:43:00-04:00,37.084999084472656,37.09000015258789,37.07500076293945,37.08000183105469,37.08000183105469,4382,2023-05-25 13:43:00-04:00
2023-05-25 13:44:00-04:00,37.084999084472656,37.09000015258789,37.08369827270508,37.09000015258789,37.09000015258789,1372,2023-05-25 13:44:00-04:00
2023-05-25 13:45:00-04:00,37.0807991027832,37.099998474121094,37.0807991027832,37.09000015258789,37.09000015258789,4248,2023-05-25 13:45:00-04:00
2023-05-25 13:46:00-04:00,37.099998474121094,37.099998474121094,37.08000183105469,37.084999084472656,37.084999084472656,2595,2023-05-25 13:46:00-04:00
2023-05-25 13:47:00-04:00,37.088401794433594,37.099998474121094,37.088401794433594,37.095001220703125,37.095001220703125,5107,2023-05-25 13:47:00-04:00
2023-05-25 13:48:00-04:00,37.095001220703125,37.099998474121094,37.08000183105469,37.08000183105469,37.08000183105469,3671,2023-05-25 13:48:00-04:00
2023-05-25 13:49:00-04:00,37.07500076293945,37.10499954223633,37.06999969482422,37.10499954223633,37.10499954223633,9213,2023-05-25 13:49:00-04:00
2023-05-25 13:50:00-04:00,37.10499954223633,37.130001068115234,37.10499954223633,37.130001068115234,37.130001068115234,4983,2023-05-25 13:50:00-04:00
2023-05-25 13:51:00-04:00,37.130001068115234,37.1349983215332,37.125,37.130001068115234,37.130001068115234,3780,2023-05-25 13:51:00-04:00
2023-05-25 13:52:00-04:00,37.13999938964844,37.15999984741211,37.13999938964844,37.150001525878906,37.150001525878906,4182,2023-05-25 13:52:00-04:00
2023-05-25 13:53:00-04:00,37.14500045776367,37.14500045776367,37.14500045776367,37.14500045776367,37.14500045776367,315,2023-05-25 13:53:00-04:00
2023-05-25 13:54:00-04:00,37.150001525878906,37.150001525878906,37.130001068115234,37.1349983215332,37.1349983215332,7979,2023-05-25 13:54:00-04:00
2023-05-25 13:55:00-04:00,37.13999938964844,37.16999816894531,37.13999938964844,37.165000915527344,37.165000915527344,3081,2023-05-25 13:55:00-04:00
2023-05-25 13:56:00-04:00,37.16999816894531,37.18000030517578,37.165000915527344,37.16999816894531,37.16999816894531,3131,2023-05-25 13:56:00-04:00
2023-05-25 13:57:00-04:00,37.165000915527344,37.16999816894531,37.14500045776367,37.15999984741211,37.15999984741211,6515,2023-05-25 13:57:00-04:00
2023-05-25 13:58:00-04:00,37.16999816894531,37.185001373291016,37.15999984741211,37.185001373291016,37.185001373291016,2047,2023-05-25 13:58:00-04:00
2023-05-25 13:59:00-04:00,37.185001373291016,37.189998626708984,37.173301696777344,37.189998626708984,37.189998626708984,2927,2023-05-25 13:59:00-04:00
2023-05-25 14:00:00-04:00,37.20000076293945,37.29499816894531,37.20000076293945,37.27000045776367,37.27000045776367,11307,2023-05-25 14:00:00-04:00
2023-05-25 14:01:00-04:00,37.2599983215332,37.28499984741211,37.25,37.275001525878906,37.275001525878906,4352,2023-05-25 14:01:00-04:00
2023-05-25 14:02:00-04:00,37.26499938964844,37.26499938964844,37.23500061035156,37.2400016784668,37.2400016784668,5170,2023-05-25 14:02:00-04:00
2023-05-25 14:03:00-04:00,37.2400016784668,37.2400016784668,37.185001373291016,37.185001373291016,37.185001373291016,5595,2023-05-25 14:03:00-04:00
2023-05-25 14:04:00-04:00,37.185001373291016,37.20000076293945,37.185001373291016,37.20000076293945,37.20000076293945,2577,2023-05-25 14:04:00-04:00
2023-05-25 14:05:00-04:00,37.20500183105469,37.209999084472656,37.18000030517578,37.18000030517578,37.18000030517578,5981,2023-05-25 14:05:00-04:00
2023-05-25 14:06:00-04:00,37.18000030517578,37.18000030517578,37.15999984741211,37.165000915527344,37.165000915527344,4967,2023-05-25 14:06:00-04:00
2023-05-25 14:07:00-04:00,37.16999816894531,37.18000030517578,37.16999816894531,37.17499923706055,37.17499923706055,2688,2023-05-25 14:07:00-04:00
2023-05-25 14:08:00-04:00,37.17499923706055,37.179901123046875,37.15999984741211,37.15999984741211,37.15999984741211,3422,2023-05-25 14:08:00-04:00
2023-05-25 14:09:00-04:00,37.154998779296875,37.165000915527344,37.150001525878906,37.154998779296875,37.154998779296875,1775,2023-05-25 14:09:00-04:00
2023-05-25 14:10:00-04:00,37.150001525878906,37.165000915527344,37.150001525878906,37.165000915527344,37.165000915527344,1882,2023-05-25 14:10:00-04:00
2023-05-25 14:11:00-04:00,37.165000915527344,37.165000915527344,37.14500045776367,37.150001525878906,37.150001525878906,2033,2023-05-25 14:11:00-04:00
2023-05-25 14:12:00-04:00,37.13999938964844,37.154998779296875,37.13999938964844,37.154998779296875,37.154998779296875,2924,2023-05-25 14:12:00-04:00
2023-05-25 14:13:00-04:00,37.15999984741211,37.15999984741211,37.1349983215332,37.1349983215332,37.1349983215332,3266,2023-05-25 14:13:00-04:00
2023-05-25 14:14:00-04:00,37.1349983215332,37.150001525878906,37.1349983215332,37.150001525878906,37.150001525878906,1578,2023-05-25 14:14:00-04:00
2023-05-25 14:15:00-04:00,37.154998779296875,37.17499923706055,37.150001525878906,37.17499923706055,37.17499923706055,2206,2023-05-25 14:15:00-04:00
2023-05-25 14:16:00-04:00,37.16999816894531,37.18000030517578,37.16999816894531,37.18000030517578,37.18000030517578,3055,2023-05-25 14:16:00-04:00
2023-05-25 14:17:00-04:00,37.185001373291016,37.185001373291016,37.17499923706055,37.185001373291016,37.185001373291016,5119,2023-05-25 14:17:00-04:00
2023-05-25 14:18:00-04:00,37.189998626708984,37.22999954223633,37.189998626708984,37.20500183105469,37.20500183105469,5044,2023-05-25 14:18:00-04:00
2023-05-25 14:19:00-04:00,37.20500183105469,37.22999954223633,37.20000076293945,37.22999954223633,37.22999954223633,23346,2023-05-25 14:19:00-04:00
2023-05-25 14:20:00-04:00,37.22999954223633,37.2400016784668,37.220001220703125,37.22999954223633,37.22999954223633,6493,2023-05-25 14:20:00-04:00
2023-05-25 14:21:00-04:00,37.22999954223633,37.23500061035156,37.21500015258789,37.220001220703125,37.220001220703125,6084,2023-05-25 14:21:00-04:00
2023-05-25 14:22:00-04:00,37.224998474121094,37.224998474121094,37.220001220703125,37.220001220703125,37.220001220703125,794,2023-05-25 14:22:00-04:00
2023-05-25 14:23:00-04:00,37.224998474121094,37.224998474121094,37.209999084472656,37.21500015258789,37.21500015258789,3429,2023-05-25 14:23:00-04:00
2023-05-25 14:24:00-04:00,37.21500015258789,37.21500015258789,37.189998626708984,37.189998626708984,37.189998626708984,5885,2023-05-25 14:24:00-04:00
2023-05-25 14:25:00-04:00,37.19499969482422,37.19499969482422,37.16999816894531,37.16999816894531,37.16999816894531,2538,2023-05-25 14:25:00-04:00
2023-05-25 14:26:00-04:00,37.17499923706055,37.19499969482422,37.17499923706055,37.189998626708984,37.189998626708984,4916,2023-05-25 14:26:00-04:00
2023-05-25 14:27:00-04:00,37.19499969482422,37.20000076293945,37.19499969482422,37.20000076293945,37.20000076293945,2144,2023-05-25 14:27:00-04:00
2023-05-25 14:28:00-04:00,37.20000076293945,37.21500015258789,37.20000076293945,37.209999084472656,37.209999084472656,3506,2023-05-25 14:28:00-04:00
2023-05-25 14:29:00-04:00,37.209999084472656,37.209999084472656,37.16999816894531,37.17499923706055,37.17499923706055,3119,2023-05-25 14:29:00-04:00
2023-05-25 14:30:00-04:00,37.16999816894531,37.17499923706055,37.165000915527344,37.16999816894531,37.16999816894531,2029,2023-05-25 14:30:00-04:00
2023-05-25 14:31:00-04:00,37.16999816894531,37.16999816894531,37.154998779296875,37.15999984741211,37.15999984741211,2562,2023-05-25 14:31:00-04:00
2023-05-25 14:32:00-04:00,37.154998779296875,37.165000915527344,37.119998931884766,37.119998931884766,37.119998931884766,24161,2023-05-25 14:32:00-04:00
2023-05-25 14:33:00-04:00,37.11000061035156,37.1150016784668,37.05500030517578,37.05500030517578,37.05500030517578,4839,2023-05-25 14:33:00-04:00
2023-05-25 14:34:00-04:00,37.05500030517578,37.06999969482422,37.04499816894531,37.060001373291016,37.060001373291016,11556,2023-05-25 14:34:00-04:00
2023-05-25 14:35:00-04:00,37.060001373291016,37.060001373291016,37.0,37.005001068115234,37.005001068115234,6291,2023-05-25 14:35:00-04:00
2023-05-25 14:36:00-04:00,37.0,37.0,36.97999954223633,37.0,37.0,6483,2023-05-25 14:36:00-04:00
2023-05-25 14:37:00-04:00,37.005001068115234,37.040000915527344,37.005001068115234,37.03499984741211,37.03499984741211,3986,2023-05-25 14:37:00-04:00
2023-05-25 14:38:00-04:00,37.03499984741211,37.03499984741211,37.0,37.01499938964844,37.01499938964844,4823,2023-05-25 14:38:00-04:00
2023-05-25 14:39:00-04:00,37.01300048828125,37.02000045776367,37.0099983215332,37.02000045776367,37.02000045776367,3012,2023-05-25 14:39:00-04:00
2023-05-25 14:40:00-04:00,37.02000045776367,37.06999969482422,37.02000045776367,37.05500030517578,37.05500030517578,6998,2023-05-25 14:40:00-04:00
2023-05-25 14:41:00-04:00,37.060001373291016,37.06999969482422,37.04999923706055,37.06999969482422,37.06999969482422,4419,2023-05-25 14:41:00-04:00
2023-05-25 14:42:00-04:00,37.064998626708984,37.064998626708984,37.04999923706055,37.05500030517578,37.05500030517578,4030,2023-05-25 14:42:00-04:00
2023-05-25 14:43:00-04:00,37.05500030517578,37.06999969482422,37.04499816894531,37.04499816894531,37.04499816894531,9039,2023-05-25 14:43:00-04:00
2023-05-25 14:44:00-04:00,37.04999923706055,37.05699920654297,37.04079818725586,37.05699920654297,37.05699920654297,4559,2023-05-25 14:44:00-04:00
2023-05-25 14:45:00-04:00,37.04999923706055,37.04999923706055,37.03499984741211,37.03499984741211,37.03499984741211,6164,2023-05-25 14:45:00-04:00
2023-05-25 14:46:00-04:00,37.029998779296875,37.03499984741211,37.025001525878906,37.03499984741211,37.03499984741211,6046,2023-05-25 14:46:00-04:00
2023-05-25 14:47:00-04:00,37.040000915527344,37.060001373291016,37.040000915527344,37.060001373291016,37.060001373291016,3506,2023-05-25 14:47:00-04:00
2023-05-25 14:48:00-04:00,37.05500030517578,37.099998474121094,37.05500030517578,37.099998474121094,37.099998474121094,2443,2023-05-25 14:48:00-04:00
2023-05-25 14:49:00-04:00,37.099998474121094,37.099998474121094,37.06999969482422,37.07500076293945,37.07500076293945,8609,2023-05-25 14:49:00-04:00
2023-05-25 14:50:00-04:00,37.08000183105469,37.08720016479492,37.08000183105469,37.084999084472656,37.084999084472656,1274,2023-05-25 14:50:00-04:00
2023-05-25 14:51:00-04:00,37.084999084472656,37.09000015258789,37.04999923706055,37.05500030517578,37.05500030517578,10243,2023-05-25 14:51:00-04:00
2023-05-25 14:52:00-04:00,37.04999923706055,37.07500076293945,37.04999923706055,37.07500076293945,37.07500076293945,4190,2023-05-25 14:52:00-04:00
2023-05-25 14:53:00-04:00,37.08000183105469,37.08000183105469,37.07500076293945,37.07500076293945,37.07500076293945,1741,2023-05-25 14:53:00-04:00
2023-05-25 14:54:00-04:00,37.079498291015625,37.079498291015625,37.06999969482422,37.07500076293945,37.07500076293945,808,2023-05-25 14:54:00-04:00
2023-05-25 14:55:00-04:00,37.06999969482422,37.06999969482422,37.040000915527344,37.040000915527344,37.040000915527344,7152,2023-05-25 14:55:00-04:00
2023-05-25 14:56:00-04:00,37.04999923706055,37.05500030517578,37.04499816894531,37.04499816894531,37.04499816894531,5516,2023-05-25 14:56:00-04:00
2023-05-25 14:57:00-04:00,37.04999923706055,37.060001373291016,37.04499816894531,37.05500030517578,37.05500030517578,3884,2023-05-25 14:57:00-04:00
2023-05-25 14:58:00-04:00,37.04999923706055,37.06999969482422,37.029998779296875,37.060001373291016,37.060001373291016,17534,2023-05-25 14:58:00-04:00
2023-05-25 14:59:00-04:00,37.060001373291016,37.084999084472656,37.060001373291016,37.08000183105469,37.08000183105469,4075,2023-05-25 14:59:00-04:00
2023-05-25 15:00:00-04:00,37.09000015258789,37.130001068115234,37.09000015258789,37.125,37.125,15019,2023-05-25 15:00:00-04:00
2023-05-25 15:01:00-04:00,37.125,37.125,37.09000015258789,37.09000015258789,37.09000015258789,7832,2023-05-25 15:01:00-04:00
2023-05-25 15:02:00-04:00,37.09000015258789,37.09000015258789,37.064998626708984,37.064998626708984,37.064998626708984,4840,2023-05-25 15:02:00-04:00
2023-05-25 15:03:00-04:00,37.06999969482422,37.084999084472656,37.06999969482422,37.084999084472656,37.084999084472656,1513,2023-05-25 15:03:00-04:00
2023-05-25 15:04:00-04:00,37.084999084472656,37.10499954223633,37.081199645996094,37.099998474121094,37.099998474121094,4509,2023-05-25 15:04:00-04:00
2023-05-25 15:05:00-04:00,37.099998474121094,37.11000061035156,37.095001220703125,37.10499954223633,37.10499954223633,3122,2023-05-25 15:05:00-04:00
2023-05-25 15:06:00-04:00,37.11000061035156,37.125,37.11000061035156,37.1150016784668,37.1150016784668,7450,2023-05-25 15:06:00-04:00
2023-05-25 15:07:00-04:00,37.11840057373047,37.13999938964844,37.1150016784668,37.119998931884766,37.119998931884766,15857,2023-05-25 15:07:00-04:00
2023-05-25 15:08:00-04:00,37.119998931884766,37.130001068115234,37.1150016784668,37.119998931884766,37.119998931884766,5392,2023-05-25 15:08:00-04:00
2023-05-25 15:09:00-04:00,37.119998931884766,37.150001525878906,37.119998931884766,37.150001525878906,37.150001525878906,3440,2023-05-25 15:09:00-04:00
2023-05-25 15:10:00-04:00,37.150001525878906,37.18870162963867,37.150001525878906,37.18000030517578,37.18000030517578,4712,2023-05-25 15:10:00-04:00
2023-05-25 15:11:00-04:00,37.18000030517578,37.189998626708984,37.150001525878906,37.154998779296875,37.154998779296875,16041,2023-05-25 15:11:00-04:00
2023-05-25 15:12:00-04:00,37.154998779296875,37.17499923706055,37.154998779296875,37.17499923706055,37.17499923706055,4789,2023-05-25 15:12:00-04:00
2023-05-25 15:13:00-04:00,37.17319869995117,37.17499923706055,37.1349983215332,37.1349983215332,37.1349983215332,8689,2023-05-25 15:13:00-04:00
2023-05-25 15:14:00-04:00,37.1349983215332,37.13999938964844,37.12260055541992,37.12260055541992,37.12260055541992,3235,2023-05-25 15:14:00-04:00
2023-05-25 15:15:00-04:00,37.125,37.130001068115234,37.095001220703125,37.095001220703125,37.095001220703125,15363,2023-05-25 15:15:00-04:00
2023-05-25 15:16:00-04:00,37.095001220703125,37.095001220703125,37.084999084472656,37.084999084472656,37.084999084472656,5528,2023-05-25 15:16:00-04:00
2023-05-25 15:17:00-04:00,37.084999084472656,37.095001220703125,37.084999084472656,37.095001220703125,37.095001220703125,5273,2023-05-25 15:17:00-04:00
2023-05-25 15:18:00-04:00,37.09000015258789,37.099998474121094,37.09000015258789,37.095001220703125,37.095001220703125,5918,2023-05-25 15:18:00-04:00
2023-05-25 15:19:00-04:00,37.095001220703125,37.095001220703125,37.064998626708984,37.08000183105469,37.08000183105469,17342,2023-05-25 15:19:00-04:00
2023-05-25 15:20:00-04:00,37.08000183105469,37.09000015258789,37.06999969482422,37.08000183105469,37.08000183105469,6280,2023-05-25 15:20:00-04:00
2023-05-25 15:21:00-04:00,37.07500076293945,37.095001220703125,37.07500076293945,37.095001220703125,37.095001220703125,6127,2023-05-25 15:21:00-04:00
2023-05-25 15:22:00-04:00,37.095001220703125,37.09769821166992,37.09000015258789,37.095001220703125,37.095001220703125,9921,2023-05-25 15:22:00-04:00
2023-05-25 15:23:00-04:00,37.099998474121094,37.1150016784668,37.095001220703125,37.099998474121094,37.099998474121094,9760,2023-05-25 15:23:00-04:00
2023-05-25 15:24:00-04:00,37.099998474121094,37.130001068115234,37.095001220703125,37.125,37.125,7928,2023-05-25 15:24:00-04:00
2023-05-25 15:25:00-04:00,37.119998931884766,37.150001525878906,37.119998931884766,37.150001525878906,37.150001525878906,4731,2023-05-25 15:25:00-04:00
2023-05-25 15:26:00-04:00,37.150001525878906,37.16999816894531,37.13999938964844,37.154998779296875,37.154998779296875,15349,2023-05-25 15:26:00-04:00
2023-05-25 15:27:00-04:00,37.15999984741211,37.18000030517578,37.15999984741211,37.17499923706055,37.17499923706055,3606,2023-05-25 15:27:00-04:00
2023-05-25 15:28:00-04:00,37.185001373291016,37.22999954223633,37.185001373291016,37.20500183105469,37.20500183105469,11129,2023-05-25 15:28:00-04:00
2023-05-25 15:29:00-04:00,37.209999084472656,37.21500015258789,37.19499969482422,37.21500015258789,37.21500015258789,5128,2023-05-25 15:29:00-04:00
2023-05-25 15:30:00-04:00,37.21500015258789,37.21500015258789,37.189998626708984,37.20000076293945,37.20000076293945,15835,2023-05-25 15:30:00-04:00
2023-05-25 15:31:00-04:00,37.209999084472656,37.224998474121094,37.209999084472656,37.220001220703125,37.220001220703125,5048,2023-05-25 15:31:00-04:00
2023-05-25 15:32:00-04:00,37.224998474121094,37.255001068115234,37.224998474121094,37.22999954223633,37.22999954223633,13208,2023-05-25 15:32:00-04:00
2023-05-25 15:33:00-04:00,37.23500061035156,37.23500061035156,37.21500015258789,37.220001220703125,37.220001220703125,9441,2023-05-25 15:33:00-04:00
2023-05-25 15:34:00-04:00,37.21500015258789,37.224998474121094,37.209999084472656,37.21500015258789,37.21500015258789,5603,2023-05-25 15:34:00-04:00
2023-05-25 15:35:00-04:00,37.224998474121094,37.224998474121094,37.20500183105469,37.21500015258789,37.21500015258789,17284,2023-05-25 15:35:00-04:00
2023-05-25 15:36:00-04:00,37.209999084472656,37.224998474121094,37.20000076293945,37.224998474121094,37.224998474121094,7214,2023-05-25 15:36:00-04:00
2023-05-25 15:37:00-04:00,37.22999954223633,37.2400016784668,37.220001220703125,37.239601135253906,37.239601135253906,3341,2023-05-25 15:37:00-04:00
2023-05-25 15:38:00-04:00,37.2400016784668,37.25,37.2400016784668,37.244998931884766,37.244998931884766,3288,2023-05-25 15:38:00-04:00
2023-05-25 15:39:00-04:00,37.244998931884766,37.25,37.220001220703125,37.22999954223633,37.22999954223633,32650,2023-05-25 15:39:00-04:00
2023-05-25 15:40:00-04:00,37.224998474121094,37.23500061035156,37.21500015258789,37.220001220703125,37.220001220703125,13015,2023-05-25 15:40:00-04:00
2023-05-25 15:41:00-04:00,37.21500015258789,37.244998931884766,37.21500015258789,37.244998931884766,37.244998931884766,13478,2023-05-25 15:41:00-04:00
2023-05-25 15:42:00-04:00,37.244998931884766,37.25,37.22999954223633,37.23500061035156,37.23500061035156,12008,2023-05-25 15:42:00-04:00
2023-05-25 15:43:00-04:00,37.2400016784668,37.2400016784668,37.22999954223633,37.23500061035156,37.23500061035156,11827,2023-05-25 15:43:00-04:00
2023-05-25 15:44:00-04:00,37.2400016784668,37.25,37.224998474121094,37.224998474121094,37.224998474121094,28936,2023-05-25 15:44:00-04:00
2023-05-25 15:45:00-04:00,37.220001220703125,37.23500061035156,37.209999084472656,37.21500015258789,37.21500015258789,21153,2023-05-25 15:45:00-04:00
2023-05-25 15:46:00-04:00,37.209999084472656,37.21500015258789,37.20000076293945,37.209999084472656,37.209999084472656,14510,2023-05-25 15:46:00-04:00
2023-05-25 15:47:00-04:00,37.21500015258789,37.220001220703125,37.209999084472656,37.220001220703125,37.220001220703125,14359,2023-05-25 15:47:00-04:00
2023-05-25 15:48:00-04:00,37.21500015258789,37.220001220703125,37.20000076293945,37.20500183105469,37.20500183105469,19728,2023-05-25 15:48:00-04:00
2023-05-25 15:49:00-04:00,37.20500183105469,37.209999084472656,37.18000030517578,37.185001373291016,37.185001373291016,7517,2023-05-25 15:49:00-04:00
2023-05-25 15:50:00-04:00,37.18000030517578,37.18000030517578,37.1150016784668,37.13999938964844,37.13999938964844,32098,2023-05-25 15:50:00-04:00
2023-05-25 15:51:00-04:00,37.13999938964844,37.14500045776367,37.09000015258789,37.095001220703125,37.095001220703125,21666,2023-05-25 15:51:00-04:00
2023-05-25 15:52:00-04:00,37.09000015258789,37.09000015258789,37.060001373291016,37.064998626708984,37.064998626708984,15300,2023-05-25 15:52:00-04:00
2023-05-25 15:53:00-04:00,37.06999969482422,37.09000015258789,37.064998626708984,37.07500076293945,37.07500076293945,14615,2023-05-25 15:53:00-04:00
2023-05-25 15:54:00-04:00,37.06999969482422,37.099998474121094,37.06999969482422,37.09000015258789,37.09000015258789,15932,2023-05-25 15:54:00-04:00
2023-05-25 15:55:00-04:00,37.09000015258789,37.130001068115234,37.084999084472656,37.130001068115234,37.130001068115234,39376,2023-05-25 15:55:00-04:00
2023-05-25 15:56:00-04:00,37.130001068115234,37.130001068115234,37.099998474121094,37.099998474121094,37.099998474121094,27313,2023-05-25 15:56:00-04:00
2023-05-25 15:57:00-04:00,37.099998474121094,37.099998474121094,37.06999969482422,37.0724983215332,37.0724983215332,31665,2023-05-25 15:57:00-04:00
2023-05-25 15:58:00-04:00,37.07500076293945,37.11000061035156,37.060001373291016,37.11000061035156,37.11000061035156,39092,2023-05-25 15:58:00-04:00
2023-05-25 15:59:00-04:00,37.11000061035156,37.11000061035156,37.02000045776367,37.02000045776367,37.02000045776367,172400,2023-05-25 15:59:00-04:00
