Date,Open,High,Low,Close,Adj Close,Volume
2023-12-12 09:30:00-05:00,146.50999450683594,146.50999450683594,146.50999450683594,146.50999450683594,146.50999450683594,52249
2023-12-12 09:31:00-05:00,146.52999877929688,147.2899932861328,146.52999877929688,147.2100067138672,147.2100067138672,4719
2023-12-12 09:32:00-05:00,147.3618927001953,147.42999267578125,147.19500732421875,147.19500732421875,147.19500732421875,2701
2023-12-12 09:33:00-05:00,147.19500732421875,147.3800048828125,147.19500732421875,147.3800048828125,147.3800048828125,2808
2023-12-12 09:34:00-05:00,147.41000366210938,147.52000427246094,146.6699981689453,146.8000030517578,146.8000030517578,9139
2023-12-12 09:35:00-05:00,146.5749969482422,146.85000610351562,146.4600067138672,146.49490356445312,146.49490356445312,5440
2023-12-12 09:36:00-05:00,146.79989624023438,146.79989624023438,146.36000061035156,146.4739990234375,146.4739990234375,6001
2023-12-12 09:37:00-05:00,146.47500610351562,146.639892578125,146.36000061035156,146.36000061035156,146.36000061035156,7819
2023-12-12 09:38:00-05:00,146.22999572753906,146.22999572753906,145.77000427246094,146.0399932861328,146.0399932861328,6344
2023-12-12 09:39:00-05:00,146.08999633789062,146.22999572753906,145.7949981689453,145.80999755859375,145.80999755859375,8828
2023-12-12 09:40:00-05:00,145.79969787597656,146.02000427246094,145.7550048828125,145.9949951171875,145.9949951171875,8648
2023-12-12 09:41:00-05:00,146.13999938964844,146.24000549316406,146.00999450683594,146.17999267578125,146.17999267578125,6443
2023-12-12 09:42:00-05:00,146.2050018310547,146.35499572753906,146.19749450683594,146.27000427246094,146.27000427246094,2707
2023-12-12 09:43:00-05:00,146.27000427246094,146.27000427246094,146.0,146.08799743652344,146.08799743652344,5269
2023-12-12 09:44:00-05:00,146.1199951171875,146.22000122070312,146.0,146.22000122070312,146.22000122070312,2386
2023-12-12 09:45:00-05:00,146.27999877929688,147.0,146.27999877929688,147.0,147.0,7265
2023-12-12 09:46:00-05:00,147.14999389648438,147.14999389648438,146.75,146.97500610351562,146.97500610351562,3124
2023-12-12 09:47:00-05:00,147.0399932861328,147.5050048828125,147.0399932861328,147.36000061035156,147.36000061035156,2337
2023-12-12 09:48:00-05:00,147.36000061035156,147.42999267578125,147.22000122070312,147.24000549316406,147.24000549316406,2980
2023-12-12 09:49:00-05:00,147.34500122070312,147.375,147.16000366210938,147.1999969482422,147.1999969482422,4308
2023-12-12 09:50:00-05:00,147.00999450683594,147.10000610351562,146.94000244140625,147.02499389648438,147.02499389648438,2933
2023-12-12 09:51:00-05:00,146.97250366210938,147.07000732421875,146.3699951171875,146.44000244140625,146.44000244140625,3069
2023-12-12 09:52:00-05:00,146.44000244140625,146.61000061035156,146.3300018310547,146.61000061035156,146.61000061035156,5360
2023-12-12 09:53:00-05:00,146.49000549316406,146.5500030517578,146.2899932861328,146.49000549316406,146.49000549316406,4835
2023-12-12 09:54:00-05:00,146.41000366210938,146.4499969482422,146.02999877929688,146.02999877929688,146.02999877929688,4066
2023-12-12 09:55:00-05:00,146.08999633789062,146.30999755859375,146.02999877929688,146.1815948486328,146.1815948486328,4040
2023-12-12 09:56:00-05:00,146.15499877929688,146.29600524902344,146.14999389648438,146.29600524902344,146.29600524902344,2455
2023-12-12 09:57:00-05:00,146.0800018310547,146.3699951171875,146.0800018310547,146.3699951171875,146.3699951171875,3742
2023-12-12 09:58:00-05:00,146.27999877929688,146.3300018310547,146.22000122070312,146.30499267578125,146.30499267578125,1567
2023-12-12 09:59:00-05:00,146.35000610351562,146.49000549316406,146.32009887695312,146.47500610351562,146.47500610351562,3445
2023-12-12 10:00:00-05:00,146.5050048828125,146.5500030517578,146.31619262695312,146.32000732421875,146.32000732421875,5088
2023-12-12 10:01:00-05:00,146.32000732421875,146.4550018310547,146.32000732421875,146.34500122070312,146.34500122070312,4565
2023-12-12 10:02:00-05:00,146.30999755859375,146.4499969482422,146.22999572753906,146.4199981689453,146.4199981689453,5065
2023-12-12 10:03:00-05:00,146.36000061035156,146.4199981689453,146.30999755859375,146.30999755859375,146.30999755859375,4955
2023-12-12 10:04:00-05:00,146.38999938964844,146.38999938964844,146.22000122070312,146.22000122070312,146.22000122070312,3844
2023-12-12 10:05:00-05:00,146.27000427246094,146.4199981689453,146.27000427246094,146.4199981689453,146.4199981689453,4477
2023-12-12 10:06:00-05:00,146.4199981689453,146.4199981689453,146.3699951171875,146.3699951171875,146.3699951171875,788
2023-12-12 10:07:00-05:00,146.36000061035156,146.4199981689453,146.2899932861328,146.2899932861328,146.2899932861328,2265
2023-12-12 10:08:00-05:00,146.3000030517578,146.3000030517578,146.25999450683594,146.27000427246094,146.27000427246094,2064
2023-12-12 10:09:00-05:00,146.25999450683594,146.52999877929688,146.25999450683594,146.52999877929688,146.52999877929688,2368
2023-12-12 10:10:00-05:00,146.52000427246094,146.5800018310547,146.3699951171875,146.3699951171875,146.3699951171875,2871
2023-12-12 10:11:00-05:00,146.38999938964844,146.47500610351562,146.3350067138672,146.33999633789062,146.33999633789062,1527
2023-12-12 10:12:00-05:00,146.38999938964844,146.38999938964844,146.24000549316406,146.3000030517578,146.3000030517578,2538
2023-12-12 10:13:00-05:00,146.30999755859375,146.30999755859375,146.25,146.25,146.25,1050
2023-12-12 10:14:00-05:00,146.39500427246094,146.6300048828125,146.38999938964844,146.5399932861328,146.5399932861328,3473
2023-12-12 10:15:00-05:00,146.6215057373047,146.6215057373047,146.49000549316406,146.5,146.5,2196
2023-12-12 10:16:00-05:00,146.38999938964844,146.4600067138672,146.3300018310547,146.4199981689453,146.4199981689453,2116
2023-12-12 10:17:00-05:00,146.3699951171875,146.52999877929688,146.3699951171875,146.5050048828125,146.5050048828125,1788
2023-12-12 10:18:00-05:00,146.5489959716797,146.5500030517578,146.39999389648438,146.39999389648438,146.39999389648438,1908
2023-12-12 10:19:00-05:00,146.39999389648438,146.46499633789062,146.39999389648438,146.46499633789062,146.46499633789062,812
2023-12-12 10:20:00-05:00,146.39999389648438,146.6300048828125,146.39999389648438,146.6300048828125,146.6300048828125,4759
2023-12-12 10:21:00-05:00,146.5749969482422,146.5749969482422,146.50999450683594,146.5449981689453,146.5449981689453,2971
2023-12-12 10:22:00-05:00,146.4600067138672,146.53469848632812,146.16000366210938,146.1750030517578,146.1750030517578,7429
2023-12-12 10:23:00-05:00,146.13999938964844,146.1649932861328,146.05999755859375,146.10000610351562,146.10000610351562,1459
2023-12-12 10:24:00-05:00,146.10000610351562,146.10000610351562,145.80999755859375,145.97000122070312,145.97000122070312,5338
2023-12-12 10:25:00-05:00,146.0,146.1300048828125,146.0,146.0800018310547,146.0800018310547,3697
2023-12-12 10:27:00-05:00,146.00999450683594,146.0449981689453,145.97000122070312,145.97000122070312,145.97000122070312,4200
2023-12-12 10:28:00-05:00,145.97000122070312,146.05459594726562,145.97000122070312,146.0,146.0,2855
2023-12-12 10:29:00-05:00,146.05999755859375,146.0688934326172,145.96499633789062,146.0688934326172,146.0688934326172,3793
2023-12-12 10:30:00-05:00,146.01499938964844,146.07000732421875,145.9250030517578,146.02999877929688,146.02999877929688,7372
2023-12-12 10:31:00-05:00,146.06500244140625,146.06500244140625,145.8300018310547,145.8300018310547,145.8300018310547,2726
2023-12-12 10:32:00-05:00,145.7050018310547,145.7100067138672,145.7050018310547,145.7050018310547,145.7050018310547,11362
2023-12-12 10:33:00-05:00,145.72500610351562,145.73500061035156,145.6199951171875,145.6199951171875,145.6199951171875,1567
2023-12-12 10:34:00-05:00,145.64999389648438,145.64999389648438,145.3800048828125,145.44500732421875,145.44500732421875,15708
2023-12-12 10:35:00-05:00,145.47999572753906,145.47999572753906,145.22999572753906,145.27000427246094,145.27000427246094,4097
2023-12-12 10:36:00-05:00,145.35000610351562,145.35000610351562,145.35000610351562,145.35000610351562,145.35000610351562,1847
2023-12-12 10:37:00-05:00,145.32000732421875,145.6300048828125,145.32000732421875,145.5399932861328,145.5399932861328,4367
2023-12-12 10:38:00-05:00,145.5399932861328,145.5399932861328,145.47000122070312,145.49000549316406,145.49000549316406,2239
2023-12-12 10:39:00-05:00,145.55999755859375,145.5800018310547,145.38999938964844,145.42520141601562,145.42520141601562,3679
2023-12-12 10:40:00-05:00,145.52000427246094,145.5399932861328,145.3845977783203,145.5399932861328,145.5399932861328,1547
2023-12-12 10:41:00-05:00,145.5,145.5,145.32000732421875,145.3800048828125,145.3800048828125,2473
2023-12-12 10:42:00-05:00,145.34500122070312,145.3800048828125,145.2899932861328,145.3000030517578,145.3000030517578,2638
2023-12-12 10:43:00-05:00,145.3249969482422,145.35789489746094,145.2100067138672,145.24000549316406,145.24000549316406,3203
2023-12-12 10:44:00-05:00,145.24000549316406,145.4199981689453,145.24000549316406,145.4199981689453,145.4199981689453,2383
2023-12-12 10:45:00-05:00,145.47999572753906,145.52000427246094,145.2899932861328,145.44039916992188,145.44039916992188,5617
2023-12-12 10:46:00-05:00,145.55999755859375,145.55999755859375,145.48500061035156,145.48500061035156,145.48500061035156,2387
2023-12-12 10:47:00-05:00,145.52999877929688,145.57000732421875,145.47000122070312,145.50999450683594,145.50999450683594,2908
2023-12-12 10:48:00-05:00,145.5500030517578,145.5500030517578,145.47000122070312,145.47000122070312,145.47000122070312,938
2023-12-12 10:49:00-05:00,145.44009399414062,145.61480712890625,145.44009399414062,145.61480712890625,145.61480712890625,2536
2023-12-12 10:50:00-05:00,145.5500030517578,145.5500030517578,145.47000122070312,145.47000122070312,145.47000122070312,1220
2023-12-12 10:51:00-05:00,145.4550018310547,145.4550018310547,145.41000366210938,145.41000366210938,145.41000366210938,3514
2023-12-12 10:52:00-05:00,145.3800048828125,145.42999267578125,145.3800048828125,145.42999267578125,145.42999267578125,2440
2023-12-12 10:53:00-05:00,145.47999572753906,145.5,145.4600067138672,145.49000549316406,145.49000549316406,2932
2023-12-12 10:54:00-05:00,145.49000549316406,145.49000549316406,145.4600067138672,145.4600067138672,145.4600067138672,707
2023-12-12 10:55:00-05:00,145.47999572753906,145.6820068359375,145.47999572753906,145.63499450683594,145.63499450683594,2976
2023-12-12 10:56:00-05:00,145.63499450683594,145.75999450683594,145.6300048828125,145.75999450683594,145.75999450683594,1565
2023-12-12 10:57:00-05:00,145.72500610351562,145.72500610351562,145.58999633789062,145.63999938964844,145.63999938964844,6106
2023-12-12 10:58:00-05:00,145.66000366210938,145.6699981689453,145.60000610351562,145.60000610351562,145.60000610351562,2320
2023-12-12 10:59:00-05:00,145.58999633789062,145.64990234375,145.55999755859375,145.60000610351562,145.60000610351562,4157
2023-12-12 11:00:00-05:00,145.6699981689453,145.6699981689453,145.58999633789062,145.61000061035156,145.61000061035156,4511
2023-12-12 11:01:00-05:00,145.63999938964844,145.78500366210938,145.6300048828125,145.63999938964844,145.63999938964844,24105
2023-12-12 11:02:00-05:00,145.60000610351562,145.65989685058594,145.52999877929688,145.6199951171875,145.6199951171875,5104
2023-12-12 11:03:00-05:00,145.61500549316406,145.6199951171875,145.49000549316406,145.49000549316406,145.49000549316406,4133
2023-12-12 11:04:00-05:00,145.50999450683594,145.50999450683594,145.49000549316406,145.50999450683594,145.50999450683594,473
2023-12-12 11:05:00-05:00,145.58180236816406,145.6699981689453,145.5500030517578,145.6300048828125,145.6300048828125,14891
2023-12-12 11:06:00-05:00,145.63499450683594,145.63499450683594,145.63499450683594,145.63499450683594,145.63499450683594,850
2023-12-12 11:07:00-05:00,145.75,145.8300018310547,145.6999969482422,145.75999450683594,145.75999450683594,2780
2023-12-12 11:08:00-05:00,145.7447967529297,145.7447967529297,145.74000549316406,145.74000549316406,145.74000549316406,1221
2023-12-12 11:09:00-05:00,145.8000030517578,145.85000610351562,145.67999267578125,145.77999877929688,145.77999877929688,2458
2023-12-12 11:10:00-05:00,145.72500610351562,145.72500610351562,145.64999389648438,145.6699981689453,145.6699981689453,1669
2023-12-12 11:11:00-05:00,145.5800018310547,145.60499572753906,145.57000732421875,145.60499572753906,145.60499572753906,1427
2023-12-12 11:12:00-05:00,145.64999389648438,145.67999267578125,145.60000610351562,145.67999267578125,145.67999267578125,3042
2023-12-12 11:13:00-05:00,145.64500427246094,145.67999267578125,145.64500427246094,145.67999267578125,145.67999267578125,1215
2023-12-12 11:14:00-05:00,145.6999053955078,145.6999053955078,145.65499877929688,145.66000366210938,145.66000366210938,991
2023-12-12 11:15:00-05:00,145.6300048828125,145.6300048828125,145.59500122070312,145.59500122070312,145.59500122070312,2647
2023-12-12 11:16:00-05:00,145.6300048828125,145.6699981689453,145.62750244140625,145.62750244140625,145.62750244140625,4462
2023-12-12 11:17:00-05:00,145.67999267578125,145.77499389648438,145.67999267578125,145.70249938964844,145.70249938964844,6205
2023-12-12 11:19:00-05:00,145.72140502929688,145.72140502929688,145.68499755859375,145.68499755859375,145.68499755859375,668
2023-12-12 11:20:00-05:00,145.69000244140625,145.69000244140625,145.67999267578125,145.67999267578125,145.67999267578125,718
2023-12-12 11:21:00-05:00,145.72999572753906,145.85000610351562,145.72500610351562,145.72500610351562,145.72500610351562,4579
2023-12-12 11:22:00-05:00,145.7375030517578,145.77099609375,145.7375030517578,145.75390625,145.75390625,2224
2023-12-12 11:23:00-05:00,145.74000549316406,145.8000030517578,145.6999969482422,145.77999877929688,145.77999877929688,3933
2023-12-12 11:24:00-05:00,145.8000030517578,145.8000030517578,145.8000030517578,145.8000030517578,145.8000030517578,424
2023-12-12 11:25:00-05:00,145.77000427246094,145.7899932861328,145.61000061035156,145.63999938964844,145.63999938964844,2607
2023-12-12 11:26:00-05:00,145.61000061035156,145.61000061035156,145.5,145.5,145.5,3613
2023-12-12 11:27:00-05:00,145.50999450683594,145.5500030517578,145.4600067138672,145.5,145.5,1522
2023-12-12 11:28:00-05:00,145.5399932861328,145.5749969482422,145.47999572753906,145.5749969482422,145.5749969482422,4222
2023-12-12 11:29:00-05:00,145.58999633789062,145.58999633789062,145.4600067138672,145.4842071533203,145.4842071533203,4170
2023-12-12 11:30:00-05:00,145.57000732421875,145.57000732421875,145.52499389648438,145.5399932861328,145.5399932861328,692
2023-12-12 11:31:00-05:00,145.52000427246094,145.5200958251953,145.4499969482422,145.4600067138672,145.4600067138672,2193
2023-12-12 11:32:00-05:00,145.4600067138672,145.52000427246094,145.44000244140625,145.52000427246094,145.52000427246094,2369
2023-12-12 11:33:00-05:00,145.51629638671875,145.60000610351562,145.51629638671875,145.60000610351562,145.60000610351562,3057
2023-12-12 11:34:00-05:00,145.5500030517578,145.5500030517578,145.53500366210938,145.53500366210938,145.53500366210938,525
2023-12-12 11:35:00-05:00,145.5500030517578,145.60000610351562,145.52999877929688,145.52999877929688,145.52999877929688,1516
2023-12-12 11:36:00-05:00,145.52499389648438,145.5399932861328,145.5,145.5399932861328,145.5399932861328,1650
2023-12-12 11:37:00-05:00,145.55999755859375,145.55999755859375,145.5500030517578,145.5500030517578,145.5500030517578,296
2023-12-12 11:38:00-05:00,145.5749969482422,145.61000061035156,145.5399932861328,145.5449981689453,145.5449981689453,3886
2023-12-12 11:39:00-05:00,145.50999450683594,145.50999450683594,145.49000549316406,145.50999450683594,145.50999450683594,907
2023-12-12 11:40:00-05:00,145.5,145.5,145.44000244140625,145.47500610351562,145.47500610351562,2638
2023-12-12 11:41:00-05:00,145.47360229492188,145.47360229492188,145.47360229492188,145.47360229492188,145.47360229492188,329
2023-12-12 11:42:00-05:00,145.52000427246094,145.52000427246094,145.52000427246094,145.52000427246094,145.52000427246094,1133
2023-12-12 11:43:00-05:00,145.57000732421875,145.5800018310547,145.57000732421875,145.5800018310547,145.5800018310547,1147
2023-12-12 11:44:00-05:00,145.62989807128906,145.62989807128906,145.52000427246094,145.5800018310547,145.5800018310547,990
2023-12-12 11:45:00-05:00,145.60000610351562,145.6300048828125,145.5500030517578,145.6300048828125,145.6300048828125,3336
2023-12-12 11:46:00-05:00,145.60000610351562,145.61000061035156,145.49119567871094,145.60000610351562,145.60000610351562,3596
2023-12-12 11:47:00-05:00,145.6300048828125,145.6300048828125,145.6199951171875,145.6199951171875,145.6199951171875,542
2023-12-12 11:48:00-05:00,145.66000366210938,145.72500610351562,145.66000366210938,145.6750030517578,145.6750030517578,3947
2023-12-12 11:49:00-05:00,145.6300048828125,145.6300048828125,145.6300048828125,145.6300048828125,145.6300048828125,799
2023-12-12 11:50:00-05:00,145.6300048828125,145.63499450683594,145.6300048828125,145.63499450683594,145.63499450683594,625
2023-12-12 11:51:00-05:00,145.60000610351562,145.60000610351562,145.44000244140625,145.44000244140625,145.44000244140625,4465
2023-12-12 11:52:00-05:00,145.42999267578125,145.47000122070312,145.3209991455078,145.4199981689453,145.4199981689453,10088
2023-12-12 11:53:00-05:00,145.39999389648438,145.39999389648438,145.25,145.2550048828125,145.2550048828125,10477
2023-12-12 11:54:00-05:00,145.23019409179688,145.2949981689453,145.1750030517578,145.2949981689453,145.2949981689453,6000
2023-12-12 11:55:00-05:00,145.2899932861328,145.32000732421875,145.27000427246094,145.28500366210938,145.28500366210938,2594
2023-12-12 11:56:00-05:00,145.25999450683594,145.27499389648438,145.1802978515625,145.1802978515625,145.1802978515625,4654
2023-12-12 11:57:00-05:00,145.17999267578125,145.17999267578125,145.10000610351562,145.10000610351562,145.10000610351562,2602
2023-12-12 11:58:00-05:00,145.1300048828125,145.1300048828125,144.9199981689453,144.92999267578125,144.92999267578125,14985
2023-12-12 11:59:00-05:00,144.94500732421875,145.06170654296875,144.92999267578125,144.9409942626953,144.9409942626953,6194
2023-12-12 12:00:00-05:00,144.9199981689453,144.9499969482422,144.8300018310547,144.85499572753906,144.85499572753906,12669
2023-12-12 12:01:00-05:00,144.86000061035156,144.8800048828125,144.8000030517578,144.83999633789062,144.83999633789062,2922
2023-12-12 12:02:00-05:00,144.83999633789062,144.91000366210938,144.77000427246094,144.80999755859375,144.80999755859375,6375
2023-12-12 12:03:00-05:00,144.81500244140625,144.88999938964844,144.75999450683594,144.75999450683594,144.75999450683594,7182
2023-12-12 12:04:00-05:00,144.75999450683594,144.75999450683594,144.75999450683594,144.75999450683594,144.75999450683594,465
2023-12-12 12:05:00-05:00,144.7899932861328,144.8300018310547,144.74000549316406,144.74000549316406,144.74000549316406,5882
2023-12-12 12:06:00-05:00,144.6999969482422,144.6999969482422,144.52999877929688,144.52999877929688,144.52999877929688,2948
2023-12-12 12:07:00-05:00,144.5800018310547,144.647705078125,144.52999877929688,144.60000610351562,144.60000610351562,3228
2023-12-12 12:08:00-05:00,144.59500122070312,144.59500122070312,144.53500366210938,144.5800018310547,144.5800018310547,937
2023-12-12 12:09:00-05:00,144.5800018310547,144.5800018310547,144.49000549316406,144.5500030517578,144.5500030517578,7363
2023-12-12 12:10:00-05:00,144.5500030517578,144.58779907226562,144.4949951171875,144.58779907226562,144.58779907226562,2068
2023-12-12 12:11:00-05:00,144.5950927734375,144.5950927734375,144.3699951171875,144.3699951171875,144.3699951171875,6837
2023-12-12 12:12:00-05:00,144.4250030517578,144.50990295410156,144.39999389648438,144.4499053955078,144.4499053955078,14283
2023-12-12 12:13:00-05:00,144.4250030517578,144.47999572753906,144.4250030517578,144.47000122070312,144.47000122070312,4290
2023-12-12 12:14:00-05:00,144.4499969482422,144.49000549316406,144.4199981689453,144.43099975585938,144.43099975585938,4951
2023-12-12 12:15:00-05:00,144.46499633789062,144.47999572753906,144.36000061035156,144.39999389648438,144.39999389648438,2713
2023-12-12 12:16:00-05:00,144.35499572753906,144.44500732421875,144.35499572753906,144.42999267578125,144.42999267578125,1320
2023-12-12 12:17:00-05:00,144.41000366210938,144.42999267578125,144.35000610351562,144.35000610351562,144.35000610351562,6357
2023-12-12 12:18:00-05:00,144.35000610351562,144.36000061035156,144.30999755859375,144.30999755859375,144.30999755859375,4783
2023-12-12 12:19:00-05:00,144.3350067138672,144.3800048828125,144.2899932861328,144.2899932861328,144.2899932861328,2961
2023-12-12 12:20:00-05:00,144.30999755859375,144.34500122070312,144.17999267578125,144.2550048828125,144.2550048828125,9627
2023-12-12 12:21:00-05:00,144.2899932861328,144.35000610351562,144.1999969482422,144.32000732421875,144.32000732421875,15557
2023-12-12 12:22:00-05:00,144.2700958251953,144.35000610351562,144.1999969482422,144.25999450683594,144.25999450683594,12947
2023-12-12 12:23:00-05:00,144.2949981689453,144.33999633789062,144.25010681152344,144.27999877929688,144.27999877929688,10701
2023-12-12 12:24:00-05:00,144.1999969482422,144.30499267578125,144.1999969482422,144.28500366210938,144.28500366210938,9428
2023-12-12 12:25:00-05:00,144.2949981689453,144.32000732421875,144.24000549316406,144.3000030517578,144.3000030517578,2496
2023-12-12 12:26:00-05:00,144.3350067138672,144.36000061035156,144.19000244140625,144.19000244140625,144.19000244140625,6445
2023-12-12 12:27:00-05:00,144.22999572753906,144.30499267578125,144.19000244140625,144.30499267578125,144.30499267578125,4601
2023-12-12 12:28:00-05:00,144.3000030517578,144.3699951171875,144.3000030517578,144.35000610351562,144.35000610351562,3351
2023-12-12 12:29:00-05:00,144.3249969482422,144.3249969482422,144.2899932861328,144.30499267578125,144.30499267578125,1732
2023-12-12 12:30:00-05:00,144.3300018310547,144.3800048828125,144.27999877929688,144.2949981689453,144.2949981689453,4814
2023-12-12 12:31:00-05:00,144.3000030517578,144.38999938964844,144.3000030517578,144.3300018310547,144.3300018310547,3510
2023-12-12 12:32:00-05:00,144.34500122070312,144.38999938964844,144.3300018310547,144.3300018310547,144.3300018310547,3582
2023-12-12 12:33:00-05:00,144.38999938964844,144.4499053955078,144.30999755859375,144.36000061035156,144.36000061035156,8718
2023-12-12 12:34:00-05:00,144.35000610351562,144.36000061035156,144.35000610351562,144.36000061035156,144.36000061035156,970
2023-12-12 12:35:00-05:00,144.33999633789062,144.35499572753906,144.19000244140625,144.21499633789062,144.21499633789062,9732
2023-12-12 12:36:00-05:00,144.24000549316406,144.27000427246094,144.1800994873047,144.22000122070312,144.22000122070312,11162
2023-12-12 12:37:00-05:00,144.27999877929688,144.27999877929688,144.1300048828125,144.13499450683594,144.13499450683594,4022
2023-12-12 12:38:00-05:00,144.1300048828125,144.1300048828125,144.10000610351562,144.10000610351562,144.10000610351562,1243
2023-12-12 12:39:00-05:00,144.07000732421875,144.07000732421875,144.0,144.01010131835938,144.01010131835938,5488
2023-12-12 12:40:00-05:00,144.0399932861328,144.0399932861328,143.88999938964844,143.88999938964844,143.88999938964844,4630
2023-12-12 12:41:00-05:00,143.91000366210938,143.94000244140625,143.8300018310547,143.8300018310547,143.8300018310547,5674
2023-12-12 12:42:00-05:00,143.8000030517578,143.8249969482422,143.67999267578125,143.67999267578125,143.67999267578125,5491
2023-12-12 12:43:00-05:00,143.6999969482422,143.7050018310547,143.52999877929688,143.61000061035156,143.61000061035156,8020
2023-12-12 12:44:00-05:00,143.60000610351562,143.6699981689453,143.5800018310547,143.5800018310547,143.5800018310547,3536
2023-12-12 12:45:00-05:00,143.6300048828125,143.63499450683594,143.45399475097656,143.51300048828125,143.51300048828125,4012
2023-12-12 12:46:00-05:00,143.48500061035156,143.5500030517578,143.38999938964844,143.52999877929688,143.52999877929688,6744
2023-12-12 12:47:00-05:00,143.5449981689453,143.5800018310547,143.44000244140625,143.50999450683594,143.50999450683594,10098
2023-12-12 12:48:00-05:00,143.51499938964844,143.52000427246094,143.4600067138672,143.4600067138672,143.4600067138672,4196
2023-12-12 12:49:00-05:00,143.47999572753906,143.52000427246094,143.44149780273438,143.50999450683594,143.50999450683594,5821
2023-12-12 12:50:00-05:00,143.52499389648438,143.63999938964844,143.4600067138672,143.63999938964844,143.63999938964844,10680
2023-12-12 12:51:00-05:00,143.6300048828125,143.86000061035156,143.6300048828125,143.86000061035156,143.86000061035156,3623
2023-12-12 12:52:00-05:00,143.875,143.94000244140625,143.875,143.91000366210938,143.91000366210938,2838
2023-12-12 12:53:00-05:00,143.97000122070312,143.97000122070312,143.9199981689453,143.9199981689453,143.9199981689453,1687
2023-12-12 12:54:00-05:00,143.89999389648438,143.89999389648438,143.85499572753906,143.85499572753906,143.85499572753906,2179
2023-12-12 12:55:00-05:00,143.84249877929688,143.8957977294922,143.82000732421875,143.88499450683594,143.88499450683594,3025
2023-12-12 12:56:00-05:00,143.85000610351562,143.85000610351562,143.80999755859375,143.85000610351562,143.85000610351562,1815
2023-12-12 12:57:00-05:00,143.8715057373047,143.875,143.8101043701172,143.875,143.875,1454
2023-12-12 12:58:00-05:00,143.8800048828125,143.9199981689453,143.85000610351562,143.85000610351562,143.85000610351562,4076
2023-12-12 12:59:00-05:00,143.85000610351562,143.91000366210938,143.85000610351562,143.8800048828125,143.8800048828125,2960
2023-12-12 13:00:00-05:00,143.85000610351562,143.85000610351562,143.85000610351562,143.85000610351562,143.85000610351562,194
2023-12-12 13:01:00-05:00,143.85000610351562,143.88999938964844,143.84800720214844,143.8800048828125,143.8800048828125,1451
2023-12-12 13:02:00-05:00,143.88499450683594,144.17999267578125,143.83999633789062,144.17999267578125,144.17999267578125,9797
2023-12-12 13:03:00-05:00,144.22000122070312,144.27000427246094,144.17930603027344,144.27000427246094,144.27000427246094,1556
2023-12-12 13:04:00-05:00,144.27000427246094,144.36000061035156,144.2480010986328,144.36000061035156,144.36000061035156,2600
2023-12-12 13:05:00-05:00,144.2899932861328,144.2899932861328,144.10000610351562,144.14500427246094,144.14500427246094,5768
2023-12-12 13:06:00-05:00,144.14999389648438,144.14999389648438,144.02000427246094,144.0500030517578,144.0500030517578,1328
2023-12-12 13:07:00-05:00,144.05499267578125,144.1300048828125,144.05499267578125,144.11180114746094,144.11180114746094,1234
2023-12-12 13:08:00-05:00,144.1300048828125,144.19000244140625,144.1300048828125,144.16000366210938,144.16000366210938,1738
2023-12-12 13:09:00-05:00,144.1699981689453,144.17999267578125,144.11749267578125,144.1425018310547,144.1425018310547,2748
2023-12-12 13:10:00-05:00,144.12750244140625,144.12750244140625,144.125,144.125,144.125,1099
2023-12-12 13:11:00-05:00,143.99000549316406,143.99000549316406,143.9499969482422,143.9499969482422,143.9499969482422,1462
2023-12-12 13:12:00-05:00,144.00999450683594,144.00999450683594,144.0,144.0050048828125,144.0050048828125,1305
2023-12-12 13:13:00-05:00,144.00999450683594,144.05999755859375,144.00999450683594,144.02000427246094,144.02000427246094,2300
2023-12-12 13:14:00-05:00,144.05999755859375,144.05999755859375,143.97999572753906,143.97999572753906,143.97999572753906,2747
2023-12-12 13:15:00-05:00,144.0,144.01499938964844,143.97000122070312,143.9949951171875,143.9949951171875,4026
2023-12-12 13:16:00-05:00,143.98500061035156,143.98500061035156,143.98500061035156,143.98500061035156,143.98500061035156,152
2023-12-12 13:17:00-05:00,143.99000549316406,144.0,143.97000122070312,143.97500610351562,143.97500610351562,2898
2023-12-12 13:18:00-05:00,143.9499969482422,143.9499969482422,143.94000244140625,143.9499969482422,143.9499969482422,2196
2023-12-12 13:19:00-05:00,143.96499633789062,143.96499633789062,143.9199981689453,143.94500732421875,143.94500732421875,1989
2023-12-12 13:20:00-05:00,143.88999938964844,143.94000244140625,143.85000610351562,143.85000610351562,143.85000610351562,1972
2023-12-12 13:21:00-05:00,143.8300018310547,143.92999267578125,143.8300018310547,143.92999267578125,143.92999267578125,1179
2023-12-12 13:22:00-05:00,143.90499877929688,143.90499877929688,143.77999877929688,143.77999877929688,143.77999877929688,3097
2023-12-12 13:23:00-05:00,143.77000427246094,143.77000427246094,143.7100067138672,143.76499938964844,143.76499938964844,2397
2023-12-12 13:24:00-05:00,143.73500061035156,143.77999877929688,143.71499633789062,143.77999877929688,143.77999877929688,2346
2023-12-12 13:25:00-05:00,143.77999877929688,143.77999877929688,143.77999877929688,143.77999877929688,143.77999877929688,754
2023-12-12 13:26:00-05:00,143.75689697265625,143.85000610351562,143.75689697265625,143.8350067138672,143.8350067138672,2982
2023-12-12 13:27:00-05:00,143.81080627441406,143.89999389648438,143.81080627441406,143.88999938964844,143.88999938964844,953
2023-12-12 13:28:00-05:00,143.89999389648438,143.9499969482422,143.88999938964844,143.9499969482422,143.9499969482422,4098
2023-12-12 13:29:00-05:00,143.91000366210938,144.00999450683594,143.91000366210938,143.99000549316406,143.99000549316406,6978
2023-12-12 13:30:00-05:00,143.99000549316406,144.2165985107422,143.97950744628906,144.2165985107422,144.2165985107422,7120
2023-12-12 13:31:00-05:00,144.27000427246094,144.3354034423828,144.25999450683594,144.30499267578125,144.30499267578125,1013
2023-12-12 13:32:00-05:00,144.36000061035156,144.36000061035156,144.17999267578125,144.17999267578125,144.17999267578125,2731
2023-12-12 13:33:00-05:00,144.1300048828125,144.1300048828125,144.10000610351562,144.10000610351562,144.10000610351562,1174
2023-12-12 13:34:00-05:00,144.14500427246094,144.2100067138672,144.14500427246094,144.2100067138672,144.2100067138672,1784
2023-12-12 13:35:00-05:00,144.16000366210938,144.16000366210938,144.1497039794922,144.1497039794922,144.1497039794922,495
2023-12-12 13:36:00-05:00,144.15089416503906,144.15089416503906,144.0800018310547,144.0800018310547,144.0800018310547,1433
2023-12-12 13:38:00-05:00,144.0500030517578,144.0800018310547,144.0399932861328,144.0749969482422,144.0749969482422,1936
2023-12-12 13:39:00-05:00,144.07000732421875,144.14999389648438,144.02499389648438,144.14999389648438,144.14999389648438,1405
2023-12-12 13:40:00-05:00,144.1649932861328,144.17999267578125,144.1649932861328,144.17999267578125,144.17999267578125,5657
2023-12-12 13:41:00-05:00,144.14999389648438,144.14999389648438,144.125,144.125,144.125,1124
2023-12-12 13:42:00-05:00,144.1300048828125,144.13999938964844,144.1300048828125,144.13999938964844,144.13999938964844,1253
2023-12-12 13:44:00-05:00,144.16000366210938,144.16000366210938,144.16000366210938,144.16000366210938,144.16000366210938,499
2023-12-12 13:45:00-05:00,144.1750030517578,144.19000244140625,144.11000061035156,144.11000061035156,144.11000061035156,1709
2023-12-12 13:46:00-05:00,144.1199951171875,144.30499267578125,144.1199951171875,144.28500366210938,144.28500366210938,4997
2023-12-12 13:47:00-05:00,144.2899932861328,144.38499450683594,144.27200317382812,144.38499450683594,144.38499450683594,1434
2023-12-12 13:48:00-05:00,144.36500549316406,144.36500549316406,144.1074981689453,144.11000061035156,144.11000061035156,13228
2023-12-12 13:49:00-05:00,144.14999389648438,144.14999389648438,144.0500030517578,144.0500030517578,144.0500030517578,4349
2023-12-12 13:50:00-05:00,144.02000427246094,144.0749969482422,144.02000427246094,144.0749969482422,144.0749969482422,1872
2023-12-12 13:51:00-05:00,144.10000610351562,144.1199951171875,144.10000610351562,144.1199951171875,144.1199951171875,594
2023-12-12 13:52:00-05:00,144.05999755859375,144.14999389648438,144.05999755859375,144.14999389648438,144.14999389648438,1601
2023-12-12 13:53:00-05:00,144.1649932861328,144.19500732421875,144.1199951171875,144.1199951171875,144.1199951171875,1676
2023-12-12 13:54:00-05:00,144.11000061035156,144.22720336914062,144.11000061035156,144.22720336914062,144.22720336914062,2479
2023-12-12 13:55:00-05:00,144.18499755859375,144.19000244140625,144.15499877929688,144.18499755859375,144.18499755859375,891
2023-12-12 13:56:00-05:00,144.1999969482422,144.39500427246094,144.1999969482422,144.3300018310547,144.3300018310547,3361
2023-12-12 13:57:00-05:00,144.4250030517578,144.4250030517578,144.4250030517578,144.4250030517578,144.4250030517578,496
2023-12-12 13:58:00-05:00,144.47999572753906,144.5800018310547,144.47999572753906,144.5800018310547,144.5800018310547,2081
2023-12-12 13:59:00-05:00,144.58999633789062,144.61740112304688,144.55999755859375,144.55999755859375,144.55999755859375,1164
2023-12-12 14:00:00-05:00,144.5749969482422,144.6199951171875,144.57000732421875,144.61000061035156,144.61000061035156,2964
2023-12-12 14:01:00-05:00,144.60000610351562,144.6300048828125,144.60000610351562,144.61000061035156,144.61000061035156,1795
2023-12-12 14:02:00-05:00,144.55999755859375,144.5749969482422,144.5,144.5749969482422,144.5749969482422,2135
2023-12-12 14:03:00-05:00,144.5399932861328,144.5449981689453,144.5399932861328,144.5449981689453,144.5449981689453,466
2023-12-12 14:04:00-05:00,144.56500244140625,144.56500244140625,144.56500244140625,144.56500244140625,144.56500244140625,178
2023-12-12 14:05:00-05:00,144.52999877929688,144.52999877929688,144.5,144.5,144.5,1423
2023-12-12 14:06:00-05:00,144.42999267578125,144.47999572753906,144.42999267578125,144.47000122070312,144.47000122070312,2202
2023-12-12 14:07:00-05:00,144.4499969482422,144.4499969482422,144.4499969482422,144.4499969482422,144.4499969482422,3502
2023-12-12 14:08:00-05:00,144.4600067138672,144.4600067138672,144.3939971923828,144.42999267578125,144.42999267578125,2222
2023-12-12 14:09:00-05:00,144.38999938964844,144.38999938964844,144.3300018310547,144.33250427246094,144.33250427246094,3494
2023-12-12 14:10:00-05:00,144.32000732421875,144.3300018310547,144.27000427246094,144.3300018310547,144.3300018310547,4251
2023-12-12 14:11:00-05:00,144.3300018310547,144.36500549316406,144.3300018310547,144.36500549316406,144.36500549316406,2142
2023-12-12 14:12:00-05:00,144.35499572753906,144.35499572753906,144.30999755859375,144.34469604492188,144.34469604492188,4596
2023-12-12 14:13:00-05:00,144.3699951171875,144.3699951171875,144.34500122070312,144.34500122070312,144.34500122070312,1317
2023-12-12 14:15:00-05:00,144.32000732421875,144.3800048828125,144.32000732421875,144.3800048828125,144.3800048828125,2559
2023-12-12 14:16:00-05:00,144.3800048828125,144.4499969482422,144.3800048828125,144.4149932861328,144.4149932861328,3517
2023-12-12 14:17:00-05:00,144.41000366210938,144.4593963623047,144.41000366210938,144.4499969482422,144.4499969482422,1062
2023-12-12 14:18:00-05:00,144.41000366210938,144.41000366210938,144.39999389648438,144.39999389648438,144.39999389648438,1091
2023-12-12 14:19:00-05:00,144.3800048828125,144.3800048828125,144.3800048828125,144.3800048828125,144.3800048828125,707
2023-12-12 14:20:00-05:00,144.38999938964844,144.47999572753906,144.38999938964844,144.44500732421875,144.44500732421875,3241
2023-12-12 14:21:00-05:00,144.47000122070312,144.47500610351562,144.4199981689453,144.4199981689453,144.4199981689453,1171
2023-12-12 14:22:00-05:00,144.44000244140625,144.44000244140625,144.39999389648438,144.41000366210938,144.41000366210938,2271
2023-12-12 14:23:00-05:00,144.4199981689453,144.4499969482422,144.4199981689453,144.4499969482422,144.4499969482422,1689
2023-12-12 14:24:00-05:00,144.4499969482422,144.59500122070312,144.4499969482422,144.59500122070312,144.59500122070312,2744
2023-12-12 14:25:00-05:00,144.58999633789062,144.58999633789062,144.57699584960938,144.57699584960938,144.57699584960938,811
2023-12-12 14:26:00-05:00,144.58999633789062,144.6199951171875,144.5800018310547,144.6199951171875,144.6199951171875,2248
2023-12-12 14:27:00-05:00,144.63999938964844,144.63999938964844,144.63999938964844,144.63999938964844,144.63999938964844,396
2023-12-12 14:28:00-05:00,144.6699981689453,144.77499389648438,144.66580200195312,144.77499389648438,144.77499389648438,3660
2023-12-12 14:29:00-05:00,144.75999450683594,144.7949981689453,144.72000122070312,144.77999877929688,144.77999877929688,2459
2023-12-12 14:30:00-05:00,144.7429962158203,144.8000030517578,144.7230987548828,144.7230987548828,144.7230987548828,2585
2023-12-12 14:31:00-05:00,144.8300018310547,144.86000061035156,144.8300018310547,144.83999633789062,144.83999633789062,1143
2023-12-12 14:32:00-05:00,144.85499572753906,144.94000244140625,144.85499572753906,144.93499755859375,144.93499755859375,1312
2023-12-12 14:33:00-05:00,144.97000122070312,145.02999877929688,144.9199981689453,145.02349853515625,145.02349853515625,3695
2023-12-12 14:34:00-05:00,145.02999877929688,145.0449981689453,145.02999877929688,145.0449981689453,145.0449981689453,1619
2023-12-12 14:35:00-05:00,145.05499267578125,145.05999755859375,144.97999572753906,145.05999755859375,145.05999755859375,5588
2023-12-12 14:36:00-05:00,145.0800018310547,145.1649932861328,145.0800018310547,145.125,145.125,8225
2023-12-12 14:37:00-05:00,145.0800018310547,145.11000061035156,144.99000549316406,145.0,145.0,5202
2023-12-12 14:38:00-05:00,145.0,145.00999450683594,144.72000122070312,144.78500366210938,144.78500366210938,11371
2023-12-12 14:39:00-05:00,144.75,144.77999877929688,144.75,144.77999877929688,144.77999877929688,1256
2023-12-12 14:40:00-05:00,144.7899932861328,144.8300018310547,144.75,144.75,144.75,2190
2023-12-12 14:41:00-05:00,144.7899932861328,144.7899932861328,144.7899932861328,144.7899932861328,144.7899932861328,169
2023-12-12 14:42:00-05:00,144.7949981689453,144.8000030517578,144.75999450683594,144.75999450683594,144.75999450683594,2774
2023-12-12 14:43:00-05:00,144.84500122070312,144.8800048828125,144.8300018310547,144.8300018310547,144.8300018310547,1060
2023-12-12 14:44:00-05:00,144.8300018310547,144.83999633789062,144.8000030517578,144.83999633789062,144.83999633789062,1938
2023-12-12 14:45:00-05:00,144.8300018310547,144.8300018310547,144.8000030517578,144.82249450683594,144.82249450683594,1453
2023-12-12 14:46:00-05:00,144.85000610351562,144.8699951171875,144.85000610351562,144.86000061035156,144.86000061035156,933
2023-12-12 14:47:00-05:00,144.86000061035156,144.86000061035156,144.75999450683594,144.75999450683594,144.75999450683594,3683
2023-12-12 14:48:00-05:00,144.77000427246094,144.8000030517578,144.75,144.76499938964844,144.76499938964844,1519
2023-12-12 14:49:00-05:00,144.8000030517578,144.8000030517578,144.7100067138672,144.77000427246094,144.77000427246094,6445
2023-12-12 14:50:00-05:00,144.7899932861328,144.82000732421875,144.77999877929688,144.77999877929688,144.77999877929688,1528
2023-12-12 14:51:00-05:00,144.77000427246094,144.77000427246094,144.73500061035156,144.73500061035156,144.73500061035156,1112
2023-12-12 14:52:00-05:00,144.75,144.77000427246094,144.74000549316406,144.74000549316406,144.74000549316406,1051
2023-12-12 14:53:00-05:00,144.74000549316406,144.75999450683594,144.72999572753906,144.75999450683594,144.75999450683594,1769
2023-12-12 14:54:00-05:00,144.74000549316406,144.74000549316406,144.63999938964844,144.63999938964844,144.63999938964844,4371
2023-12-12 14:55:00-05:00,144.66000366210938,144.67999267578125,144.63999938964844,144.65989685058594,144.65989685058594,1718
2023-12-12 14:56:00-05:00,144.66000366210938,144.66000366210938,144.60000610351562,144.6199951171875,144.6199951171875,1609
2023-12-12 14:57:00-05:00,144.6300048828125,144.64999389648438,144.5404052734375,144.5404052734375,144.5404052734375,5333
2023-12-12 14:58:00-05:00,144.57000732421875,144.57000732421875,144.51499938964844,144.51499938964844,144.51499938964844,2512
2023-12-12 14:59:00-05:00,144.52999877929688,144.55999755859375,144.52999877929688,144.5500030517578,144.5500030517578,1544
2023-12-12 15:00:00-05:00,144.5399932861328,144.5399932861328,144.42999267578125,144.52000427246094,144.52000427246094,4174
2023-12-12 15:01:00-05:00,144.4949951171875,144.52999877929688,144.49000549316406,144.52999877929688,144.52999877929688,965
2023-12-12 15:02:00-05:00,144.52000427246094,144.58999633789062,144.52000427246094,144.58250427246094,144.58250427246094,1868
2023-12-12 15:03:00-05:00,144.64999389648438,144.64999389648438,144.60000610351562,144.60000610351562,144.60000610351562,3261
2023-12-12 15:04:00-05:00,144.6199951171875,144.6199951171875,144.5800018310547,144.5800018310547,144.5800018310547,1043
2023-12-12 15:05:00-05:00,144.61000061035156,144.6199951171875,144.5500030517578,144.55499267578125,144.55499267578125,1721
2023-12-12 15:06:00-05:00,144.58999633789062,144.6199951171875,144.58999633789062,144.58999633789062,144.58999633789062,1912
2023-12-12 15:07:00-05:00,144.6199951171875,144.64999389648438,144.6199951171875,144.64999389648438,144.64999389648438,1116
2023-12-12 15:08:00-05:00,144.66000366210938,144.75,144.66000366210938,144.72000122070312,144.72000122070312,3350
2023-12-12 15:09:00-05:00,144.69000244140625,144.7449951171875,144.69000244140625,144.7100067138672,144.7100067138672,1359
2023-12-12 15:10:00-05:00,144.72500610351562,144.72500610351562,144.6750030517578,144.6750030517578,144.6750030517578,837
2023-12-12 15:11:00-05:00,144.66000366210938,144.7001953125,144.6199951171875,144.63999938964844,144.63999938964844,6193
2023-12-12 15:12:00-05:00,144.69200134277344,144.73500061035156,144.6300048828125,144.67649841308594,144.67649841308594,5120
2023-12-12 15:13:00-05:00,144.6999969482422,144.6999969482422,144.63999938964844,144.63999938964844,144.63999938964844,2204
2023-12-12 15:14:00-05:00,144.66000366210938,144.6999969482422,144.63999938964844,144.6999969482422,144.6999969482422,1322
2023-12-12 15:15:00-05:00,144.7100067138672,144.7100067138672,144.63999938964844,144.63999938964844,144.63999938964844,2191
2023-12-12 15:16:00-05:00,144.6699981689453,144.69000244140625,144.66000366210938,144.66000366210938,144.66000366210938,3363
2023-12-12 15:17:00-05:00,144.67999267578125,144.67999267578125,144.6199951171875,144.65499877929688,144.65499877929688,2392
2023-12-12 15:18:00-05:00,144.58999633789062,144.61000061035156,144.57000732421875,144.5800018310547,144.5800018310547,1212
2023-12-12 15:19:00-05:00,144.5800018310547,144.5800018310547,144.5,144.5,144.5,3573
2023-12-12 15:20:00-05:00,144.4949951171875,144.5,144.47300720214844,144.47300720214844,144.47300720214844,3612
2023-12-12 15:21:00-05:00,144.5,144.5,144.4199981689453,144.4499969482422,144.4499969482422,4338
2023-12-12 15:22:00-05:00,144.5500030517578,144.5500030517578,144.52000427246094,144.5225067138672,144.5225067138672,1562
2023-12-12 15:23:00-05:00,144.55999755859375,144.63999938964844,144.55250549316406,144.6300048828125,144.6300048828125,6267
2023-12-12 15:24:00-05:00,144.63999938964844,144.66000366210938,144.5800018310547,144.66000366210938,144.66000366210938,3755
2023-12-12 15:25:00-05:00,144.69000244140625,144.71499633789062,144.63999938964844,144.71499633789062,144.71499633789062,2687
2023-12-12 15:26:00-05:00,144.75,144.75,144.72999572753906,144.72999572753906,144.72999572753906,1104
2023-12-12 15:27:00-05:00,144.75,144.7550048828125,144.72000122070312,144.72000122070312,144.72000122070312,2729
2023-12-12 15:28:00-05:00,144.72999572753906,144.75,144.69500732421875,144.71499633789062,144.71499633789062,6143
2023-12-12 15:29:00-05:00,144.7100067138672,144.74000549316406,144.6750030517578,144.6750030517578,144.6750030517578,2626
2023-12-12 15:30:00-05:00,144.6699981689453,144.6699981689453,144.50999450683594,144.54400634765625,144.54400634765625,6465
2023-12-12 15:31:00-05:00,144.55999755859375,144.55999755859375,144.47999572753906,144.49000549316406,144.49000549316406,5303
2023-12-12 15:32:00-05:00,144.51499938964844,144.52999877929688,144.48300170898438,144.49099731445312,144.49099731445312,3820
2023-12-12 15:33:00-05:00,144.52000427246094,144.52000427246094,144.47000122070312,144.4739990234375,144.4739990234375,3038
2023-12-12 15:34:00-05:00,144.51950073242188,144.51950073242188,144.47000122070312,144.47000122070312,144.47000122070312,2889
2023-12-12 15:35:00-05:00,144.47999572753906,144.47999572753906,144.4199981689453,144.4199981689453,144.4199981689453,3184
2023-12-12 15:36:00-05:00,144.4199981689453,144.42999267578125,144.3699951171875,144.3699951171875,144.3699951171875,4219
2023-12-12 15:37:00-05:00,144.3800048828125,144.38499450683594,144.3300018310547,144.3699951171875,144.3699951171875,8721
2023-12-12 15:38:00-05:00,144.375,144.375,144.33599853515625,144.33599853515625,144.33599853515625,1510
2023-12-12 15:39:00-05:00,144.36000061035156,144.36000061035156,144.33999633789062,144.33999633789062,144.33999633789062,3082
2023-12-12 15:40:00-05:00,144.3300018310547,144.35000610351562,144.3000030517578,144.33999633789062,144.33999633789062,4033
2023-12-12 15:41:00-05:00,144.33399963378906,144.39999389648438,144.3300018310547,144.38099670410156,144.38099670410156,9009
2023-12-12 15:42:00-05:00,144.41000366210938,144.44700622558594,144.36000061035156,144.36000061035156,144.36000061035156,5327
2023-12-12 15:43:00-05:00,144.36000061035156,144.36000061035156,144.30999755859375,144.31500244140625,144.31500244140625,6277
2023-12-12 15:44:00-05:00,144.3000030517578,144.30999755859375,144.25999450683594,144.27499389648438,144.27499389648438,4481
2023-12-12 15:45:00-05:00,144.2899932861328,144.30999755859375,144.2100067138672,144.22999572753906,144.22999572753906,9102
2023-12-12 15:46:00-05:00,144.2100067138672,144.27999877929688,144.2100067138672,144.2429962158203,144.2429962158203,5618
2023-12-12 15:47:00-05:00,144.25999450683594,144.27000427246094,144.1649932861328,144.23500061035156,144.23500061035156,15787
2023-12-12 15:48:00-05:00,144.29299926757812,144.39999389648438,144.29299926757812,144.35000610351562,144.35000610351562,3241
2023-12-12 15:49:00-05:00,144.3300018310547,144.3300018310547,144.2675018310547,144.2675018310547,144.2675018310547,7448
2023-12-12 15:50:00-05:00,144.25999450683594,144.2899932861328,144.2100067138672,144.2100067138672,144.2100067138672,9836
2023-12-12 15:51:00-05:00,144.22000122070312,144.38999938964844,144.22000122070312,144.35299682617188,144.35299682617188,12463
2023-12-12 15:52:00-05:00,144.3800048828125,144.41000366210938,144.31500244140625,144.3300018310547,144.3300018310547,14206
2023-12-12 15:53:00-05:00,144.30999755859375,144.32000732421875,144.23199462890625,144.3000030517578,144.3000030517578,18283
2023-12-12 15:54:00-05:00,144.3000030517578,144.5399932861328,144.27000427246094,144.5399932861328,144.5399932861328,16719
2023-12-12 15:55:00-05:00,144.58999633789062,144.83999633789062,144.5500030517578,144.83999633789062,144.83999633789062,27248
2023-12-12 15:56:00-05:00,144.85000610351562,144.9199981689453,144.82200622558594,144.9199981689453,144.9199981689453,22591
2023-12-12 15:57:00-05:00,144.91000366210938,144.91000366210938,144.85000610351562,144.85000610351562,144.85000610351562,23126
2023-12-12 15:58:00-05:00,144.86000061035156,144.88999938964844,144.8300018310547,144.8699951171875,144.8699951171875,23463
2023-12-12 15:59:00-05:00,144.88499450683594,144.88499450683594,144.82000732421875,144.8800048828125,144.8800048828125,26898
