Date,Open,High,Low,Close,Adj Close,Volume
2023-06-29 09:00:00+02:00,15.569999694824219,15.649999618530273,15.520000457763672,15.630000114440918,15.630000114440918,0
2023-06-29 09:01:00+02:00,15.630000114440918,15.654999732971191,15.585000038146973,15.654999732971191,15.654999732971191,23326
2023-06-29 09:02:00+02:00,15.645000457763672,15.664999961853027,15.569999694824219,15.630000114440918,15.630000114440918,20150
2023-06-29 09:03:00+02:00,15.604999542236328,15.664999961853027,15.604999542236328,15.654999732971191,15.654999732971191,12440
2023-06-29 09:04:00+02:00,15.645000457763672,15.654999732971191,15.46500015258789,15.475000381469727,15.475000381469727,50311
2023-06-29 09:05:00+02:00,15.489999771118164,15.489999771118164,15.369999885559082,15.375,15.375,104244
2023-06-29 09:06:00+02:00,15.399999618530273,15.414999961853027,15.350000381469727,15.350000381469727,15.350000381469727,14282
2023-06-29 09:07:00+02:00,15.329999923706055,15.354999542236328,15.305000305175781,15.319999694824219,15.319999694824219,44594
2023-06-29 09:08:00+02:00,15.3100004196167,15.380000114440918,15.3100004196167,15.380000114440918,15.380000114440918,7035
2023-06-29 09:09:00+02:00,15.380000114440918,15.40999984741211,15.359999656677246,15.375,15.375,16046
2023-06-29 09:10:00+02:00,15.380000114440918,15.390000343322754,15.34000015258789,15.390000343322754,15.390000343322754,21123
2023-06-29 09:11:00+02:00,15.399999618530273,15.414999961853027,15.380000114440918,15.414999961853027,15.414999961853027,11606
2023-06-29 09:12:00+02:00,15.4350004196167,15.489999771118164,15.414999961853027,15.414999961853027,15.414999961853027,23190
2023-06-29 09:13:00+02:00,15.425000190734863,15.425000190734863,15.364999771118164,15.390000343322754,15.390000343322754,37581
2023-06-29 09:14:00+02:00,15.375,15.385000228881836,15.335000038146973,15.369999885559082,15.369999885559082,54457
2023-06-29 09:15:00+02:00,15.375,15.4350004196167,15.364999771118164,15.404999732971191,15.404999732971191,50547
2023-06-29 09:16:00+02:00,15.40999984741211,15.425000190734863,15.395000457763672,15.404999732971191,15.404999732971191,10082
2023-06-29 09:17:00+02:00,15.420000076293945,15.444999694824219,15.420000076293945,15.4350004196167,15.4350004196167,28563
2023-06-29 09:18:00+02:00,15.4350004196167,15.449999809265137,15.404999732971191,15.404999732971191,15.404999732971191,14522
2023-06-29 09:19:00+02:00,15.414999961853027,15.414999961853027,15.385000228881836,15.404999732971191,15.404999732971191,13594
2023-06-29 09:20:00+02:00,15.399999618530273,15.414999961853027,15.345000267028809,15.359999656677246,15.359999656677246,29384
2023-06-29 09:21:00+02:00,15.359999656677246,15.364999771118164,15.350000381469727,15.354999542236328,15.354999542236328,5521
2023-06-29 09:22:00+02:00,15.354999542236328,15.430000305175781,15.345000267028809,15.430000305175781,15.430000305175781,18681
2023-06-29 09:23:00+02:00,15.460000038146973,15.484999656677246,15.449999809265137,15.484999656677246,15.484999656677246,10746
2023-06-29 09:24:00+02:00,15.484999656677246,15.5,15.479999542236328,15.489999771118164,15.489999771118164,9630
2023-06-29 09:25:00+02:00,15.5,15.545000076293945,15.494999885559082,15.53499984741211,15.53499984741211,11316
2023-06-29 09:26:00+02:00,15.53499984741211,15.569999694824219,15.53499984741211,15.5649995803833,15.5649995803833,18455
2023-06-29 09:27:00+02:00,15.5600004196167,15.5649995803833,15.53499984741211,15.5600004196167,15.5600004196167,18293
2023-06-29 09:28:00+02:00,15.569999694824219,15.65999984741211,15.569999694824219,15.654999732971191,15.654999732971191,37267
2023-06-29 09:29:00+02:00,15.65999984741211,15.664999961853027,15.614999771118164,15.630000114440918,15.630000114440918,20296
2023-06-29 09:30:00+02:00,15.609999656677246,15.609999656677246,15.545000076293945,15.595000267028809,15.595000267028809,50399
2023-06-29 09:31:00+02:00,15.600000381469727,15.604999542236328,15.585000038146973,15.604999542236328,15.604999542236328,4938
2023-06-29 09:32:00+02:00,15.609999656677246,15.619999885559082,15.585000038146973,15.614999771118164,15.614999771118164,11966
2023-06-29 09:33:00+02:00,15.595000267028809,15.595000267028809,15.574999809265137,15.59000015258789,15.59000015258789,3674
2023-06-29 09:34:00+02:00,15.585000038146973,15.585000038146973,15.479999542236328,15.5,15.5,9578
2023-06-29 09:35:00+02:00,15.510000228881836,15.545000076293945,15.484999656677246,15.53499984741211,15.53499984741211,6578
2023-06-29 09:36:00+02:00,15.53499984741211,15.53499984741211,15.510000228881836,15.524999618530273,15.524999618530273,8130
2023-06-29 09:37:00+02:00,15.529999732971191,15.539999961853027,15.515000343322754,15.520000457763672,15.520000457763672,9725
2023-06-29 09:38:00+02:00,15.515000343322754,15.539999961853027,15.5,15.539999961853027,15.539999961853027,14846
2023-06-29 09:39:00+02:00,15.545000076293945,15.555000305175781,15.524999618530273,15.529999732971191,15.529999732971191,10138
2023-06-29 09:40:00+02:00,15.529999732971191,15.539999961853027,15.5,15.520000457763672,15.520000457763672,23096
2023-06-29 09:41:00+02:00,15.529999732971191,15.53499984741211,15.515000343322754,15.529999732971191,15.529999732971191,7431
2023-06-29 09:42:00+02:00,15.539999961853027,15.545000076293945,15.479999542236328,15.5,15.5,33400
2023-06-29 09:43:00+02:00,15.5,15.505000114440918,15.444999694824219,15.444999694824219,15.444999694824219,5178
2023-06-29 09:44:00+02:00,15.4399995803833,15.460000038146973,15.40999984741211,15.449999809265137,15.449999809265137,29611
2023-06-29 09:45:00+02:00,15.454999923706055,15.454999923706055,15.390000343322754,15.420000076293945,15.420000076293945,28273
2023-06-29 09:46:00+02:00,15.430000305175781,15.4399995803833,15.425000190734863,15.430000305175781,15.430000305175781,1973
2023-06-29 09:47:00+02:00,15.425000190734863,15.444999694824219,15.414999961853027,15.444999694824219,15.444999694824219,5063
2023-06-29 09:48:00+02:00,15.449999809265137,15.46500015258789,15.420000076293945,15.420000076293945,15.420000076293945,9317
2023-06-29 09:49:00+02:00,15.420000076293945,15.420000076293945,15.399999618530273,15.399999618530273,15.399999618530273,45342
2023-06-29 09:50:00+02:00,15.390000343322754,15.404999732971191,15.390000343322754,15.399999618530273,15.399999618530273,17236
2023-06-29 09:51:00+02:00,15.395000457763672,15.395000457763672,15.369999885559082,15.369999885559082,15.369999885559082,10330
2023-06-29 09:52:00+02:00,15.375,15.385000228881836,15.375,15.380000114440918,15.380000114440918,2413
2023-06-29 09:53:00+02:00,15.380000114440918,15.380000114440918,15.345000267028809,15.364999771118164,15.364999771118164,5598
2023-06-29 09:54:00+02:00,15.369999885559082,15.385000228881836,15.359999656677246,15.369999885559082,15.369999885559082,6356
2023-06-29 09:55:00+02:00,15.369999885559082,15.380000114440918,15.369999885559082,15.375,15.375,2349
2023-06-29 09:56:00+02:00,15.385000228881836,15.385000228881836,15.369999885559082,15.385000228881836,15.385000228881836,8243
2023-06-29 09:57:00+02:00,15.390000343322754,15.399999618530273,15.354999542236328,15.359999656677246,15.359999656677246,4549
2023-06-29 09:58:00+02:00,15.350000381469727,15.354999542236328,15.345000267028809,15.354999542236328,15.354999542236328,4262
2023-06-29 09:59:00+02:00,15.345000267028809,15.345000267028809,15.324999809265137,15.329999923706055,15.329999923706055,4621
2023-06-29 10:00:00+02:00,15.329999923706055,15.350000381469727,15.329999923706055,15.34000015258789,15.34000015258789,33613
2023-06-29 10:01:00+02:00,15.329999923706055,15.329999923706055,15.289999961853027,15.300000190734863,15.300000190734863,35401
2023-06-29 10:02:00+02:00,15.28499984741211,15.295000076293945,15.270000457763672,15.28499984741211,15.28499984741211,37988
2023-06-29 10:03:00+02:00,15.28499984741211,15.300000190734863,15.270000457763672,15.279999732971191,15.279999732971191,13944
2023-06-29 10:04:00+02:00,15.28499984741211,15.28499984741211,15.274999618530273,15.274999618530273,15.274999618530273,8682
2023-06-29 10:05:00+02:00,15.28499984741211,15.295000076293945,15.265000343322754,15.295000076293945,15.295000076293945,8482
2023-06-29 10:06:00+02:00,15.289999961853027,15.289999961853027,15.274999618530273,15.289999961853027,15.289999961853027,8776
2023-06-29 10:07:00+02:00,15.289999961853027,15.289999961853027,15.270000457763672,15.279999732971191,15.279999732971191,13943
2023-06-29 10:08:00+02:00,15.274999618530273,15.295000076293945,15.265000343322754,15.279999732971191,15.279999732971191,7175
2023-06-29 10:09:00+02:00,15.289999961853027,15.295000076293945,15.274999618530273,15.274999618530273,15.274999618530273,6593
2023-06-29 10:10:00+02:00,15.270000457763672,15.274999618530273,15.234999656677246,15.255000114440918,15.255000114440918,57078
2023-06-29 10:11:00+02:00,15.255000114440918,15.28499984741211,15.255000114440918,15.270000457763672,15.270000457763672,31195
2023-06-29 10:12:00+02:00,15.279999732971191,15.28499984741211,15.274999618530273,15.28499984741211,15.28499984741211,4097
2023-06-29 10:13:00+02:00,15.3100004196167,15.3100004196167,15.28499984741211,15.28499984741211,15.28499984741211,5257
2023-06-29 10:14:00+02:00,15.279999732971191,15.295000076293945,15.260000228881836,15.289999961853027,15.289999961853027,23275
2023-06-29 10:15:00+02:00,15.300000190734863,15.305000305175781,15.295000076293945,15.300000190734863,15.300000190734863,3206
2023-06-29 10:16:00+02:00,15.300000190734863,15.300000190734863,15.25,15.260000228881836,15.260000228881836,54496
2023-06-29 10:17:00+02:00,15.260000228881836,15.274999618530273,15.260000228881836,15.270000457763672,15.270000457763672,4445
2023-06-29 10:18:00+02:00,15.274999618530273,15.295000076293945,15.274999618530273,15.295000076293945,15.295000076293945,6484
2023-06-29 10:19:00+02:00,15.289999961853027,15.3100004196167,15.279999732971191,15.279999732971191,15.279999732971191,17030
2023-06-29 10:20:00+02:00,15.274999618530273,15.3149995803833,15.244999885559082,15.25,15.25,52118
2023-06-29 10:21:00+02:00,15.239999771118164,15.239999771118164,15.170000076293945,15.1899995803833,15.1899995803833,42964
2023-06-29 10:22:00+02:00,15.1850004196167,15.210000038146973,15.164999961853027,15.170000076293945,15.170000076293945,20025
2023-06-29 10:23:00+02:00,15.180000305175781,15.199999809265137,15.164999961853027,15.1899995803833,15.1899995803833,9964
2023-06-29 10:24:00+02:00,15.1899995803833,15.194999694824219,15.180000305175781,15.180000305175781,15.180000305175781,14839
2023-06-29 10:25:00+02:00,15.1850004196167,15.199999809265137,15.175000190734863,15.1850004196167,15.1850004196167,4363
2023-06-29 10:26:00+02:00,15.175000190734863,15.199999809265137,15.175000190734863,15.180000305175781,15.180000305175781,14279
2023-06-29 10:27:00+02:00,15.170000076293945,15.175000190734863,15.140000343322754,15.175000190734863,15.175000190734863,37975
2023-06-29 10:28:00+02:00,15.175000190734863,15.175000190734863,15.15999984741211,15.15999984741211,15.15999984741211,135
2023-06-29 10:29:00+02:00,15.15999984741211,15.170000076293945,15.149999618530273,15.164999961853027,15.164999961853027,11260
2023-06-29 10:30:00+02:00,15.175000190734863,15.210000038146973,15.175000190734863,15.210000038146973,15.210000038146973,19299
2023-06-29 10:31:00+02:00,15.220000267028809,15.220000267028809,15.194999694824219,15.199999809265137,15.199999809265137,1971
2023-06-29 10:32:00+02:00,15.194999694824219,15.210000038146973,15.194999694824219,15.204999923706055,15.204999923706055,11967
2023-06-29 10:33:00+02:00,15.199999809265137,15.204999923706055,15.170000076293945,15.170000076293945,15.170000076293945,7546
2023-06-29 10:34:00+02:00,15.175000190734863,15.1850004196167,15.175000190734863,15.1850004196167,15.1850004196167,5952
2023-06-29 10:35:00+02:00,15.175000190734863,15.1850004196167,15.130000114440918,15.180000305175781,15.180000305175781,22031
2023-06-29 10:36:00+02:00,15.1899995803833,15.204999923706055,15.1899995803833,15.204999923706055,15.204999923706055,3286
2023-06-29 10:37:00+02:00,15.199999809265137,15.199999809265137,15.1850004196167,15.1850004196167,15.1850004196167,852
2023-06-29 10:38:00+02:00,15.175000190734863,15.199999809265137,15.175000190734863,15.1850004196167,15.1850004196167,4867
2023-06-29 10:39:00+02:00,15.194999694824219,15.210000038146973,15.194999694824219,15.210000038146973,15.210000038146973,3795
2023-06-29 10:40:00+02:00,15.220000267028809,15.244999885559082,15.220000267028809,15.239999771118164,15.239999771118164,12065
2023-06-29 10:41:00+02:00,15.239999771118164,15.25,15.239999771118164,15.25,15.25,2884
2023-06-29 10:42:00+02:00,15.25,15.265000343322754,15.25,15.25,15.25,4399
2023-06-29 10:43:00+02:00,15.260000228881836,15.265000343322754,15.255000114440918,15.255000114440918,15.255000114440918,4764
2023-06-29 10:44:00+02:00,15.255000114440918,15.28499984741211,15.25,15.25,15.25,11603
2023-06-29 10:45:00+02:00,15.260000228881836,15.260000228881836,15.25,15.25,15.25,1409
2023-06-29 10:46:00+02:00,15.244999885559082,15.265000343322754,15.239999771118164,15.260000228881836,15.260000228881836,10935
2023-06-29 10:47:00+02:00,15.260000228881836,15.260000228881836,15.255000114440918,15.260000228881836,15.260000228881836,2748
2023-06-29 10:48:00+02:00,15.260000228881836,15.270000457763672,15.255000114440918,15.265000343322754,15.265000343322754,8850
2023-06-29 10:49:00+02:00,15.25,15.270000457763672,15.244999885559082,15.260000228881836,15.260000228881836,9224
2023-06-29 10:50:00+02:00,15.244999885559082,15.260000228881836,15.244999885559082,15.25,15.25,7658
2023-06-29 10:51:00+02:00,15.25,15.265000343322754,15.25,15.25,15.25,2986
2023-06-29 10:52:00+02:00,15.25,15.260000228881836,15.25,15.260000228881836,15.260000228881836,3655
2023-06-29 10:53:00+02:00,15.270000457763672,15.295000076293945,15.25,15.28499984741211,15.28499984741211,15542
2023-06-29 10:54:00+02:00,15.300000190734863,15.335000038146973,15.300000190734863,15.324999809265137,15.324999809265137,14286
2023-06-29 10:55:00+02:00,15.329999923706055,15.354999542236328,15.329999923706055,15.354999542236328,15.354999542236328,4708
2023-06-29 10:56:00+02:00,15.354999542236328,15.375,15.354999542236328,15.359999656677246,15.359999656677246,3145
2023-06-29 10:57:00+02:00,15.369999885559082,15.390000343322754,15.354999542236328,15.380000114440918,15.380000114440918,31065
2023-06-29 10:58:00+02:00,15.390000343322754,15.390000343322754,15.380000114440918,15.380000114440918,15.380000114440918,2758
2023-06-29 10:59:00+02:00,15.390000343322754,15.404999732971191,15.385000228881836,15.395000457763672,15.395000457763672,7662
2023-06-29 11:00:00+02:00,15.404999732971191,15.420000076293945,15.399999618530273,15.420000076293945,15.420000076293945,8701
2023-06-29 11:01:00+02:00,15.414999961853027,15.460000038146973,15.40999984741211,15.454999923706055,15.454999923706055,18632
2023-06-29 11:02:00+02:00,15.454999923706055,15.475000381469727,15.454999923706055,15.475000381469727,15.475000381469727,6126
2023-06-29 11:03:00+02:00,15.46500015258789,15.505000114440918,15.454999923706055,15.494999885559082,15.494999885559082,24205
2023-06-29 11:04:00+02:00,15.489999771118164,15.489999771118164,15.470000267028809,15.470000267028809,15.470000267028809,4199
2023-06-29 11:05:00+02:00,15.475000381469727,15.475000381469727,15.470000267028809,15.470000267028809,15.470000267028809,6759
2023-06-29 11:06:00+02:00,15.4399995803833,15.454999923706055,15.4399995803833,15.454999923706055,15.454999923706055,4004
2023-06-29 11:07:00+02:00,15.449999809265137,15.46500015258789,15.430000305175781,15.444999694824219,15.444999694824219,30578
2023-06-29 11:08:00+02:00,15.4399995803833,15.449999809265137,15.4399995803833,15.449999809265137,15.449999809265137,6848
2023-06-29 11:09:00+02:00,15.454999923706055,15.484999656677246,15.454999923706055,15.460000038146973,15.460000038146973,13197
2023-06-29 11:10:00+02:00,15.475000381469727,15.489999771118164,15.470000267028809,15.479999542236328,15.479999542236328,15303
2023-06-29 11:11:00+02:00,15.470000267028809,15.494999885559082,15.470000267028809,15.484999656677246,15.484999656677246,18116
2023-06-29 11:12:00+02:00,15.475000381469727,15.479999542236328,15.46500015258789,15.46500015258789,15.46500015258789,10035
2023-06-29 11:13:00+02:00,15.46500015258789,15.46500015258789,15.449999809265137,15.460000038146973,15.460000038146973,11321
2023-06-29 11:14:00+02:00,15.460000038146973,15.479999542236328,15.40999984741211,15.414999961853027,15.414999961853027,33650
2023-06-29 11:15:00+02:00,15.430000305175781,15.449999809265137,15.430000305175781,15.4399995803833,15.4399995803833,2634
2023-06-29 11:16:00+02:00,15.444999694824219,15.460000038146973,15.4350004196167,15.460000038146973,15.460000038146973,3351
2023-06-29 11:17:00+02:00,15.460000038146973,15.46500015258789,15.444999694824219,15.460000038146973,15.460000038146973,22427
2023-06-29 11:18:00+02:00,15.444999694824219,15.454999923706055,15.444999694824219,15.444999694824219,15.444999694824219,5061
2023-06-29 11:19:00+02:00,15.4350004196167,15.460000038146973,15.4350004196167,15.449999809265137,15.449999809265137,14354
2023-06-29 11:20:00+02:00,15.4399995803833,15.46500015258789,15.4399995803833,15.454999923706055,15.454999923706055,2883
2023-06-29 11:21:00+02:00,15.430000305175781,15.430000305175781,15.395000457763672,15.399999618530273,15.399999618530273,11134
2023-06-29 11:22:00+02:00,15.399999618530273,15.399999618530273,15.399999618530273,15.399999618530273,15.399999618530273,406
2023-06-29 11:23:00+02:00,15.385000228881836,15.40999984741211,15.385000228881836,15.395000457763672,15.395000457763672,10821
2023-06-29 11:24:00+02:00,15.385000228881836,15.395000457763672,15.380000114440918,15.385000228881836,15.385000228881836,3735
2023-06-29 11:25:00+02:00,15.380000114440918,15.385000228881836,15.364999771118164,15.364999771118164,15.364999771118164,1844
2023-06-29 11:26:00+02:00,15.359999656677246,15.399999618530273,15.359999656677246,15.399999618530273,15.399999618530273,8034
2023-06-29 11:27:00+02:00,15.40999984741211,15.40999984741211,15.375,15.395000457763672,15.395000457763672,23162
2023-06-29 11:28:00+02:00,15.385000228881836,15.395000457763672,15.380000114440918,15.390000343322754,15.390000343322754,1602
2023-06-29 11:29:00+02:00,15.390000343322754,15.404999732971191,15.390000343322754,15.404999732971191,15.404999732971191,4590
2023-06-29 11:30:00+02:00,15.404999732971191,15.404999732971191,15.399999618530273,15.404999732971191,15.404999732971191,9013
2023-06-29 11:31:00+02:00,15.380000114440918,15.380000114440918,15.359999656677246,15.359999656677246,15.359999656677246,1136
2023-06-29 11:32:00+02:00,15.359999656677246,15.380000114440918,15.359999656677246,15.380000114440918,15.380000114440918,12245
2023-06-29 11:33:00+02:00,15.375,15.375,15.375,15.375,15.375,80
2023-06-29 11:34:00+02:00,15.364999771118164,15.375,15.350000381469727,15.369999885559082,15.369999885559082,11495
2023-06-29 11:35:00+02:00,15.350000381469727,15.350000381469727,15.34000015258789,15.34000015258789,15.34000015258789,7058
2023-06-29 11:36:00+02:00,15.350000381469727,15.350000381469727,15.34000015258789,15.345000267028809,15.345000267028809,1639
2023-06-29 11:37:00+02:00,15.34000015258789,15.345000267028809,15.335000038146973,15.345000267028809,15.345000267028809,2797
2023-06-29 11:38:00+02:00,15.350000381469727,15.364999771118164,15.335000038146973,15.335000038146973,15.335000038146973,18039
2023-06-29 11:39:00+02:00,15.335000038146973,15.350000381469727,15.329999923706055,15.350000381469727,15.350000381469727,5929
2023-06-29 11:40:00+02:00,15.354999542236328,15.354999542236328,15.345000267028809,15.354999542236328,15.354999542236328,5264
2023-06-29 11:41:00+02:00,15.329999923706055,15.329999923706055,15.3100004196167,15.3100004196167,15.3100004196167,3171
2023-06-29 11:42:00+02:00,15.305000305175781,15.3100004196167,15.305000305175781,15.3100004196167,15.3100004196167,953
2023-06-29 11:43:00+02:00,15.300000190734863,15.300000190734863,15.289999961853027,15.289999961853027,15.289999961853027,3717
2023-06-29 11:44:00+02:00,15.295000076293945,15.3100004196167,15.295000076293945,15.305000305175781,15.305000305175781,11879
2023-06-29 11:45:00+02:00,15.300000190734863,15.3100004196167,15.300000190734863,15.305000305175781,15.305000305175781,9191
2023-06-29 11:46:00+02:00,15.305000305175781,15.3100004196167,15.305000305175781,15.305000305175781,15.305000305175781,3399
2023-06-29 11:47:00+02:00,15.305000305175781,15.305000305175781,15.305000305175781,15.305000305175781,15.305000305175781,376
2023-06-29 11:48:00+02:00,15.300000190734863,15.319999694824219,15.300000190734863,15.319999694824219,15.319999694824219,3676
2023-06-29 11:49:00+02:00,15.3149995803833,15.319999694824219,15.305000305175781,15.305000305175781,15.305000305175781,6352
2023-06-29 11:50:00+02:00,15.3100004196167,15.319999694824219,15.3100004196167,15.3149995803833,15.3149995803833,4563
2023-06-29 11:51:00+02:00,15.324999809265137,15.345000267028809,15.319999694824219,15.345000267028809,15.345000267028809,8983
2023-06-29 11:52:00+02:00,15.34000015258789,15.345000267028809,15.335000038146973,15.345000267028809,15.345000267028809,7095
2023-06-29 11:53:00+02:00,15.354999542236328,15.395000457763672,15.354999542236328,15.395000457763672,15.395000457763672,9117
2023-06-29 11:54:00+02:00,15.399999618530273,15.399999618530273,15.399999618530273,15.399999618530273,15.399999618530273,2480
2023-06-29 11:55:00+02:00,15.395000457763672,15.40999984741211,15.395000457763672,15.40999984741211,15.40999984741211,5490
2023-06-29 11:56:00+02:00,15.40999984741211,15.40999984741211,15.375,15.375,15.375,12119
2023-06-29 11:57:00+02:00,15.385000228881836,15.385000228881836,15.385000228881836,15.385000228881836,15.385000228881836,235
2023-06-29 11:58:00+02:00,15.380000114440918,15.380000114440918,15.380000114440918,15.380000114440918,15.380000114440918,917
2023-06-29 11:59:00+02:00,15.380000114440918,15.380000114440918,15.359999656677246,15.375,15.375,3400
2023-06-29 12:00:00+02:00,15.375,15.390000343322754,15.375,15.390000343322754,15.390000343322754,6342
2023-06-29 12:01:00+02:00,15.380000114440918,15.380000114440918,15.364999771118164,15.380000114440918,15.380000114440918,29011
2023-06-29 12:02:00+02:00,15.380000114440918,15.390000343322754,15.369999885559082,15.390000343322754,15.390000343322754,5277
2023-06-29 12:03:00+02:00,15.395000457763672,15.395000457763672,15.395000457763672,15.395000457763672,15.395000457763672,549
2023-06-29 12:04:00+02:00,15.395000457763672,15.395000457763672,15.380000114440918,15.385000228881836,15.385000228881836,6008
2023-06-29 12:05:00+02:00,15.395000457763672,15.395000457763672,15.385000228881836,15.390000343322754,15.390000343322754,4705
2023-06-29 12:06:00+02:00,15.395000457763672,15.404999732971191,15.395000457763672,15.399999618530273,15.399999618530273,12506
2023-06-29 12:07:00+02:00,15.40999984741211,15.40999984741211,15.395000457763672,15.395000457763672,15.395000457763672,17600
2023-06-29 12:08:00+02:00,15.390000343322754,15.395000457763672,15.375,15.375,15.375,2765
2023-06-29 12:09:00+02:00,15.369999885559082,15.395000457763672,15.369999885559082,15.380000114440918,15.380000114440918,17933
2023-06-29 12:10:00+02:00,15.385000228881836,15.385000228881836,15.369999885559082,15.380000114440918,15.380000114440918,11830
2023-06-29 12:11:00+02:00,15.390000343322754,15.420000076293945,15.390000343322754,15.420000076293945,15.420000076293945,3403
2023-06-29 12:12:00+02:00,15.4399995803833,15.46500015258789,15.4399995803833,15.46500015258789,15.46500015258789,4442
2023-06-29 12:13:00+02:00,15.460000038146973,15.470000267028809,15.460000038146973,15.470000267028809,15.470000267028809,1768
2023-06-29 12:14:00+02:00,15.46500015258789,15.510000228881836,15.46500015258789,15.479999542236328,15.479999542236328,57272
2023-06-29 12:15:00+02:00,15.484999656677246,15.484999656677246,15.449999809265137,15.449999809265137,15.449999809265137,22630
2023-06-29 12:16:00+02:00,15.449999809265137,15.46500015258789,15.4399995803833,15.46500015258789,15.46500015258789,6176
2023-06-29 12:17:00+02:00,15.454999923706055,15.454999923706055,15.444999694824219,15.444999694824219,15.444999694824219,6647
2023-06-29 12:18:00+02:00,15.425000190734863,15.425000190734863,15.425000190734863,15.425000190734863,15.425000190734863,7628
2023-06-29 12:19:00+02:00,15.425000190734863,15.430000305175781,15.404999732971191,15.430000305175781,15.430000305175781,11708
2023-06-29 12:20:00+02:00,15.425000190734863,15.425000190734863,15.425000190734863,15.425000190734863,15.425000190734863,164
2023-06-29 12:22:00+02:00,15.4350004196167,15.4350004196167,15.390000343322754,15.390000343322754,15.390000343322754,13206
2023-06-29 12:23:00+02:00,15.395000457763672,15.399999618530273,15.380000114440918,15.390000343322754,15.390000343322754,11698
2023-06-29 12:24:00+02:00,15.395000457763672,15.404999732971191,15.395000457763672,15.404999732971191,15.404999732971191,2182
2023-06-29 12:25:00+02:00,15.399999618530273,15.399999618530273,15.399999618530273,15.399999618530273,15.399999618530273,2149
2023-06-29 12:26:00+02:00,15.395000457763672,15.399999618530273,15.395000457763672,15.399999618530273,15.399999618530273,4813
2023-06-29 12:27:00+02:00,15.399999618530273,15.4399995803833,15.399999618530273,15.4399995803833,15.4399995803833,8169
2023-06-29 12:28:00+02:00,15.430000305175781,15.430000305175781,15.420000076293945,15.420000076293945,15.420000076293945,1803
2023-06-29 12:29:00+02:00,15.425000190734863,15.4399995803833,15.425000190734863,15.4350004196167,15.4350004196167,2492
2023-06-29 12:30:00+02:00,15.4399995803833,15.505000114440918,15.4399995803833,15.5,15.5,15511
2023-06-29 12:31:00+02:00,15.510000228881836,15.520000457763672,15.510000228881836,15.510000228881836,15.510000228881836,17525
2023-06-29 12:32:00+02:00,15.505000114440918,15.505000114440918,15.484999656677246,15.494999885559082,15.494999885559082,4993
2023-06-29 12:33:00+02:00,15.5,15.5,15.494999885559082,15.494999885559082,15.494999885559082,220
2023-06-29 12:34:00+02:00,15.494999885559082,15.510000228881836,15.494999885559082,15.494999885559082,15.494999885559082,12222
2023-06-29 12:35:00+02:00,15.494999885559082,15.505000114440918,15.494999885559082,15.494999885559082,15.494999885559082,496
2023-06-29 12:36:00+02:00,15.494999885559082,15.5,15.489999771118164,15.5,15.5,8105
2023-06-29 12:37:00+02:00,15.505000114440918,15.520000457763672,15.505000114440918,15.520000457763672,15.520000457763672,3218
2023-06-29 12:38:00+02:00,15.520000457763672,15.5600004196167,15.520000457763672,15.524999618530273,15.524999618530273,34166
2023-06-29 12:39:00+02:00,15.529999732971191,15.53499984741211,15.520000457763672,15.520000457763672,15.520000457763672,7032
2023-06-29 12:40:00+02:00,15.524999618530273,15.529999732971191,15.515000343322754,15.524999618530273,15.524999618530273,2539
2023-06-29 12:41:00+02:00,15.520000457763672,15.53499984741211,15.520000457763672,15.53499984741211,15.53499984741211,3447
2023-06-29 12:42:00+02:00,15.539999961853027,15.545000076293945,15.53499984741211,15.53499984741211,15.53499984741211,3047
2023-06-29 12:43:00+02:00,15.539999961853027,15.555000305175781,15.539999961853027,15.555000305175781,15.555000305175781,6792
2023-06-29 12:44:00+02:00,15.5600004196167,15.5600004196167,15.555000305175781,15.555000305175781,15.555000305175781,1882
2023-06-29 12:45:00+02:00,15.550000190734863,15.555000305175781,15.550000190734863,15.555000305175781,15.555000305175781,314
2023-06-29 12:46:00+02:00,15.5600004196167,15.569999694824219,15.555000305175781,15.5649995803833,15.5649995803833,4509
2023-06-29 12:47:00+02:00,15.5649995803833,15.5649995803833,15.550000190734863,15.555000305175781,15.555000305175781,4349
2023-06-29 12:48:00+02:00,15.5600004196167,15.5600004196167,15.550000190734863,15.555000305175781,15.555000305175781,636
2023-06-29 12:49:00+02:00,15.555000305175781,15.569999694824219,15.555000305175781,15.569999694824219,15.569999694824219,3225
2023-06-29 12:50:00+02:00,15.569999694824219,15.579999923706055,15.569999694824219,15.569999694824219,15.569999694824219,7451
2023-06-29 12:51:00+02:00,15.579999923706055,15.585000038146973,15.579999923706055,15.585000038146973,15.585000038146973,1903
2023-06-29 12:52:00+02:00,15.574999809265137,15.579999923706055,15.569999694824219,15.579999923706055,15.579999923706055,1327
2023-06-29 12:54:00+02:00,15.574999809265137,15.585000038146973,15.569999694824219,15.569999694824219,15.569999694824219,6691
2023-06-29 12:55:00+02:00,15.579999923706055,15.579999923706055,15.569999694824219,15.569999694824219,15.569999694824219,1358
2023-06-29 12:56:00+02:00,15.555000305175781,15.574999809265137,15.555000305175781,15.574999809265137,15.574999809265137,2657
2023-06-29 12:57:00+02:00,15.5649995803833,15.569999694824219,15.5649995803833,15.569999694824219,15.569999694824219,4084
2023-06-29 12:58:00+02:00,15.574999809265137,15.574999809265137,15.574999809265137,15.574999809265137,15.574999809265137,642
2023-06-29 12:59:00+02:00,15.574999809265137,15.59000015258789,15.574999809265137,15.59000015258789,15.59000015258789,6771
2023-06-29 13:02:00+02:00,15.604999542236328,15.604999542236328,15.5600004196167,15.579999923706055,15.579999923706055,24133
2023-06-29 13:03:00+02:00,15.579999923706055,15.614999771118164,15.579999923706055,15.604999542236328,15.604999542236328,23434
2023-06-29 13:04:00+02:00,15.604999542236328,15.604999542236328,15.585000038146973,15.585000038146973,15.585000038146973,5575
2023-06-29 13:05:00+02:00,15.579999923706055,15.585000038146973,15.5600004196167,15.585000038146973,15.585000038146973,36837
2023-06-29 13:06:00+02:00,15.574999809265137,15.595000267028809,15.574999809265137,15.595000267028809,15.595000267028809,3328
2023-06-29 13:07:00+02:00,15.595000267028809,15.600000381469727,15.59000015258789,15.600000381469727,15.600000381469727,4566
2023-06-29 13:08:00+02:00,15.604999542236328,15.604999542236328,15.59000015258789,15.59000015258789,15.59000015258789,2023
2023-06-29 13:09:00+02:00,15.59000015258789,15.600000381469727,15.585000038146973,15.595000267028809,15.595000267028809,8298
2023-06-29 13:10:00+02:00,15.59000015258789,15.600000381469727,15.585000038146973,15.595000267028809,15.595000267028809,2176
2023-06-29 13:11:00+02:00,15.600000381469727,15.609999656677246,15.600000381469727,15.604999542236328,15.604999542236328,1326
2023-06-29 13:12:00+02:00,15.604999542236328,15.609999656677246,15.604999542236328,15.609999656677246,15.609999656677246,1000
2023-06-29 13:13:00+02:00,15.609999656677246,15.619999885559082,15.604999542236328,15.614999771118164,15.614999771118164,6986
2023-06-29 13:14:00+02:00,15.609999656677246,15.609999656677246,15.609999656677246,15.609999656677246,15.609999656677246,1577
2023-06-29 13:15:00+02:00,15.609999656677246,15.609999656677246,15.600000381469727,15.600000381469727,15.600000381469727,2438
2023-06-29 13:16:00+02:00,15.604999542236328,15.609999656677246,15.595000267028809,15.600000381469727,15.600000381469727,2692
2023-06-29 13:17:00+02:00,15.609999656677246,15.609999656677246,15.609999656677246,15.609999656677246,15.609999656677246,600
2023-06-29 13:18:00+02:00,15.609999656677246,15.614999771118164,15.609999656677246,15.609999656677246,15.609999656677246,3434
2023-06-29 13:19:00+02:00,15.614999771118164,15.614999771118164,15.604999542236328,15.604999542236328,15.604999542236328,1239
2023-06-29 13:20:00+02:00,15.604999542236328,15.604999542236328,15.604999542236328,15.604999542236328,15.604999542236328,332
2023-06-29 13:21:00+02:00,15.604999542236328,15.614999771118164,15.569999694824219,15.604999542236328,15.604999542236328,58754
2023-06-29 13:22:00+02:00,15.600000381469727,15.604999542236328,15.595000267028809,15.604999542236328,15.604999542236328,5855
2023-06-29 13:23:00+02:00,15.600000381469727,15.625,15.600000381469727,15.614999771118164,15.614999771118164,15708
2023-06-29 13:24:00+02:00,15.604999542236328,15.604999542236328,15.600000381469727,15.604999542236328,15.604999542236328,1431
2023-06-29 13:25:00+02:00,15.600000381469727,15.600000381469727,15.600000381469727,15.600000381469727,15.600000381469727,795
2023-06-29 13:26:00+02:00,15.600000381469727,15.600000381469727,15.600000381469727,15.600000381469727,15.600000381469727,6686
2023-06-29 13:27:00+02:00,15.604999542236328,15.609999656677246,15.600000381469727,15.609999656677246,15.609999656677246,6054
2023-06-29 13:28:00+02:00,15.614999771118164,15.614999771118164,15.614999771118164,15.614999771118164,15.614999771118164,130
2023-06-29 13:29:00+02:00,15.614999771118164,15.619999885559082,15.614999771118164,15.614999771118164,15.614999771118164,7640
2023-06-29 13:30:00+02:00,15.614999771118164,15.614999771118164,15.604999542236328,15.614999771118164,15.614999771118164,2009
2023-06-29 13:31:00+02:00,15.609999656677246,15.619999885559082,15.609999656677246,15.614999771118164,15.614999771118164,11725
2023-06-29 13:32:00+02:00,15.604999542236328,15.609999656677246,15.604999542236328,15.609999656677246,15.609999656677246,502
2023-06-29 13:33:00+02:00,15.600000381469727,15.604999542236328,15.600000381469727,15.604999542236328,15.604999542236328,1088
2023-06-29 13:34:00+02:00,15.600000381469727,15.604999542236328,15.600000381469727,15.604999542236328,15.604999542236328,1500
2023-06-29 13:35:00+02:00,15.609999656677246,15.609999656677246,15.539999961853027,15.539999961853027,15.539999961853027,15114
2023-06-29 13:36:00+02:00,15.545000076293945,15.550000190734863,15.460000038146973,15.460000038146973,15.460000038146973,29657
2023-06-29 13:37:00+02:00,15.454999923706055,15.454999923706055,15.430000305175781,15.4399995803833,15.4399995803833,10419
2023-06-29 13:38:00+02:00,15.430000305175781,15.444999694824219,15.420000076293945,15.425000190734863,15.425000190734863,2902
2023-06-29 13:39:00+02:00,15.4350004196167,15.449999809265137,15.425000190734863,15.430000305175781,15.430000305175781,15807
2023-06-29 13:40:00+02:00,15.425000190734863,15.4350004196167,15.420000076293945,15.4350004196167,15.4350004196167,4323
2023-06-29 13:41:00+02:00,15.430000305175781,15.4399995803833,15.430000305175781,15.4399995803833,15.4399995803833,1535
2023-06-29 13:42:00+02:00,15.449999809265137,15.449999809265137,15.444999694824219,15.444999694824219,15.444999694824219,6511
2023-06-29 13:43:00+02:00,15.444999694824219,15.444999694824219,15.40999984741211,15.420000076293945,15.420000076293945,12340
2023-06-29 13:44:00+02:00,15.414999961853027,15.414999961853027,15.375,15.399999618530273,15.399999618530273,16622
2023-06-29 13:45:00+02:00,15.390000343322754,15.414999961853027,15.380000114440918,15.414999961853027,15.414999961853027,13078
2023-06-29 13:46:00+02:00,15.420000076293945,15.4350004196167,15.420000076293945,15.4350004196167,15.4350004196167,1013
2023-06-29 13:47:00+02:00,15.4399995803833,15.454999923706055,15.4399995803833,15.454999923706055,15.454999923706055,1077
2023-06-29 13:48:00+02:00,15.460000038146973,15.505000114440918,15.460000038146973,15.505000114440918,15.505000114440918,10037
2023-06-29 13:49:00+02:00,15.510000228881836,15.510000228881836,15.510000228881836,15.510000228881836,15.510000228881836,470
2023-06-29 13:50:00+02:00,15.515000343322754,15.524999618530273,15.505000114440918,15.515000343322754,15.515000343322754,8207
2023-06-29 13:51:00+02:00,15.515000343322754,15.515000343322754,15.510000228881836,15.510000228881836,15.510000228881836,195
2023-06-29 13:52:00+02:00,15.505000114440918,15.505000114440918,15.5,15.505000114440918,15.505000114440918,2343
2023-06-29 13:53:00+02:00,15.505000114440918,15.505000114440918,15.505000114440918,15.505000114440918,15.505000114440918,1499
2023-06-29 13:54:00+02:00,15.510000228881836,15.515000343322754,15.505000114440918,15.505000114440918,15.505000114440918,309
2023-06-29 13:55:00+02:00,15.494999885559082,15.515000343322754,15.489999771118164,15.515000343322754,15.515000343322754,5388
2023-06-29 13:57:00+02:00,15.505000114440918,15.505000114440918,15.505000114440918,15.505000114440918,15.505000114440918,847
2023-06-29 13:58:00+02:00,15.505000114440918,15.505000114440918,15.494999885559082,15.494999885559082,15.494999885559082,391
2023-06-29 13:59:00+02:00,15.489999771118164,15.489999771118164,15.489999771118164,15.489999771118164,15.489999771118164,103
2023-06-29 14:00:00+02:00,15.494999885559082,15.515000343322754,15.494999885559082,15.494999885559082,15.494999885559082,5942
2023-06-29 14:01:00+02:00,15.494999885559082,15.494999885559082,15.494999885559082,15.494999885559082,15.494999885559082,713
2023-06-29 14:03:00+02:00,15.494999885559082,15.494999885559082,15.475000381469727,15.475000381469727,15.475000381469727,857
2023-06-29 14:04:00+02:00,15.460000038146973,15.479999542236328,15.460000038146973,15.46500015258789,15.46500015258789,4103
2023-06-29 14:05:00+02:00,15.444999694824219,15.46500015258789,15.4399995803833,15.46500015258789,15.46500015258789,6003
2023-06-29 14:06:00+02:00,15.470000267028809,15.470000267028809,15.470000267028809,15.470000267028809,15.470000267028809,117
2023-06-29 14:07:00+02:00,15.475000381469727,15.475000381469727,15.475000381469727,15.475000381469727,15.475000381469727,124
2023-06-29 14:08:00+02:00,15.475000381469727,15.484999656677246,15.444999694824219,15.454999923706055,15.454999923706055,6971
2023-06-29 14:09:00+02:00,15.460000038146973,15.460000038146973,15.444999694824219,15.449999809265137,15.449999809265137,11322
2023-06-29 14:10:00+02:00,15.454999923706055,15.470000267028809,15.454999923706055,15.470000267028809,15.470000267028809,3766
2023-06-29 14:11:00+02:00,15.460000038146973,15.479999542236328,15.460000038146973,15.479999542236328,15.479999542236328,3188
2023-06-29 14:12:00+02:00,15.479999542236328,15.484999656677246,15.475000381469727,15.475000381469727,15.475000381469727,9280
2023-06-29 14:13:00+02:00,15.470000267028809,15.470000267028809,15.430000305175781,15.444999694824219,15.444999694824219,7709
2023-06-29 14:14:00+02:00,15.444999694824219,15.449999809265137,15.425000190734863,15.4350004196167,15.4350004196167,8046
2023-06-29 14:15:00+02:00,15.4350004196167,15.460000038146973,15.430000305175781,15.449999809265137,15.449999809265137,7314
2023-06-29 14:16:00+02:00,15.454999923706055,15.454999923706055,15.430000305175781,15.444999694824219,15.444999694824219,12802
2023-06-29 14:17:00+02:00,15.449999809265137,15.449999809265137,15.449999809265137,15.449999809265137,15.449999809265137,319
2023-06-29 14:18:00+02:00,15.460000038146973,15.46500015258789,15.460000038146973,15.46500015258789,15.46500015258789,1074
2023-06-29 14:19:00+02:00,15.470000267028809,15.479999542236328,15.46500015258789,15.470000267028809,15.470000267028809,3620
2023-06-29 14:20:00+02:00,15.475000381469727,15.484999656677246,15.475000381469727,15.479999542236328,15.479999542236328,9153
2023-06-29 14:21:00+02:00,15.484999656677246,15.489999771118164,15.470000267028809,15.489999771118164,15.489999771118164,5652
2023-06-29 14:22:00+02:00,15.489999771118164,15.494999885559082,15.470000267028809,15.484999656677246,15.484999656677246,6969
2023-06-29 14:23:00+02:00,15.489999771118164,15.494999885559082,15.484999656677246,15.494999885559082,15.494999885559082,7449
2023-06-29 14:24:00+02:00,15.494999885559082,15.505000114440918,15.494999885559082,15.505000114440918,15.505000114440918,3356
2023-06-29 14:25:00+02:00,15.510000228881836,15.510000228881836,15.494999885559082,15.5,15.5,2056
2023-06-29 14:26:00+02:00,15.5,15.5,15.484999656677246,15.494999885559082,15.494999885559082,2309
2023-06-29 14:27:00+02:00,15.489999771118164,15.489999771118164,15.454999923706055,15.454999923706055,15.454999923706055,5766
2023-06-29 14:28:00+02:00,15.460000038146973,15.460000038146973,15.449999809265137,15.454999923706055,15.454999923706055,1197
2023-06-29 14:29:00+02:00,15.460000038146973,15.460000038146973,15.460000038146973,15.460000038146973,15.460000038146973,70
2023-06-29 14:30:00+02:00,15.449999809265137,15.46500015258789,15.444999694824219,15.460000038146973,15.460000038146973,8852
2023-06-29 14:31:00+02:00,15.46500015258789,15.46500015258789,15.420000076293945,15.420000076293945,15.420000076293945,2296
2023-06-29 14:32:00+02:00,15.430000305175781,15.444999694824219,15.430000305175781,15.4399995803833,15.4399995803833,2537
2023-06-29 14:33:00+02:00,15.449999809265137,15.460000038146973,15.449999809265137,15.460000038146973,15.460000038146973,2747
2023-06-29 14:34:00+02:00,15.46500015258789,15.46500015258789,15.46500015258789,15.46500015258789,15.46500015258789,200
2023-06-29 14:35:00+02:00,15.460000038146973,15.470000267028809,15.460000038146973,15.460000038146973,15.460000038146973,6930
2023-06-29 14:36:00+02:00,15.454999923706055,15.454999923706055,15.4399995803833,15.444999694824219,15.444999694824219,3594
2023-06-29 14:37:00+02:00,15.4350004196167,15.4350004196167,15.40999984741211,15.420000076293945,15.420000076293945,4681
2023-06-29 14:38:00+02:00,15.420000076293945,15.430000305175781,15.420000076293945,15.430000305175781,15.430000305175781,4737
2023-06-29 14:40:00+02:00,15.4350004196167,15.4399995803833,15.425000190734863,15.4350004196167,15.4350004196167,7458
2023-06-29 14:41:00+02:00,15.4399995803833,15.4399995803833,15.430000305175781,15.4399995803833,15.4399995803833,4016
2023-06-29 14:42:00+02:00,15.425000190734863,15.4350004196167,15.425000190734863,15.425000190734863,15.425000190734863,2449
2023-06-29 14:43:00+02:00,15.430000305175781,15.4399995803833,15.40999984741211,15.4399995803833,15.4399995803833,16224
2023-06-29 14:44:00+02:00,15.444999694824219,15.444999694824219,15.430000305175781,15.4350004196167,15.4350004196167,1590
2023-06-29 14:45:00+02:00,15.444999694824219,15.444999694824219,15.4350004196167,15.444999694824219,15.444999694824219,5915
2023-06-29 14:46:00+02:00,15.4350004196167,15.444999694824219,15.4350004196167,15.444999694824219,15.444999694824219,517
2023-06-29 14:47:00+02:00,15.4399995803833,15.4399995803833,15.4399995803833,15.4399995803833,15.4399995803833,351
2023-06-29 14:48:00+02:00,15.444999694824219,15.449999809265137,15.444999694824219,15.449999809265137,15.449999809265137,702
2023-06-29 14:49:00+02:00,15.4399995803833,15.4399995803833,15.425000190734863,15.425000190734863,15.425000190734863,7023
2023-06-29 14:50:00+02:00,15.420000076293945,15.430000305175781,15.420000076293945,15.425000190734863,15.425000190734863,6157
2023-06-29 14:51:00+02:00,15.430000305175781,15.4350004196167,15.430000305175781,15.4350004196167,15.4350004196167,985
2023-06-29 14:52:00+02:00,15.430000305175781,15.4350004196167,15.425000190734863,15.4350004196167,15.4350004196167,2975
2023-06-29 14:53:00+02:00,15.4350004196167,15.4350004196167,15.420000076293945,15.425000190734863,15.425000190734863,7953
2023-06-29 14:54:00+02:00,15.425000190734863,15.430000305175781,15.420000076293945,15.425000190734863,15.425000190734863,7534
2023-06-29 14:55:00+02:00,15.425000190734863,15.454999923706055,15.420000076293945,15.444999694824219,15.444999694824219,14410
2023-06-29 14:56:00+02:00,15.444999694824219,15.444999694824219,15.40999984741211,15.414999961853027,15.414999961853027,5938
2023-06-29 14:57:00+02:00,15.420000076293945,15.425000190734863,15.399999618530273,15.414999961853027,15.414999961853027,12555
2023-06-29 14:58:00+02:00,15.414999961853027,15.420000076293945,15.414999961853027,15.420000076293945,15.420000076293945,1069
2023-06-29 14:59:00+02:00,15.425000190734863,15.425000190734863,15.414999961853027,15.425000190734863,15.425000190734863,2228
2023-06-29 15:00:00+02:00,15.430000305175781,15.4350004196167,15.414999961853027,15.420000076293945,15.420000076293945,9293
2023-06-29 15:01:00+02:00,15.425000190734863,15.449999809265137,15.425000190734863,15.444999694824219,15.444999694824219,4118
2023-06-29 15:02:00+02:00,15.4350004196167,15.4399995803833,15.430000305175781,15.4399995803833,15.4399995803833,1983
2023-06-29 15:03:00+02:00,15.444999694824219,15.449999809265137,15.4399995803833,15.4399995803833,15.4399995803833,1127
2023-06-29 15:04:00+02:00,15.4399995803833,15.4399995803833,15.4399995803833,15.4399995803833,15.4399995803833,200
2023-06-29 15:05:00+02:00,15.449999809265137,15.454999923706055,15.4399995803833,15.4399995803833,15.4399995803833,2856
2023-06-29 15:06:00+02:00,15.4350004196167,15.4399995803833,15.4350004196167,15.4399995803833,15.4399995803833,549
2023-06-29 15:07:00+02:00,15.430000305175781,15.430000305175781,15.420000076293945,15.420000076293945,15.420000076293945,4440
2023-06-29 15:08:00+02:00,15.414999961853027,15.414999961853027,15.414999961853027,15.414999961853027,15.414999961853027,34
2023-06-29 15:09:00+02:00,15.414999961853027,15.425000190734863,15.414999961853027,15.425000190734863,15.425000190734863,1214
2023-06-29 15:10:00+02:00,15.414999961853027,15.420000076293945,15.414999961853027,15.420000076293945,15.420000076293945,2214
2023-06-29 15:11:00+02:00,15.420000076293945,15.420000076293945,15.390000343322754,15.40999984741211,15.40999984741211,12464
2023-06-29 15:12:00+02:00,15.420000076293945,15.420000076293945,15.390000343322754,15.399999618530273,15.399999618530273,2733
2023-06-29 15:13:00+02:00,15.395000457763672,15.395000457763672,15.395000457763672,15.395000457763672,15.395000457763672,1252
2023-06-29 15:14:00+02:00,15.395000457763672,15.395000457763672,15.390000343322754,15.390000343322754,15.390000343322754,2273
2023-06-29 15:15:00+02:00,15.390000343322754,15.395000457763672,15.385000228881836,15.390000343322754,15.390000343322754,33401
2023-06-29 15:16:00+02:00,15.399999618530273,15.399999618530273,15.399999618530273,15.399999618530273,15.399999618530273,1525
2023-06-29 15:17:00+02:00,15.395000457763672,15.395000457763672,15.395000457763672,15.395000457763672,15.395000457763672,280
2023-06-29 15:18:00+02:00,15.395000457763672,15.414999961853027,15.390000343322754,15.414999961853027,15.414999961853027,38488
2023-06-29 15:19:00+02:00,15.40999984741211,15.40999984741211,15.399999618530273,15.404999732971191,15.404999732971191,691
2023-06-29 15:20:00+02:00,15.395000457763672,15.40999984741211,15.395000457763672,15.404999732971191,15.404999732971191,6732
2023-06-29 15:21:00+02:00,15.40999984741211,15.40999984741211,15.40999984741211,15.40999984741211,15.40999984741211,638
2023-06-29 15:22:00+02:00,15.40999984741211,15.414999961853027,15.404999732971191,15.414999961853027,15.414999961853027,612
2023-06-29 15:23:00+02:00,15.404999732971191,15.404999732971191,15.395000457763672,15.399999618530273,15.399999618530273,11384
2023-06-29 15:24:00+02:00,15.404999732971191,15.420000076293945,15.404999732971191,15.420000076293945,15.420000076293945,4639
2023-06-29 15:25:00+02:00,15.40999984741211,15.40999984741211,15.40999984741211,15.40999984741211,15.40999984741211,1242
2023-06-29 15:26:00+02:00,15.40999984741211,15.40999984741211,15.390000343322754,15.390000343322754,15.390000343322754,9865
2023-06-29 15:27:00+02:00,15.390000343322754,15.414999961853027,15.385000228881836,15.414999961853027,15.414999961853027,26231
2023-06-29 15:28:00+02:00,15.404999732971191,15.420000076293945,15.404999732971191,15.420000076293945,15.420000076293945,2921
2023-06-29 15:29:00+02:00,15.420000076293945,15.425000190734863,15.40999984741211,15.425000190734863,15.425000190734863,4285
2023-06-29 15:30:00+02:00,15.420000076293945,15.420000076293945,15.414999961853027,15.414999961853027,15.414999961853027,7300
2023-06-29 15:31:00+02:00,15.414999961853027,15.425000190734863,15.414999961853027,15.425000190734863,15.425000190734863,3019
2023-06-29 15:32:00+02:00,15.425000190734863,15.430000305175781,15.420000076293945,15.420000076293945,15.420000076293945,7555
2023-06-29 15:33:00+02:00,15.425000190734863,15.4350004196167,15.425000190734863,15.4350004196167,15.4350004196167,3572
2023-06-29 15:34:00+02:00,15.4350004196167,15.4399995803833,15.425000190734863,15.4350004196167,15.4350004196167,7393
2023-06-29 15:35:00+02:00,15.4399995803833,15.460000038146973,15.4350004196167,15.460000038146973,15.460000038146973,25043
2023-06-29 15:36:00+02:00,15.46500015258789,15.470000267028809,15.46500015258789,15.46500015258789,15.46500015258789,5045
2023-06-29 15:37:00+02:00,15.470000267028809,15.470000267028809,15.454999923706055,15.454999923706055,15.454999923706055,5131
2023-06-29 15:38:00+02:00,15.454999923706055,15.460000038146973,15.444999694824219,15.454999923706055,15.454999923706055,4048
2023-06-29 15:39:00+02:00,15.454999923706055,15.46500015258789,15.454999923706055,15.46500015258789,15.46500015258789,2269
2023-06-29 15:40:00+02:00,15.46500015258789,15.46500015258789,15.460000038146973,15.460000038146973,15.460000038146973,3590
2023-06-29 15:41:00+02:00,15.460000038146973,15.460000038146973,15.449999809265137,15.449999809265137,15.449999809265137,6992
2023-06-29 15:42:00+02:00,15.444999694824219,15.484999656677246,15.444999694824219,15.479999542236328,15.479999542236328,26993
2023-06-29 15:43:00+02:00,15.479999542236328,15.479999542236328,15.470000267028809,15.470000267028809,15.470000267028809,3226
2023-06-29 15:44:00+02:00,15.475000381469727,15.489999771118164,15.470000267028809,15.475000381469727,15.475000381469727,9626
2023-06-29 15:45:00+02:00,15.479999542236328,15.494999885559082,15.479999542236328,15.489999771118164,15.489999771118164,8308
2023-06-29 15:46:00+02:00,15.489999771118164,15.505000114440918,15.489999771118164,15.5,15.5,3399
2023-06-29 15:47:00+02:00,15.505000114440918,15.505000114440918,15.470000267028809,15.479999542236328,15.479999542236328,23720
2023-06-29 15:48:00+02:00,15.475000381469727,15.489999771118164,15.460000038146973,15.46500015258789,15.46500015258789,7692
2023-06-29 15:49:00+02:00,15.470000267028809,15.484999656677246,15.470000267028809,15.484999656677246,15.484999656677246,9397
2023-06-29 15:50:00+02:00,15.489999771118164,15.510000228881836,15.489999771118164,15.510000228881836,15.510000228881836,6789
2023-06-29 15:51:00+02:00,15.515000343322754,15.520000457763672,15.510000228881836,15.510000228881836,15.510000228881836,7962
2023-06-29 15:52:00+02:00,15.515000343322754,15.515000343322754,15.494999885559082,15.494999885559082,15.494999885559082,8520
2023-06-29 15:53:00+02:00,15.5,15.505000114440918,15.494999885559082,15.494999885559082,15.494999885559082,1509
2023-06-29 15:54:00+02:00,15.494999885559082,15.494999885559082,15.494999885559082,15.494999885559082,15.494999885559082,798
2023-06-29 15:55:00+02:00,15.494999885559082,15.5,15.494999885559082,15.5,15.5,4258
2023-06-29 15:56:00+02:00,15.505000114440918,15.515000343322754,15.505000114440918,15.510000228881836,15.510000228881836,6506
2023-06-29 15:57:00+02:00,15.520000457763672,15.545000076293945,15.520000457763672,15.53499984741211,15.53499984741211,23576
2023-06-29 15:58:00+02:00,15.529999732971191,15.529999732971191,15.524999618530273,15.524999618530273,15.524999618530273,914
2023-06-29 15:59:00+02:00,15.524999618530273,15.529999732971191,15.520000457763672,15.520000457763672,15.520000457763672,5610
2023-06-29 16:00:00+02:00,15.524999618530273,15.524999618530273,15.524999618530273,15.524999618530273,15.524999618530273,1045
2023-06-29 16:01:00+02:00,15.524999618530273,15.545000076293945,15.524999618530273,15.545000076293945,15.545000076293945,12416
2023-06-29 16:02:00+02:00,15.545000076293945,15.550000190734863,15.539999961853027,15.539999961853027,15.539999961853027,4785
2023-06-29 16:03:00+02:00,15.550000190734863,15.550000190734863,15.545000076293945,15.545000076293945,15.545000076293945,729
2023-06-29 16:04:00+02:00,15.545000076293945,15.5649995803833,15.545000076293945,15.5649995803833,15.5649995803833,13846
2023-06-29 16:05:00+02:00,15.5600004196167,15.569999694824219,15.555000305175781,15.569999694824219,15.569999694824219,6593
2023-06-29 16:06:00+02:00,15.569999694824219,15.569999694824219,15.555000305175781,15.569999694824219,15.569999694824219,12972
2023-06-29 16:07:00+02:00,15.5649995803833,15.5649995803833,15.550000190734863,15.5649995803833,15.5649995803833,7746
2023-06-29 16:08:00+02:00,15.555000305175781,15.555000305175781,15.539999961853027,15.539999961853027,15.539999961853027,11193
2023-06-29 16:09:00+02:00,15.53499984741211,15.5600004196167,15.53499984741211,15.545000076293945,15.545000076293945,6819
2023-06-29 16:10:00+02:00,15.550000190734863,15.550000190734863,15.53499984741211,15.545000076293945,15.545000076293945,2292
2023-06-29 16:11:00+02:00,15.53499984741211,15.550000190734863,15.53499984741211,15.545000076293945,15.545000076293945,3369
2023-06-29 16:12:00+02:00,15.545000076293945,15.5649995803833,15.545000076293945,15.550000190734863,15.550000190734863,9431
2023-06-29 16:13:00+02:00,15.545000076293945,15.574999809265137,15.545000076293945,15.574999809265137,15.574999809265137,18359
2023-06-29 16:14:00+02:00,15.574999809265137,15.59000015258789,15.574999809265137,15.585000038146973,15.585000038146973,6774
2023-06-29 16:15:00+02:00,15.595000267028809,15.600000381469727,15.595000267028809,15.600000381469727,15.600000381469727,4669
2023-06-29 16:16:00+02:00,15.600000381469727,15.600000381469727,15.555000305175781,15.555000305175781,15.555000305175781,7146
2023-06-29 16:17:00+02:00,15.555000305175781,15.555000305175781,15.515000343322754,15.529999732971191,15.529999732971191,20263
2023-06-29 16:18:00+02:00,15.524999618530273,15.529999732971191,15.520000457763672,15.529999732971191,15.529999732971191,9289
2023-06-29 16:19:00+02:00,15.53499984741211,15.53499984741211,15.524999618530273,15.529999732971191,15.529999732971191,2133
2023-06-29 16:20:00+02:00,15.53499984741211,15.53499984741211,15.53499984741211,15.53499984741211,15.53499984741211,227
2023-06-29 16:21:00+02:00,15.539999961853027,15.59000015258789,15.539999961853027,15.59000015258789,15.59000015258789,15684
2023-06-29 16:22:00+02:00,15.595000267028809,15.604999542236328,15.595000267028809,15.600000381469727,15.600000381469727,8614
2023-06-29 16:23:00+02:00,15.604999542236328,15.604999542236328,15.600000381469727,15.600000381469727,15.600000381469727,2297
2023-06-29 16:24:00+02:00,15.604999542236328,15.614999771118164,15.604999542236328,15.604999542236328,15.604999542236328,11014
2023-06-29 16:25:00+02:00,15.604999542236328,15.609999656677246,15.595000267028809,15.595000267028809,15.595000267028809,3345
2023-06-29 16:26:00+02:00,15.595000267028809,15.609999656677246,15.595000267028809,15.604999542236328,15.604999542236328,5911
2023-06-29 16:27:00+02:00,15.600000381469727,15.609999656677246,15.585000038146973,15.609999656677246,15.609999656677246,7954
2023-06-29 16:28:00+02:00,15.600000381469727,15.604999542236328,15.595000267028809,15.604999542236328,15.604999542236328,2347
2023-06-29 16:29:00+02:00,15.609999656677246,15.640000343322754,15.609999656677246,15.619999885559082,15.619999885559082,39995
2023-06-29 16:30:00+02:00,15.619999885559082,15.619999885559082,15.59000015258789,15.59000015258789,15.59000015258789,8555
2023-06-29 16:31:00+02:00,15.600000381469727,15.604999542236328,15.595000267028809,15.604999542236328,15.604999542236328,3083
2023-06-29 16:32:00+02:00,15.609999656677246,15.614999771118164,15.604999542236328,15.609999656677246,15.609999656677246,7958
2023-06-29 16:33:00+02:00,15.614999771118164,15.630000114440918,15.609999656677246,15.630000114440918,15.630000114440918,12487
2023-06-29 16:34:00+02:00,15.640000343322754,15.645000457763672,15.635000228881836,15.635000228881836,15.635000228881836,5996
2023-06-29 16:35:00+02:00,15.635000228881836,15.635000228881836,15.614999771118164,15.614999771118164,15.614999771118164,6948
2023-06-29 16:36:00+02:00,15.614999771118164,15.619999885559082,15.614999771118164,15.614999771118164,15.614999771118164,2786
2023-06-29 16:37:00+02:00,15.619999885559082,15.619999885559082,15.604999542236328,15.604999542236328,15.604999542236328,4425
2023-06-29 16:38:00+02:00,15.604999542236328,15.619999885559082,15.604999542236328,15.614999771118164,15.614999771118164,4390
2023-06-29 16:39:00+02:00,15.619999885559082,15.630000114440918,15.619999885559082,15.630000114440918,15.630000114440918,1413
2023-06-29 16:40:00+02:00,15.619999885559082,15.619999885559082,15.614999771118164,15.614999771118164,15.614999771118164,3351
2023-06-29 16:41:00+02:00,15.614999771118164,15.630000114440918,15.609999656677246,15.630000114440918,15.630000114440918,39656
2023-06-29 16:42:00+02:00,15.630000114440918,15.630000114440918,15.630000114440918,15.630000114440918,15.630000114440918,3632
2023-06-29 16:43:00+02:00,15.630000114440918,15.630000114440918,15.625,15.630000114440918,15.630000114440918,2697
2023-06-29 16:44:00+02:00,15.635000228881836,15.635000228881836,15.614999771118164,15.630000114440918,15.630000114440918,9287
2023-06-29 16:45:00+02:00,15.635000228881836,15.635000228881836,15.614999771118164,15.614999771118164,15.614999771118164,2210
2023-06-29 16:46:00+02:00,15.614999771118164,15.614999771118164,15.595000267028809,15.609999656677246,15.609999656677246,4094
2023-06-29 16:47:00+02:00,15.604999542236328,15.619999885559082,15.600000381469727,15.619999885559082,15.619999885559082,12737
2023-06-29 16:48:00+02:00,15.619999885559082,15.619999885559082,15.614999771118164,15.614999771118164,15.614999771118164,4066
2023-06-29 16:49:00+02:00,15.614999771118164,15.614999771118164,15.609999656677246,15.614999771118164,15.614999771118164,2416
2023-06-29 16:50:00+02:00,15.609999656677246,15.609999656677246,15.595000267028809,15.595000267028809,15.595000267028809,3937
2023-06-29 16:51:00+02:00,15.595000267028809,15.604999542236328,15.595000267028809,15.600000381469727,15.600000381469727,5798
2023-06-29 16:52:00+02:00,15.600000381469727,15.600000381469727,15.59000015258789,15.59000015258789,15.59000015258789,856
2023-06-29 16:53:00+02:00,15.585000038146973,15.59000015258789,15.585000038146973,15.585000038146973,15.585000038146973,7545
2023-06-29 16:54:00+02:00,15.579999923706055,15.585000038146973,15.574999809265137,15.579999923706055,15.579999923706055,2042
2023-06-29 16:55:00+02:00,15.585000038146973,15.595000267028809,15.585000038146973,15.595000267028809,15.595000267028809,6610
2023-06-29 16:56:00+02:00,15.595000267028809,15.595000267028809,15.59000015258789,15.59000015258789,15.59000015258789,2246
2023-06-29 16:57:00+02:00,15.595000267028809,15.595000267028809,15.59000015258789,15.59000015258789,15.59000015258789,788
2023-06-29 16:58:00+02:00,15.59000015258789,15.600000381469727,15.579999923706055,15.600000381469727,15.600000381469727,7200
2023-06-29 16:59:00+02:00,15.600000381469727,15.604999542236328,15.595000267028809,15.604999542236328,15.604999542236328,17073
2023-06-29 17:00:00+02:00,15.600000381469727,15.600000381469727,15.569999694824219,15.569999694824219,15.569999694824219,9013
2023-06-29 17:01:00+02:00,15.574999809265137,15.574999809265137,15.5600004196167,15.574999809265137,15.574999809265137,12329
2023-06-29 17:02:00+02:00,15.574999809265137,15.574999809265137,15.569999694824219,15.569999694824219,15.569999694824219,1627
2023-06-29 17:03:00+02:00,15.574999809265137,15.574999809265137,15.5600004196167,15.5649995803833,15.5649995803833,9633
2023-06-29 17:04:00+02:00,15.569999694824219,15.579999923706055,15.5649995803833,15.579999923706055,15.579999923706055,10045
2023-06-29 17:05:00+02:00,15.579999923706055,15.585000038146973,15.569999694824219,15.579999923706055,15.579999923706055,10043
2023-06-29 17:06:00+02:00,15.579999923706055,15.585000038146973,15.574999809265137,15.585000038146973,15.585000038146973,4268
2023-06-29 17:07:00+02:00,15.59000015258789,15.600000381469727,15.59000015258789,15.600000381469727,15.600000381469727,3509
2023-06-29 17:08:00+02:00,15.600000381469727,15.600000381469727,15.595000267028809,15.600000381469727,15.600000381469727,2963
2023-06-29 17:09:00+02:00,15.595000267028809,15.609999656677246,15.595000267028809,15.604999542236328,15.604999542236328,6879
2023-06-29 17:10:00+02:00,15.604999542236328,15.619999885559082,15.604999542236328,15.619999885559082,15.619999885559082,5860
2023-06-29 17:11:00+02:00,15.614999771118164,15.619999885559082,15.614999771118164,15.614999771118164,15.614999771118164,4605
2023-06-29 17:12:00+02:00,15.614999771118164,15.614999771118164,15.614999771118164,15.614999771118164,15.614999771118164,1927
2023-06-29 17:13:00+02:00,15.619999885559082,15.630000114440918,15.619999885559082,15.619999885559082,15.619999885559082,10748
2023-06-29 17:14:00+02:00,15.619999885559082,15.625,15.614999771118164,15.619999885559082,15.619999885559082,4652
2023-06-29 17:15:00+02:00,15.630000114440918,15.635000228881836,15.630000114440918,15.630000114440918,15.630000114440918,7382
2023-06-29 17:16:00+02:00,15.635000228881836,15.635000228881836,15.635000228881836,15.635000228881836,15.635000228881836,4295
2023-06-29 17:17:00+02:00,15.640000343322754,15.649999618530273,15.640000343322754,15.645000457763672,15.645000457763672,27520
2023-06-29 17:18:00+02:00,15.645000457763672,15.649999618530273,15.645000457763672,15.645000457763672,15.645000457763672,3585
2023-06-29 17:19:00+02:00,15.645000457763672,15.645000457763672,15.635000228881836,15.635000228881836,15.635000228881836,3044
2023-06-29 17:20:00+02:00,15.635000228881836,15.635000228881836,15.630000114440918,15.630000114440918,15.630000114440918,9441
2023-06-29 17:21:00+02:00,15.630000114440918,15.630000114440918,15.630000114440918,15.630000114440918,15.630000114440918,405
2023-06-29 17:22:00+02:00,15.630000114440918,15.645000457763672,15.630000114440918,15.645000457763672,15.645000457763672,16762
2023-06-29 17:23:00+02:00,15.640000343322754,15.645000457763672,15.630000114440918,15.645000457763672,15.645000457763672,29020
2023-06-29 17:24:00+02:00,15.645000457763672,15.649999618530273,15.645000457763672,15.649999618530273,15.649999618530273,10721
2023-06-29 17:25:00+02:00,15.645000457763672,15.649999618530273,15.640000343322754,15.645000457763672,15.645000457763672,11999
2023-06-29 17:26:00+02:00,15.645000457763672,15.654999732971191,15.645000457763672,15.654999732971191,15.654999732971191,11547
2023-06-29 17:27:00+02:00,15.649999618530273,15.664999961853027,15.649999618530273,15.664999961853027,15.664999961853027,18128
2023-06-29 17:28:00+02:00,15.664999961853027,15.670000076293945,15.65999984741211,15.65999984741211,15.65999984741211,25522
2023-06-29 17:29:00+02:00,15.65999984741211,15.664999961853027,15.640000343322754,15.645000457763672,15.645000457763672,37992
