Date,Open,High,Low,Close,Adj Close,Volume
2023-12-15 09:00:00+01:00,73.44000244140625,73.44000244140625,73.19999694824219,73.19999694824219,73.19999694824219,0
2023-12-15 09:01:00+01:00,73.18000030517578,73.18000030517578,73.18000030517578,73.18000030517578,73.18000030517578,1
2023-12-15 09:02:00+01:00,73.16000366210938,73.41999816894531,73.16000366210938,73.41999816894531,73.41999816894531,1027
2023-12-15 09:03:00+01:00,73.33999633789062,73.33999633789062,73.27999877929688,73.27999877929688,73.27999877929688,217
2023-12-15 09:05:00+01:00,73.19999694824219,73.19999694824219,73.19999694824219,73.19999694824219,73.19999694824219,1311
2023-12-15 09:07:00+01:00,73.18000030517578,73.18000030517578,73.18000030517578,73.18000030517578,73.18000030517578,248
2023-12-15 09:08:00+01:00,73.12000274658203,73.12000274658203,73.04000091552734,73.04000091552734,73.04000091552734,314
2023-12-15 09:09:00+01:00,73.04000091552734,73.04000091552734,73.04000091552734,73.04000091552734,73.04000091552734,68
2023-12-15 09:10:00+01:00,73.0,73.0,72.95999908447266,72.95999908447266,72.95999908447266,11
2023-12-15 09:13:00+01:00,72.95999908447266,73.0,72.95999908447266,72.95999908447266,72.95999908447266,398
2023-12-15 09:14:00+01:00,73.0199966430664,73.0199966430664,72.91999816894531,72.91999816894531,72.91999816894531,174
2023-12-15 09:15:00+01:00,73.0,73.0,72.95999908447266,72.9800033569336,72.9800033569336,178
2023-12-15 09:16:00+01:00,73.0199966430664,73.0199966430664,72.9800033569336,72.9800033569336,72.9800033569336,965
2023-12-15 09:17:00+01:00,73.0,73.05999755859375,73.0,73.0,73.0,1170
2023-12-15 09:19:00+01:00,73.04000091552734,73.05999755859375,73.0,73.04000091552734,73.04000091552734,161
2023-12-15 09:20:00+01:00,73.08000183105469,73.0999984741211,73.05999755859375,73.05999755859375,73.05999755859375,815
2023-12-15 09:21:00+01:00,73.0,73.0,72.94000244140625,72.94000244140625,72.94000244140625,153
2023-12-15 09:22:00+01:00,72.9800033569336,72.9800033569336,72.94000244140625,72.94000244140625,72.94000244140625,37
2023-12-15 09:23:00+01:00,72.94000244140625,73.0,72.91999816894531,72.94000244140625,72.94000244140625,303
2023-12-15 09:24:00+01:00,72.94000244140625,72.94000244140625,72.9000015258789,72.91999816894531,72.91999816894531,499
2023-12-15 09:25:00+01:00,72.87999725341797,72.95999908447266,72.87999725341797,72.91999816894531,72.91999816894531,896
2023-12-15 09:26:00+01:00,72.94000244140625,72.95999908447266,72.80000305175781,72.80000305175781,72.80000305175781,1779
2023-12-15 09:28:00+01:00,72.80000305175781,72.80000305175781,72.80000305175781,72.80000305175781,72.80000305175781,170
2023-12-15 09:30:00+01:00,72.80000305175781,72.83999633789062,72.77999877929688,72.80000305175781,72.80000305175781,799
2023-12-15 09:31:00+01:00,72.76000213623047,72.80000305175781,72.76000213623047,72.76000213623047,72.76000213623047,337
2023-12-15 09:32:00+01:00,72.72000122070312,72.72000122070312,72.72000122070312,72.72000122070312,72.72000122070312,4
2023-12-15 09:33:00+01:00,72.80000305175781,72.80000305175781,72.66000366210938,72.66000366210938,72.66000366210938,1000
2023-12-15 09:34:00+01:00,72.63999938964844,72.68000030517578,72.5999984741211,72.5999984741211,72.5999984741211,850
2023-12-15 09:35:00+01:00,72.55999755859375,72.55999755859375,72.55999755859375,72.55999755859375,72.55999755859375,28
2023-12-15 09:36:00+01:00,72.5999984741211,72.5999984741211,72.5999984741211,72.5999984741211,72.5999984741211,100
2023-12-15 09:37:00+01:00,72.55999755859375,72.55999755859375,72.5199966430664,72.5199966430664,72.5199966430664,215
2023-12-15 09:38:00+01:00,72.54000091552734,72.54000091552734,72.5199966430664,72.5199966430664,72.5199966430664,580
2023-12-15 09:39:00+01:00,72.55999755859375,72.55999755859375,72.54000091552734,72.55999755859375,72.55999755859375,384
2023-12-15 09:40:00+01:00,72.58000183105469,72.58000183105469,72.58000183105469,72.58000183105469,72.58000183105469,24
2023-12-15 09:42:00+01:00,72.58000183105469,72.58000183105469,72.54000091552734,72.55999755859375,72.55999755859375,781
2023-12-15 09:43:00+01:00,72.58000183105469,72.5999984741211,72.58000183105469,72.5999984741211,72.5999984741211,55
2023-12-15 09:45:00+01:00,72.54000091552734,72.54000091552734,72.54000091552734,72.54000091552734,72.54000091552734,90
2023-12-15 09:46:00+01:00,72.54000091552734,72.54000091552734,72.54000091552734,72.54000091552734,72.54000091552734,74
2023-12-15 09:49:00+01:00,72.5199966430664,72.55999755859375,72.5199966430664,72.55999755859375,72.55999755859375,395
2023-12-15 09:50:00+01:00,72.54000091552734,72.54000091552734,72.54000091552734,72.54000091552734,72.54000091552734,80
2023-12-15 09:51:00+01:00,72.55999755859375,72.55999755859375,72.44000244140625,72.44000244140625,72.44000244140625,1552
2023-12-15 09:52:00+01:00,72.44000244140625,72.44000244140625,72.36000061035156,72.36000061035156,72.36000061035156,1627
2023-12-15 09:53:00+01:00,72.36000061035156,72.36000061035156,72.22000122070312,72.22000122070312,72.22000122070312,1703
2023-12-15 09:54:00+01:00,72.22000122070312,72.23999786376953,72.22000122070312,72.22000122070312,72.22000122070312,549
2023-12-15 09:55:00+01:00,72.23999786376953,72.23999786376953,72.18000030517578,72.22000122070312,72.22000122070312,1343
2023-12-15 09:56:00+01:00,72.19999694824219,72.19999694824219,72.19999694824219,72.19999694824219,72.19999694824219,3
2023-12-15 09:57:00+01:00,72.23999786376953,72.23999786376953,72.19999694824219,72.19999694824219,72.19999694824219,719
2023-12-15 09:58:00+01:00,72.22000122070312,72.26000213623047,72.22000122070312,72.23999786376953,72.23999786376953,441
2023-12-15 09:59:00+01:00,72.23999786376953,72.31999969482422,72.22000122070312,72.31999969482422,72.31999969482422,1124
2023-12-15 10:00:00+01:00,72.30000305175781,72.30000305175781,72.30000305175781,72.30000305175781,72.30000305175781,233
2023-12-15 10:02:00+01:00,72.26000213623047,72.30000305175781,72.22000122070312,72.30000305175781,72.30000305175781,817
2023-12-15 10:03:00+01:00,72.26000213623047,72.26000213623047,72.26000213623047,72.26000213623047,72.26000213623047,148
2023-12-15 10:05:00+01:00,72.22000122070312,72.26000213623047,72.22000122070312,72.23999786376953,72.23999786376953,556
2023-12-15 10:06:00+01:00,72.23999786376953,72.23999786376953,72.23999786376953,72.23999786376953,72.23999786376953,156
2023-12-15 10:07:00+01:00,72.23999786376953,72.26000213623047,72.23999786376953,72.26000213623047,72.26000213623047,219
2023-12-15 10:08:00+01:00,72.23999786376953,72.23999786376953,72.23999786376953,72.23999786376953,72.23999786376953,72
2023-12-15 10:10:00+01:00,72.26000213623047,72.26000213623047,72.26000213623047,72.26000213623047,72.26000213623047,75
2023-12-15 10:11:00+01:00,72.22000122070312,72.22000122070312,72.22000122070312,72.22000122070312,72.22000122070312,233
2023-12-15 10:12:00+01:00,72.19999694824219,72.19999694824219,72.18000030517578,72.18000030517578,72.18000030517578,458
2023-12-15 10:13:00+01:00,72.19999694824219,72.22000122070312,72.18000030517578,72.19999694824219,72.19999694824219,446
2023-12-15 10:14:00+01:00,72.18000030517578,72.18000030517578,72.18000030517578,72.18000030517578,72.18000030517578,55
2023-12-15 10:15:00+01:00,72.19999694824219,72.19999694824219,72.12000274658203,72.12000274658203,72.12000274658203,1144
2023-12-15 10:16:00+01:00,72.18000030517578,72.18000030517578,72.13999938964844,72.18000030517578,72.18000030517578,124
2023-12-15 10:17:00+01:00,72.16000366210938,72.18000030517578,72.16000366210938,72.18000030517578,72.18000030517578,37
2023-12-15 10:18:00+01:00,72.16000366210938,72.16000366210938,72.13999938964844,72.13999938964844,72.13999938964844,202
2023-12-15 10:19:00+01:00,72.12000274658203,72.12000274658203,72.12000274658203,72.12000274658203,72.12000274658203,5
2023-12-15 10:20:00+01:00,72.18000030517578,72.18000030517578,72.16000366210938,72.16000366210938,72.16000366210938,39
2023-12-15 10:21:00+01:00,72.16000366210938,72.16000366210938,72.13999938964844,72.13999938964844,72.13999938964844,311
2023-12-15 10:22:00+01:00,72.16000366210938,72.18000030517578,72.13999938964844,72.13999938964844,72.13999938964844,201
2023-12-15 10:25:00+01:00,72.16000366210938,72.16000366210938,72.0999984741211,72.0999984741211,72.0999984741211,757
2023-12-15 10:26:00+01:00,72.0999984741211,72.0999984741211,72.08000183105469,72.0999984741211,72.0999984741211,469
2023-12-15 10:27:00+01:00,72.08000183105469,72.12000274658203,72.08000183105469,72.0999984741211,72.0999984741211,805
2023-12-15 10:28:00+01:00,72.12000274658203,72.16000366210938,72.0999984741211,72.16000366210938,72.16000366210938,335
2023-12-15 10:29:00+01:00,72.18000030517578,72.18000030517578,72.18000030517578,72.18000030517578,72.18000030517578,3
2023-12-15 10:30:00+01:00,72.13999938964844,72.13999938964844,72.13999938964844,72.13999938964844,72.13999938964844,450
2023-12-15 10:31:00+01:00,72.12000274658203,72.12000274658203,72.0999984741211,72.0999984741211,72.0999984741211,184
2023-12-15 10:32:00+01:00,72.0999984741211,72.0999984741211,72.0999984741211,72.0999984741211,72.0999984741211,1
2023-12-15 10:33:00+01:00,72.13999938964844,72.16000366210938,72.12000274658203,72.16000366210938,72.16000366210938,570
2023-12-15 10:34:00+01:00,72.13999938964844,72.13999938964844,72.12000274658203,72.12000274658203,72.12000274658203,336
2023-12-15 10:35:00+01:00,72.16000366210938,72.22000122070312,72.16000366210938,72.19999694824219,72.19999694824219,1089
2023-12-15 10:36:00+01:00,72.18000030517578,72.19999694824219,72.18000030517578,72.18000030517578,72.18000030517578,431
2023-12-15 10:37:00+01:00,72.22000122070312,72.23999786376953,72.19999694824219,72.19999694824219,72.19999694824219,704
2023-12-15 10:39:00+01:00,72.27999877929688,72.33999633789062,72.27999877929688,72.33999633789062,72.33999633789062,440
2023-12-15 10:40:00+01:00,72.33999633789062,72.36000061035156,72.31999969482422,72.33999633789062,72.33999633789062,880
2023-12-15 10:41:00+01:00,72.36000061035156,72.37999725341797,72.33999633789062,72.36000061035156,72.36000061035156,533
2023-12-15 10:42:00+01:00,72.33999633789062,72.33999633789062,72.33999633789062,72.33999633789062,72.33999633789062,6
2023-12-15 10:43:00+01:00,72.37999725341797,72.44000244140625,72.37999725341797,72.44000244140625,72.44000244140625,782
2023-12-15 10:44:00+01:00,72.45999908447266,72.45999908447266,72.41999816894531,72.41999816894531,72.41999816894531,223
2023-12-15 10:45:00+01:00,72.41999816894531,72.41999816894531,72.4000015258789,72.4000015258789,72.4000015258789,480
2023-12-15 10:46:00+01:00,72.37999725341797,72.37999725341797,72.36000061035156,72.36000061035156,72.36000061035156,227
2023-12-15 10:48:00+01:00,72.41999816894531,72.41999816894531,72.37999725341797,72.37999725341797,72.37999725341797,297
2023-12-15 10:49:00+01:00,72.4000015258789,72.4000015258789,72.4000015258789,72.4000015258789,72.4000015258789,103
2023-12-15 10:51:00+01:00,72.44000244140625,72.44000244140625,72.41999816894531,72.44000244140625,72.44000244140625,213
2023-12-15 10:52:00+01:00,72.5,72.54000091552734,72.5,72.5,72.5,316
2023-12-15 10:53:00+01:00,72.5199966430664,72.5199966430664,72.5,72.5,72.5,522
2023-12-15 10:54:00+01:00,72.54000091552734,72.58000183105469,72.54000091552734,72.55999755859375,72.55999755859375,305
2023-12-15 10:59:00+01:00,72.62000274658203,72.62000274658203,72.62000274658203,72.62000274658203,72.62000274658203,8
2023-12-15 11:00:00+01:00,72.62000274658203,72.62000274658203,72.54000091552734,72.54000091552734,72.54000091552734,1005
2023-12-15 11:01:00+01:00,72.5199966430664,72.54000091552734,72.5,72.54000091552734,72.54000091552734,1493
2023-12-15 11:02:00+01:00,72.58000183105469,72.58000183105469,72.54000091552734,72.54000091552734,72.54000091552734,866
2023-12-15 11:03:00+01:00,72.5,72.5,72.4800033569336,72.4800033569336,72.4800033569336,4195
2023-12-15 11:04:00+01:00,72.45999908447266,72.45999908447266,72.45999908447266,72.45999908447266,72.45999908447266,106
2023-12-15 11:05:00+01:00,72.45999908447266,72.5,72.45999908447266,72.45999908447266,72.45999908447266,103
2023-12-15 11:06:00+01:00,72.4800033569336,72.4800033569336,72.41999816894531,72.45999908447266,72.45999908447266,1026
2023-12-15 11:07:00+01:00,72.4800033569336,72.4800033569336,72.45999908447266,72.45999908447266,72.45999908447266,296
2023-12-15 11:08:00+01:00,72.44000244140625,72.44000244140625,72.4000015258789,72.41999816894531,72.41999816894531,247
2023-12-15 11:10:00+01:00,72.45999908447266,72.45999908447266,72.44000244140625,72.44000244140625,72.44000244140625,38
2023-12-15 11:12:00+01:00,72.45999908447266,72.45999908447266,72.41999816894531,72.44000244140625,72.44000244140625,705
2023-12-15 11:13:00+01:00,72.41999816894531,72.45999908447266,72.37999725341797,72.37999725341797,72.37999725341797,1097
2023-12-15 11:14:00+01:00,72.44000244140625,72.44000244140625,72.4000015258789,72.41999816894531,72.41999816894531,191
2023-12-15 11:15:00+01:00,72.44000244140625,72.44000244140625,72.41999816894531,72.41999816894531,72.41999816894531,151
2023-12-15 11:16:00+01:00,72.45999908447266,72.5,72.44000244140625,72.5,72.5,450
2023-12-15 11:17:00+01:00,72.5,72.5,72.5,72.5,72.5,4
2023-12-15 11:19:00+01:00,72.5,72.55999755859375,72.4800033569336,72.5199966430664,72.5199966430664,452
2023-12-15 11:20:00+01:00,72.5199966430664,72.5199966430664,72.5,72.5,72.5,143
2023-12-15 11:21:00+01:00,72.5199966430664,72.55999755859375,72.4800033569336,72.54000091552734,72.54000091552734,405
2023-12-15 11:27:00+01:00,72.58000183105469,72.58000183105469,72.54000091552734,72.54000091552734,72.54000091552734,103
2023-12-15 11:28:00+01:00,72.55999755859375,72.62000274658203,72.55999755859375,72.62000274658203,72.62000274658203,3573
2023-12-15 11:29:00+01:00,72.62000274658203,72.68000030517578,72.62000274658203,72.66000366210938,72.66000366210938,328
2023-12-15 11:30:00+01:00,72.63999938964844,72.63999938964844,72.5999984741211,72.5999984741211,72.5999984741211,475
2023-12-15 11:31:00+01:00,72.5999984741211,72.5999984741211,72.55999755859375,72.55999755859375,72.55999755859375,593
2023-12-15 11:34:00+01:00,72.55999755859375,72.55999755859375,72.55999755859375,72.55999755859375,72.55999755859375,18
2023-12-15 11:36:00+01:00,72.54000091552734,72.54000091552734,72.5,72.5,72.5,298
2023-12-15 11:40:00+01:00,72.54000091552734,72.54000091552734,72.4800033569336,72.4800033569336,72.4800033569336,4287
2023-12-15 11:41:00+01:00,72.44000244140625,72.45999908447266,72.44000244140625,72.44000244140625,72.44000244140625,356
2023-12-15 11:42:00+01:00,72.45999908447266,72.45999908447266,72.44000244140625,72.44000244140625,72.44000244140625,37
2023-12-15 11:45:00+01:00,72.41999816894531,72.45999908447266,72.41999816894531,72.45999908447266,72.45999908447266,887
2023-12-15 11:47:00+01:00,72.45999908447266,72.45999908447266,72.45999908447266,72.45999908447266,72.45999908447266,147
2023-12-15 11:49:00+01:00,72.44000244140625,72.44000244140625,72.4000015258789,72.44000244140625,72.44000244140625,170
2023-12-15 11:50:00+01:00,72.4000015258789,72.44000244140625,72.37999725341797,72.41999816894531,72.41999816894531,1069
2023-12-15 11:51:00+01:00,72.41999816894531,72.41999816894531,72.37999725341797,72.41999816894531,72.41999816894531,1653
2023-12-15 11:52:00+01:00,72.41999816894531,72.41999816894531,72.36000061035156,72.4000015258789,72.4000015258789,1310
2023-12-15 11:53:00+01:00,72.4000015258789,72.41999816894531,72.36000061035156,72.41999816894531,72.41999816894531,1180
2023-12-15 11:54:00+01:00,72.41999816894531,72.45999908447266,72.4000015258789,72.44000244140625,72.44000244140625,734
2023-12-15 11:55:00+01:00,72.4000015258789,72.44000244140625,72.4000015258789,72.44000244140625,72.44000244140625,1391
2023-12-15 11:56:00+01:00,72.41999816894531,72.45999908447266,72.36000061035156,72.4000015258789,72.4000015258789,1058
2023-12-15 11:57:00+01:00,72.37999725341797,72.4000015258789,72.36000061035156,72.4000015258789,72.4000015258789,1654
2023-12-15 11:58:00+01:00,72.41999816894531,72.41999816894531,72.31999969482422,72.36000061035156,72.36000061035156,1609
2023-12-15 11:59:00+01:00,72.31999969482422,72.36000061035156,72.30000305175781,72.33999633789062,72.33999633789062,1927
2023-12-15 12:00:00+01:00,72.31999969482422,72.31999969482422,72.30000305175781,72.30000305175781,72.30000305175781,1180
2023-12-15 12:02:00+01:00,72.4000015258789,72.4000015258789,72.4000015258789,72.4000015258789,72.4000015258789,133
2023-12-15 12:07:00+01:00,72.4000015258789,72.4000015258789,72.36000061035156,72.36000061035156,72.36000061035156,1022
2023-12-15 12:08:00+01:00,72.37999725341797,72.4000015258789,72.37999725341797,72.4000015258789,72.4000015258789,511
2023-12-15 12:10:00+01:00,72.37999725341797,72.37999725341797,72.36000061035156,72.36000061035156,72.36000061035156,508
2023-12-15 12:11:00+01:00,72.36000061035156,72.36000061035156,72.31999969482422,72.31999969482422,72.31999969482422,251
2023-12-15 12:15:00+01:00,72.31999969482422,72.31999969482422,72.31999969482422,72.31999969482422,72.31999969482422,199
2023-12-15 12:16:00+01:00,72.30000305175781,72.30000305175781,72.30000305175781,72.30000305175781,72.30000305175781,5
2023-12-15 12:17:00+01:00,72.30000305175781,72.30000305175781,72.26000213623047,72.26000213623047,72.26000213623047,223
2023-12-15 12:19:00+01:00,72.23999786376953,72.23999786376953,72.23999786376953,72.23999786376953,72.23999786376953,1
2023-12-15 12:21:00+01:00,72.26000213623047,72.26000213623047,72.26000213623047,72.26000213623047,72.26000213623047,77
2023-12-15 12:22:00+01:00,72.27999877929688,72.30000305175781,72.27999877929688,72.27999877929688,72.27999877929688,76
2023-12-15 12:23:00+01:00,72.27999877929688,72.27999877929688,72.26000213623047,72.26000213623047,72.26000213623047,123
2023-12-15 12:26:00+01:00,72.30000305175781,72.30000305175781,72.30000305175781,72.30000305175781,72.30000305175781,82
2023-12-15 12:30:00+01:00,72.23999786376953,72.23999786376953,72.23999786376953,72.23999786376953,72.23999786376953,45
2023-12-15 12:31:00+01:00,72.26000213623047,72.30000305175781,72.26000213623047,72.30000305175781,72.30000305175781,684
2023-12-15 12:32:00+01:00,72.31999969482422,72.33999633789062,72.30000305175781,72.33999633789062,72.33999633789062,292
2023-12-15 12:33:00+01:00,72.36000061035156,72.36000061035156,72.36000061035156,72.36000061035156,72.36000061035156,218
2023-12-15 12:38:00+01:00,72.36000061035156,72.36000061035156,72.31999969482422,72.31999969482422,72.31999969482422,1152
2023-12-15 12:39:00+01:00,72.33999633789062,72.33999633789062,72.33999633789062,72.33999633789062,72.33999633789062,37
2023-12-15 12:41:00+01:00,72.33999633789062,72.33999633789062,72.33999633789062,72.33999633789062,72.33999633789062,140
2023-12-15 12:43:00+01:00,72.36000061035156,72.36000061035156,72.33999633789062,72.36000061035156,72.36000061035156,212
2023-12-15 12:44:00+01:00,72.33999633789062,72.36000061035156,72.33999633789062,72.36000061035156,72.36000061035156,551
2023-12-15 12:45:00+01:00,72.41999816894531,72.41999816894531,72.41999816894531,72.41999816894531,72.41999816894531,37
2023-12-15 12:46:00+01:00,72.44000244140625,72.44000244140625,72.44000244140625,72.44000244140625,72.44000244140625,30
2023-12-15 12:47:00+01:00,72.4000015258789,72.4000015258789,72.4000015258789,72.4000015258789,72.4000015258789,1
2023-12-15 12:50:00+01:00,72.4000015258789,72.41999816894531,72.4000015258789,72.4000015258789,72.4000015258789,777
2023-12-15 12:51:00+01:00,72.4000015258789,72.41999816894531,72.4000015258789,72.4000015258789,72.4000015258789,248
2023-12-15 12:52:00+01:00,72.41999816894531,72.41999816894531,72.41999816894531,72.41999816894531,72.41999816894531,1
2023-12-15 12:55:00+01:00,72.4000015258789,72.4000015258789,72.37999725341797,72.4000015258789,72.4000015258789,459
2023-12-15 13:00:00+01:00,72.4000015258789,72.4000015258789,72.4000015258789,72.4000015258789,72.4000015258789,788
2023-12-15 13:05:00+01:00,72.31999969482422,72.44000244140625,72.31999969482422,72.36000061035156,72.36000061035156,148507
2023-12-15 13:06:00+01:00,72.36000061035156,72.36000061035156,72.33999633789062,72.33999633789062,72.33999633789062,223
2023-12-15 13:07:00+01:00,72.31999969482422,72.36000061035156,72.31999969482422,72.36000061035156,72.36000061035156,1481
2023-12-15 13:08:00+01:00,72.31999969482422,72.36000061035156,72.31999969482422,72.33999633789062,72.33999633789062,2490
2023-12-15 13:09:00+01:00,72.36000061035156,72.36000061035156,72.33999633789062,72.33999633789062,72.33999633789062,461
2023-12-15 13:10:00+01:00,72.33999633789062,72.41999816894531,72.33999633789062,72.4000015258789,72.4000015258789,1766
2023-12-15 13:11:00+01:00,72.37999725341797,72.37999725341797,72.36000061035156,72.37999725341797,72.37999725341797,879
2023-12-15 13:12:00+01:00,72.36000061035156,72.37999725341797,72.36000061035156,72.37999725341797,72.37999725341797,270
2023-12-15 13:13:00+01:00,72.37999725341797,72.37999725341797,72.37999725341797,72.37999725341797,72.37999725341797,45
2023-12-15 13:15:00+01:00,72.37999725341797,72.37999725341797,72.37999725341797,72.37999725341797,72.37999725341797,13
2023-12-15 13:16:00+01:00,72.37999725341797,72.37999725341797,72.36000061035156,72.37999725341797,72.37999725341797,175
2023-12-15 13:17:00+01:00,72.37999725341797,72.37999725341797,72.37999725341797,72.37999725341797,72.37999725341797,56
2023-12-15 13:18:00+01:00,72.37999725341797,72.4000015258789,72.36000061035156,72.37999725341797,72.37999725341797,623
2023-12-15 13:19:00+01:00,72.37999725341797,72.37999725341797,72.37999725341797,72.37999725341797,72.37999725341797,60
2023-12-15 13:21:00+01:00,72.37999725341797,72.4000015258789,72.37999725341797,72.4000015258789,72.4000015258789,297
2023-12-15 13:22:00+01:00,72.4000015258789,72.4000015258789,72.37999725341797,72.37999725341797,72.37999725341797,765
2023-12-15 13:23:00+01:00,72.4000015258789,72.4000015258789,72.4000015258789,72.4000015258789,72.4000015258789,36
2023-12-15 13:24:00+01:00,72.37999725341797,72.37999725341797,72.37999725341797,72.37999725341797,72.37999725341797,371
2023-12-15 13:26:00+01:00,72.36000061035156,72.36000061035156,72.36000061035156,72.36000061035156,72.36000061035156,191
2023-12-15 13:29:00+01:00,72.33999633789062,72.33999633789062,72.33999633789062,72.33999633789062,72.33999633789062,316
2023-12-15 13:30:00+01:00,72.33999633789062,72.33999633789062,72.33999633789062,72.33999633789062,72.33999633789062,311
2023-12-15 13:31:00+01:00,72.33999633789062,72.33999633789062,72.30000305175781,72.30000305175781,72.30000305175781,213
2023-12-15 13:32:00+01:00,72.30000305175781,72.30000305175781,72.27999877929688,72.27999877929688,72.27999877929688,229
2023-12-15 13:33:00+01:00,72.27999877929688,72.27999877929688,72.27999877929688,72.27999877929688,72.27999877929688,24
2023-12-15 13:34:00+01:00,72.27999877929688,72.27999877929688,72.27999877929688,72.27999877929688,72.27999877929688,130
2023-12-15 13:35:00+01:00,72.27999877929688,72.27999877929688,72.27999877929688,72.27999877929688,72.27999877929688,101
2023-12-15 13:37:00+01:00,72.26000213623047,72.27999877929688,72.26000213623047,72.26000213623047,72.26000213623047,279
2023-12-15 13:38:00+01:00,72.23999786376953,72.23999786376953,72.23999786376953,72.23999786376953,72.23999786376953,133
2023-12-15 13:40:00+01:00,72.23999786376953,72.23999786376953,72.23999786376953,72.23999786376953,72.23999786376953,75
2023-12-15 13:41:00+01:00,72.22000122070312,72.22000122070312,72.18000030517578,72.18000030517578,72.18000030517578,202
2023-12-15 13:42:00+01:00,72.18000030517578,72.18000030517578,72.18000030517578,72.18000030517578,72.18000030517578,2
2023-12-15 13:44:00+01:00,72.18000030517578,72.19999694824219,72.18000030517578,72.19999694824219,72.19999694824219,248
2023-12-15 13:47:00+01:00,72.19999694824219,72.19999694824219,72.19999694824219,72.19999694824219,72.19999694824219,17
2023-12-15 13:50:00+01:00,72.16000366210938,72.19999694824219,72.16000366210938,72.19999694824219,72.19999694824219,319
2023-12-15 13:51:00+01:00,72.22000122070312,72.22000122070312,72.22000122070312,72.22000122070312,72.22000122070312,6
2023-12-15 13:52:00+01:00,72.19999694824219,72.19999694824219,72.19999694824219,72.19999694824219,72.19999694824219,82
2023-12-15 13:54:00+01:00,72.19999694824219,72.19999694824219,72.19999694824219,72.19999694824219,72.19999694824219,481
2023-12-15 13:55:00+01:00,72.22000122070312,72.22000122070312,72.22000122070312,72.22000122070312,72.22000122070312,40
2023-12-15 13:57:00+01:00,72.22000122070312,72.23999786376953,72.22000122070312,72.23999786376953,72.23999786376953,210
2023-12-15 13:59:00+01:00,72.19999694824219,72.19999694824219,72.19999694824219,72.19999694824219,72.19999694824219,26
2023-12-15 14:00:00+01:00,72.22000122070312,72.23999786376953,72.22000122070312,72.23999786376953,72.23999786376953,1000
2023-12-15 14:02:00+01:00,72.18000030517578,72.18000030517578,72.13999938964844,72.13999938964844,72.13999938964844,51
2023-12-15 14:03:00+01:00,72.13999938964844,72.13999938964844,72.0999984741211,72.0999984741211,72.0999984741211,189
2023-12-15 14:04:00+01:00,72.12000274658203,72.12000274658203,72.08000183105469,72.08000183105469,72.08000183105469,369
2023-12-15 14:05:00+01:00,72.05999755859375,72.0999984741211,72.05999755859375,72.0999984741211,72.0999984741211,624
2023-12-15 14:06:00+01:00,72.0999984741211,72.0999984741211,72.0999984741211,72.0999984741211,72.0999984741211,78
2023-12-15 14:07:00+01:00,72.08000183105469,72.08000183105469,72.08000183105469,72.08000183105469,72.08000183105469,29
2023-12-15 14:08:00+01:00,72.0999984741211,72.0999984741211,72.08000183105469,72.08000183105469,72.08000183105469,353
2023-12-15 14:18:00+01:00,72.04000091552734,72.04000091552734,72.04000091552734,72.04000091552734,72.04000091552734,47
2023-12-15 14:19:00+01:00,72.04000091552734,72.04000091552734,72.0,72.04000091552734,72.04000091552734,1773
2023-12-15 14:21:00+01:00,72.08000183105469,72.08000183105469,72.05999755859375,72.05999755859375,72.05999755859375,415
2023-12-15 14:22:00+01:00,72.08000183105469,72.08000183105469,72.08000183105469,72.08000183105469,72.08000183105469,219
2023-12-15 14:25:00+01:00,72.08000183105469,72.08000183105469,72.08000183105469,72.08000183105469,72.08000183105469,193
2023-12-15 14:26:00+01:00,72.0999984741211,72.12000274658203,72.0999984741211,72.12000274658203,72.12000274658203,242
2023-12-15 14:28:00+01:00,72.12000274658203,72.12000274658203,72.12000274658203,72.12000274658203,72.12000274658203,15
2023-12-15 14:29:00+01:00,72.0999984741211,72.0999984741211,72.0999984741211,72.0999984741211,72.0999984741211,23
2023-12-15 14:30:00+01:00,72.12000274658203,72.12000274658203,72.0999984741211,72.0999984741211,72.0999984741211,320
2023-12-15 14:31:00+01:00,72.12000274658203,72.12000274658203,72.0999984741211,72.0999984741211,72.0999984741211,335
2023-12-15 14:32:00+01:00,72.0999984741211,72.0999984741211,72.0999984741211,72.0999984741211,72.0999984741211,19
2023-12-15 14:37:00+01:00,72.0999984741211,72.0999984741211,72.0999984741211,72.0999984741211,72.0999984741211,200
2023-12-15 14:38:00+01:00,72.0999984741211,72.0999984741211,72.08000183105469,72.08000183105469,72.08000183105469,319
2023-12-15 14:42:00+01:00,72.12000274658203,72.12000274658203,72.12000274658203,72.12000274658203,72.12000274658203,81
2023-12-15 14:46:00+01:00,72.13999938964844,72.16000366210938,72.13999938964844,72.13999938964844,72.13999938964844,641
2023-12-15 14:47:00+01:00,72.13999938964844,72.13999938964844,72.13999938964844,72.13999938964844,72.13999938964844,2
2023-12-15 14:48:00+01:00,72.13999938964844,72.13999938964844,72.13999938964844,72.13999938964844,72.13999938964844,140
2023-12-15 14:49:00+01:00,72.13999938964844,72.13999938964844,72.13999938964844,72.13999938964844,72.13999938964844,33
2023-12-15 14:50:00+01:00,72.12000274658203,72.13999938964844,72.12000274658203,72.13999938964844,72.13999938964844,257
2023-12-15 14:53:00+01:00,72.13999938964844,72.13999938964844,72.13999938964844,72.13999938964844,72.13999938964844,10
2023-12-15 15:04:00+01:00,72.08000183105469,72.08000183105469,72.05999755859375,72.05999755859375,72.05999755859375,49
2023-12-15 15:05:00+01:00,72.05999755859375,72.05999755859375,72.05999755859375,72.05999755859375,72.05999755859375,75
2023-12-15 15:06:00+01:00,72.08000183105469,72.08000183105469,72.05999755859375,72.08000183105469,72.08000183105469,116
2023-12-15 15:07:00+01:00,72.16000366210938,72.16000366210938,72.16000366210938,72.16000366210938,72.16000366210938,114
2023-12-15 15:08:00+01:00,72.16000366210938,72.16000366210938,72.13999938964844,72.13999938964844,72.13999938964844,731
2023-12-15 15:09:00+01:00,72.16000366210938,72.18000030517578,72.16000366210938,72.18000030517578,72.18000030517578,148
2023-12-15 15:10:00+01:00,72.18000030517578,72.18000030517578,72.16000366210938,72.16000366210938,72.16000366210938,138
2023-12-15 15:11:00+01:00,72.13999938964844,72.13999938964844,72.13999938964844,72.13999938964844,72.13999938964844,118
2023-12-15 15:12:00+01:00,72.16000366210938,72.16000366210938,72.13999938964844,72.13999938964844,72.13999938964844,147
2023-12-15 15:13:00+01:00,72.16000366210938,72.16000366210938,72.16000366210938,72.16000366210938,72.16000366210938,172
2023-12-15 15:14:00+01:00,72.16000366210938,72.16000366210938,72.13999938964844,72.13999938964844,72.13999938964844,36
2023-12-15 15:16:00+01:00,72.22000122070312,72.23999786376953,72.22000122070312,72.23999786376953,72.23999786376953,95
2023-12-15 15:17:00+01:00,72.23999786376953,72.23999786376953,72.23999786376953,72.23999786376953,72.23999786376953,147
2023-12-15 15:20:00+01:00,72.23999786376953,72.23999786376953,72.23999786376953,72.23999786376953,72.23999786376953,123
2023-12-15 15:22:00+01:00,72.22000122070312,72.22000122070312,72.22000122070312,72.22000122070312,72.22000122070312,23
2023-12-15 15:23:00+01:00,72.23999786376953,72.23999786376953,72.23999786376953,72.23999786376953,72.23999786376953,80
2023-12-15 15:24:00+01:00,72.26000213623047,72.27999877929688,72.26000213623047,72.26000213623047,72.26000213623047,999
2023-12-15 15:27:00+01:00,72.30000305175781,72.31999969482422,72.30000305175781,72.31999969482422,72.31999969482422,374
2023-12-15 15:28:00+01:00,72.33999633789062,72.4000015258789,72.33999633789062,72.36000061035156,72.36000061035156,4765
2023-12-15 15:30:00+01:00,72.37999725341797,72.37999725341797,72.36000061035156,72.36000061035156,72.36000061035156,848
2023-12-15 15:33:00+01:00,72.37999725341797,72.41999816894531,72.37999725341797,72.41999816894531,72.41999816894531,628
2023-12-15 15:34:00+01:00,72.41999816894531,72.41999816894531,72.33999633789062,72.33999633789062,72.33999633789062,868
2023-12-15 15:35:00+01:00,72.31999969482422,72.33999633789062,72.31999969482422,72.31999969482422,72.31999969482422,605
2023-12-15 15:36:00+01:00,72.30000305175781,72.31999969482422,72.30000305175781,72.31999969482422,72.31999969482422,423
2023-12-15 15:37:00+01:00,72.31999969482422,72.31999969482422,72.30000305175781,72.31999969482422,72.31999969482422,2148
2023-12-15 15:38:00+01:00,72.36000061035156,72.36000061035156,72.33999633789062,72.33999633789062,72.33999633789062,7
2023-12-15 15:39:00+01:00,72.33999633789062,72.33999633789062,72.31999969482422,72.31999969482422,72.31999969482422,481
2023-12-15 15:40:00+01:00,72.30000305175781,72.33999633789062,72.30000305175781,72.33999633789062,72.33999633789062,130
2023-12-15 15:41:00+01:00,72.33999633789062,72.33999633789062,72.33999633789062,72.33999633789062,72.33999633789062,545
2023-12-15 15:42:00+01:00,72.31999969482422,72.31999969482422,72.31999969482422,72.31999969482422,72.31999969482422,44
2023-12-15 15:45:00+01:00,72.31999969482422,72.33999633789062,72.31999969482422,72.33999633789062,72.33999633789062,112
2023-12-15 15:46:00+01:00,72.36000061035156,72.36000061035156,72.33999633789062,72.33999633789062,72.33999633789062,34
2023-12-15 15:47:00+01:00,72.4000015258789,72.4000015258789,72.4000015258789,72.4000015258789,72.4000015258789,125
2023-12-15 15:48:00+01:00,72.4000015258789,72.4000015258789,72.4000015258789,72.4000015258789,72.4000015258789,1
2023-12-15 15:53:00+01:00,72.5,72.5,72.5,72.5,72.5,78
2023-12-15 15:55:00+01:00,72.5,72.5,72.4800033569336,72.4800033569336,72.4800033569336,711
2023-12-15 15:56:00+01:00,72.5,72.5,72.5,72.5,72.5,2
2023-12-15 15:57:00+01:00,72.4800033569336,72.4800033569336,72.45999908447266,72.45999908447266,72.45999908447266,141
2023-12-15 15:58:00+01:00,72.45999908447266,72.45999908447266,72.45999908447266,72.45999908447266,72.45999908447266,1552
2023-12-15 16:00:00+01:00,72.45999908447266,72.45999908447266,72.45999908447266,72.45999908447266,72.45999908447266,24
2023-12-15 16:01:00+01:00,72.4800033569336,72.4800033569336,72.45999908447266,72.45999908447266,72.45999908447266,140
2023-12-15 16:02:00+01:00,72.44000244140625,72.45999908447266,72.44000244140625,72.44000244140625,72.44000244140625,141
2023-12-15 16:03:00+01:00,72.41999816894531,72.41999816894531,72.41999816894531,72.41999816894531,72.41999816894531,127
2023-12-15 16:04:00+01:00,72.44000244140625,72.44000244140625,72.44000244140625,72.44000244140625,72.44000244140625,14
2023-12-15 16:05:00+01:00,72.44000244140625,72.44000244140625,72.44000244140625,72.44000244140625,72.44000244140625,170
2023-12-15 16:06:00+01:00,72.44000244140625,72.44000244140625,72.44000244140625,72.44000244140625,72.44000244140625,63
2023-12-15 16:07:00+01:00,72.41999816894531,72.41999816894531,72.41999816894531,72.41999816894531,72.41999816894531,191
2023-12-15 16:08:00+01:00,72.41999816894531,72.41999816894531,72.41999816894531,72.41999816894531,72.41999816894531,140
2023-12-15 16:09:00+01:00,72.4000015258789,72.4000015258789,72.4000015258789,72.4000015258789,72.4000015258789,75
2023-12-15 16:10:00+01:00,72.41999816894531,72.41999816894531,72.41999816894531,72.41999816894531,72.41999816894531,145
2023-12-15 16:11:00+01:00,72.41999816894531,72.41999816894531,72.41999816894531,72.41999816894531,72.41999816894531,103
2023-12-15 16:12:00+01:00,72.44000244140625,72.44000244140625,72.44000244140625,72.44000244140625,72.44000244140625,11
2023-12-15 16:13:00+01:00,72.41999816894531,72.45999908447266,72.41999816894531,72.45999908447266,72.45999908447266,504
2023-12-15 16:14:00+01:00,72.4800033569336,72.4800033569336,72.45999908447266,72.45999908447266,72.45999908447266,257
2023-12-15 16:16:00+01:00,72.4800033569336,72.4800033569336,72.4800033569336,72.4800033569336,72.4800033569336,146
2023-12-15 16:17:00+01:00,72.45999908447266,72.45999908447266,72.45999908447266,72.45999908447266,72.45999908447266,197
2023-12-15 16:20:00+01:00,72.45999908447266,72.45999908447266,72.44000244140625,72.44000244140625,72.44000244140625,1146
2023-12-15 16:21:00+01:00,72.45999908447266,72.45999908447266,72.45999908447266,72.45999908447266,72.45999908447266,55
2023-12-15 16:25:00+01:00,72.45999908447266,72.5,72.44000244140625,72.44000244140625,72.44000244140625,2216
2023-12-15 16:26:00+01:00,72.45999908447266,72.45999908447266,72.41999816894531,72.44000244140625,72.44000244140625,283
2023-12-15 16:27:00+01:00,72.4800033569336,72.4800033569336,72.45999908447266,72.4800033569336,72.4800033569336,433
2023-12-15 16:28:00+01:00,72.4800033569336,72.5,72.4800033569336,72.5,72.5,15
2023-12-15 16:29:00+01:00,72.4800033569336,72.5,72.4800033569336,72.5,72.5,207
2023-12-15 16:32:00+01:00,72.4800033569336,72.5199966430664,72.4800033569336,72.5199966430664,72.5199966430664,873
2023-12-15 16:33:00+01:00,72.5,72.5,72.5,72.5,72.5,257
2023-12-15 16:34:00+01:00,72.45999908447266,72.45999908447266,72.41999816894531,72.44000244140625,72.44000244140625,1086
2023-12-15 16:35:00+01:00,72.44000244140625,72.44000244140625,72.44000244140625,72.44000244140625,72.44000244140625,388
2023-12-15 16:37:00+01:00,72.41999816894531,72.41999816894531,72.41999816894531,72.41999816894531,72.41999816894531,67
2023-12-15 16:39:00+01:00,72.41999816894531,72.41999816894531,72.41999816894531,72.41999816894531,72.41999816894531,20
2023-12-15 16:40:00+01:00,72.41999816894531,72.41999816894531,72.41999816894531,72.41999816894531,72.41999816894531,80
2023-12-15 16:41:00+01:00,72.41999816894531,72.41999816894531,72.41999816894531,72.41999816894531,72.41999816894531,80
2023-12-15 16:42:00+01:00,72.41999816894531,72.44000244140625,72.41999816894531,72.44000244140625,72.44000244140625,149
2023-12-15 16:43:00+01:00,72.41999816894531,72.44000244140625,72.41999816894531,72.44000244140625,72.44000244140625,324
2023-12-15 16:44:00+01:00,72.41999816894531,72.45999908447266,72.41999816894531,72.44000244140625,72.44000244140625,41
2023-12-15 16:46:00+01:00,72.4000015258789,72.4000015258789,72.36000061035156,72.36000061035156,72.36000061035156,1587
2023-12-15 16:47:00+01:00,72.4000015258789,72.4000015258789,72.4000015258789,72.4000015258789,72.4000015258789,361
2023-12-15 16:48:00+01:00,72.4000015258789,72.4000015258789,72.4000015258789,72.4000015258789,72.4000015258789,1
2023-12-15 16:51:00+01:00,72.36000061035156,72.4000015258789,72.36000061035156,72.37999725341797,72.37999725341797,369
2023-12-15 16:52:00+01:00,72.37999725341797,72.37999725341797,72.36000061035156,72.36000061035156,72.36000061035156,153
2023-12-15 16:55:00+01:00,72.36000061035156,72.37999725341797,72.36000061035156,72.37999725341797,72.37999725341797,14531
2023-12-15 16:56:00+01:00,72.37999725341797,72.4000015258789,72.36000061035156,72.4000015258789,72.4000015258789,2117
2023-12-15 16:57:00+01:00,72.37999725341797,72.4000015258789,72.37999725341797,72.37999725341797,72.37999725341797,766
2023-12-15 16:58:00+01:00,72.37999725341797,72.37999725341797,72.33999633789062,72.33999633789062,72.33999633789062,2259
2023-12-15 16:59:00+01:00,72.36000061035156,72.36000061035156,72.33999633789062,72.33999633789062,72.33999633789062,670
2023-12-15 17:00:00+01:00,72.36000061035156,72.37999725341797,72.36000061035156,72.37999725341797,72.37999725341797,1264
2023-12-15 17:01:00+01:00,72.37999725341797,72.37999725341797,72.37999725341797,72.37999725341797,72.37999725341797,226
2023-12-15 17:02:00+01:00,72.37999725341797,72.37999725341797,72.37999725341797,72.37999725341797,72.37999725341797,47
2023-12-15 17:03:00+01:00,72.37999725341797,72.37999725341797,72.37999725341797,72.37999725341797,72.37999725341797,291
2023-12-15 17:04:00+01:00,72.4000015258789,72.4000015258789,72.36000061035156,72.37999725341797,72.37999725341797,1947
2023-12-15 17:05:00+01:00,72.37999725341797,72.4000015258789,72.37999725341797,72.4000015258789,72.4000015258789,443
2023-12-15 17:06:00+01:00,72.4000015258789,72.4000015258789,72.37999725341797,72.4000015258789,72.4000015258789,449
2023-12-15 17:07:00+01:00,72.37999725341797,72.37999725341797,72.37999725341797,72.37999725341797,72.37999725341797,79
2023-12-15 17:08:00+01:00,72.37999725341797,72.37999725341797,72.37999725341797,72.37999725341797,72.37999725341797,155
2023-12-15 17:09:00+01:00,72.4000015258789,72.4000015258789,72.37999725341797,72.4000015258789,72.4000015258789,1967
2023-12-15 17:10:00+01:00,72.4000015258789,72.41999816894531,72.4000015258789,72.4000015258789,72.4000015258789,1096
2023-12-15 17:11:00+01:00,72.4000015258789,72.41999816894531,72.4000015258789,72.41999816894531,72.41999816894531,585
2023-12-15 17:12:00+01:00,72.41999816894531,72.44000244140625,72.41999816894531,72.44000244140625,72.44000244140625,424
2023-12-15 17:13:00+01:00,72.44000244140625,72.4800033569336,72.44000244140625,72.4800033569336,72.4800033569336,484
2023-12-15 17:17:00+01:00,72.4000015258789,72.41999816894531,72.37999725341797,72.4000015258789,72.4000015258789,4394
2023-12-15 17:18:00+01:00,72.4000015258789,72.41999816894531,72.36000061035156,72.4000015258789,72.4000015258789,933
2023-12-15 17:19:00+01:00,72.4000015258789,72.41999816894531,72.4000015258789,72.4000015258789,72.4000015258789,685
2023-12-15 17:20:00+01:00,72.4000015258789,72.4000015258789,72.37999725341797,72.37999725341797,72.37999725341797,1233
2023-12-15 17:21:00+01:00,72.37999725341797,72.37999725341797,72.36000061035156,72.37999725341797,72.37999725341797,748
2023-12-15 17:22:00+01:00,72.37999725341797,72.4000015258789,72.36000061035156,72.4000015258789,72.4000015258789,983
2023-12-15 17:23:00+01:00,72.4000015258789,72.4000015258789,72.36000061035156,72.36000061035156,72.36000061035156,2116
2023-12-15 17:24:00+01:00,72.37999725341797,72.4000015258789,72.37999725341797,72.4000015258789,72.4000015258789,1198
2023-12-15 17:25:00+01:00,72.4000015258789,72.41999816894531,72.37999725341797,72.41999816894531,72.41999816894531,1355
2023-12-15 17:26:00+01:00,72.4000015258789,72.4000015258789,72.37999725341797,72.37999725341797,72.37999725341797,3382
2023-12-15 17:27:00+01:00,72.4000015258789,72.4000015258789,72.37999725341797,72.4000015258789,72.4000015258789,1114
2023-12-15 17:28:00+01:00,72.4000015258789,72.41999816894531,72.4000015258789,72.4000015258789,72.4000015258789,1272
2023-12-15 17:29:00+01:00,72.4000015258789,72.41999816894531,72.4000015258789,72.41999816894531,72.41999816894531,1711
