Date,Open,High,Low,Close,Adj Close,Volume
2023-09-15 09:30:00-04:00,36.86000061035156,36.97999954223633,36.834999084472656,36.90999984741211,36.90999984741211,671819
2023-09-15 09:31:00-04:00,36.900001525878906,36.91999816894531,36.84000015258789,36.880001068115234,36.880001068115234,10335
2023-09-15 09:32:00-04:00,36.900001525878906,36.95000076293945,36.880001068115234,36.95000076293945,36.95000076293945,4647
2023-09-15 09:33:00-04:00,36.91999816894531,37.040000915527344,36.91999816894531,36.970001220703125,36.970001220703125,32728
2023-09-15 09:34:00-04:00,36.900001525878906,37.08000183105469,36.900001525878906,37.04999923706055,37.04999923706055,15954
2023-09-15 09:35:00-04:00,37.06999969482422,37.13999938964844,37.04999923706055,37.08000183105469,37.08000183105469,13727
2023-09-15 09:36:00-04:00,37.06999969482422,37.06999969482422,37.0,37.06999969482422,37.06999969482422,9164
2023-09-15 09:37:00-04:00,37.040000915527344,37.16999816894531,37.02000045776367,37.16999816894531,37.16999816894531,13244
2023-09-15 09:38:00-04:00,37.15999984741211,37.16999816894531,37.09000015258789,37.130001068115234,37.130001068115234,9315
2023-09-15 09:39:00-04:00,37.11800003051758,37.189998626708984,37.09000015258789,37.13999938964844,37.13999938964844,10483
2023-09-15 09:40:00-04:00,37.15999984741211,37.15999984741211,37.060001373291016,37.060001373291016,37.060001373291016,11265
2023-09-15 09:41:00-04:00,37.06999969482422,37.150001525878906,37.06999969482422,37.13999938964844,37.13999938964844,10339
2023-09-15 09:42:00-04:00,37.11000061035156,37.130001068115234,37.08000183105469,37.11000061035156,37.11000061035156,7086
2023-09-15 09:43:00-04:00,37.130001068115234,37.185001373291016,37.130001068115234,37.150001525878906,37.150001525878906,14949
2023-09-15 09:44:00-04:00,37.150001525878906,37.220001220703125,37.13999938964844,37.20000076293945,37.20000076293945,13502
2023-09-15 09:45:00-04:00,37.209999084472656,37.22999954223633,37.1150016784668,37.154998779296875,37.154998779296875,20801
2023-09-15 09:46:00-04:00,37.13999938964844,37.150001525878906,37.08000183105469,37.08000183105469,37.08000183105469,27532
2023-09-15 09:47:00-04:00,37.040000915527344,37.040000915527344,36.93000030517578,36.9900016784668,36.9900016784668,20881
2023-09-15 09:48:00-04:00,36.97999954223633,37.09000015258789,36.97999954223633,37.06999969482422,37.06999969482422,20029
2023-09-15 09:49:00-04:00,37.084999084472656,37.09000015258789,37.0099983215332,37.0099983215332,37.0099983215332,9280
2023-09-15 09:50:00-04:00,37.0,37.038700103759766,36.970001220703125,36.9900016784668,36.9900016784668,25082
2023-09-15 09:51:00-04:00,36.9900016784668,37.03499984741211,36.97999954223633,37.02000045776367,37.02000045776367,7476
2023-09-15 09:52:00-04:00,37.02000045776367,37.02000045776367,36.97999954223633,37.0,37.0,8923
2023-09-15 09:53:00-04:00,37.0099983215332,37.03499984741211,36.97999954223633,36.97999954223633,36.97999954223633,9737
2023-09-15 09:54:00-04:00,36.97999954223633,37.0,36.95000076293945,36.959999084472656,36.959999084472656,9758
2023-09-15 09:55:00-04:00,36.959999084472656,37.029998779296875,36.959999084472656,36.970001220703125,36.970001220703125,9619
2023-09-15 09:56:00-04:00,36.97999954223633,37.040000915527344,36.97999954223633,37.040000915527344,37.040000915527344,12364
2023-09-15 09:57:00-04:00,37.029998779296875,37.029998779296875,37.0099983215332,37.02000045776367,37.02000045776367,5763
2023-09-15 09:58:00-04:00,37.029998779296875,37.029998779296875,37.0,37.0,37.0,3935
2023-09-15 09:59:00-04:00,37.0099983215332,37.0099983215332,37.0,37.0,37.0,20466
2023-09-15 10:00:00-04:00,37.0099983215332,37.060001373291016,37.0099983215332,37.060001373291016,37.060001373291016,14084
2023-09-15 10:01:00-04:00,37.05500030517578,37.09000015258789,37.05500030517578,37.09000015258789,37.09000015258789,2688
2023-09-15 10:02:00-04:00,37.09000015258789,37.15999984741211,37.09000015258789,37.150001525878906,37.150001525878906,16045
2023-09-15 10:03:00-04:00,37.15999984741211,37.16999816894531,37.14500045776367,37.16999816894531,37.16999816894531,7562
2023-09-15 10:04:00-04:00,37.189998626708984,37.209999084472656,37.16999816894531,37.209999084472656,37.209999084472656,4906
2023-09-15 10:05:00-04:00,37.209999084472656,37.25,37.20000076293945,37.220001220703125,37.220001220703125,6722
2023-09-15 10:06:00-04:00,37.209999084472656,37.209999084472656,37.18000030517578,37.189998626708984,37.189998626708984,4071
2023-09-15 10:07:00-04:00,37.18000030517578,37.25,37.150001525878906,37.25,37.25,16787
2023-09-15 10:08:00-04:00,37.2400016784668,37.290000915527344,37.20000076293945,37.2400016784668,37.2400016784668,25738
2023-09-15 10:09:00-04:00,37.2400016784668,37.26499938964844,37.209999084472656,37.2599983215332,37.2599983215332,8900
2023-09-15 10:10:00-04:00,37.26499938964844,37.26900100708008,37.15999984741211,37.15999984741211,37.15999984741211,22209
2023-09-15 10:11:00-04:00,37.16999816894531,37.220001220703125,37.150001525878906,37.220001220703125,37.220001220703125,20775
2023-09-15 10:12:00-04:00,37.220001220703125,37.22999954223633,37.220001220703125,37.220001220703125,37.220001220703125,4646
2023-09-15 10:13:00-04:00,37.21500015258789,37.2400016784668,37.16999816894531,37.170101165771484,37.170101165771484,5957
2023-09-15 10:14:00-04:00,37.15999984741211,37.189998626708984,37.15999984741211,37.17499923706055,37.17499923706055,8368
2023-09-15 10:15:00-04:00,37.185001373291016,37.189998626708984,37.14500045776367,37.150001525878906,37.150001525878906,5345
2023-09-15 10:16:00-04:00,37.150001525878906,37.22999954223633,37.150001525878906,37.22999954223633,37.22999954223633,6463
2023-09-15 10:17:00-04:00,37.220001220703125,37.25,37.21500015258789,37.25,37.25,8683
2023-09-15 10:18:00-04:00,37.244998931884766,37.2599983215332,37.244998931884766,37.2599983215332,37.2599983215332,3319
2023-09-15 10:19:00-04:00,37.25,37.290000915527344,37.238800048828125,37.279998779296875,37.279998779296875,8161
2023-09-15 10:20:00-04:00,37.275001525878906,37.31999969482422,37.275001525878906,37.310001373291016,37.310001373291016,31004
2023-09-15 10:21:00-04:00,37.29999923706055,37.29999923706055,37.2599983215332,37.27000045776367,37.27000045776367,14009
2023-09-15 10:22:00-04:00,37.279998779296875,37.290000915527344,37.255001068115234,37.26499938964844,37.26499938964844,9092
2023-09-15 10:23:00-04:00,37.26499938964844,37.28499984741211,37.25,37.2599983215332,37.2599983215332,9365
2023-09-15 10:24:00-04:00,37.2599983215332,37.279998779296875,37.25,37.275001525878906,37.275001525878906,13895
2023-09-15 10:25:00-04:00,37.27000045776367,37.27000045776367,37.220001220703125,37.255001068115234,37.255001068115234,12617
2023-09-15 10:26:00-04:00,37.25,37.27000045776367,37.220001220703125,37.23500061035156,37.23500061035156,9073
2023-09-15 10:27:00-04:00,37.26499938964844,37.31999969482422,37.25,37.31999969482422,37.31999969482422,23734
2023-09-15 10:28:00-04:00,37.314998626708984,37.3650016784668,37.31159973144531,37.349998474121094,37.349998474121094,11748
2023-09-15 10:29:00-04:00,37.34000015258789,37.34000015258789,37.224998474121094,37.224998474121094,37.224998474121094,29487
2023-09-15 10:30:00-04:00,37.224998474121094,37.27000045776367,37.224998474121094,37.2400016784668,37.2400016784668,9613
2023-09-15 10:31:00-04:00,37.2400016784668,37.244998931884766,37.21049880981445,37.220001220703125,37.220001220703125,9010
2023-09-15 10:32:00-04:00,37.220001220703125,37.2599983215332,37.220001220703125,37.2599983215332,37.2599983215332,13594
2023-09-15 10:33:00-04:00,37.2599983215332,37.36000061035156,37.2599983215332,37.36000061035156,37.36000061035156,23652
2023-09-15 10:34:00-04:00,37.36000061035156,37.36000061035156,37.33000183105469,37.34000015258789,37.34000015258789,5742
2023-09-15 10:35:00-04:00,37.34000015258789,37.34000015258789,37.310001373291016,37.31999969482422,37.31999969482422,10714
2023-09-15 10:36:00-04:00,37.310001373291016,37.349998474121094,37.310001373291016,37.349998474121094,37.349998474121094,4653
2023-09-15 10:37:00-04:00,37.345001220703125,37.38999938964844,37.345001220703125,37.369998931884766,37.369998931884766,9035
2023-09-15 10:38:00-04:00,37.3650016784668,37.369998931884766,37.35499954223633,37.369998931884766,37.369998931884766,3377
2023-09-15 10:39:00-04:00,37.36000061035156,37.38999938964844,37.36000061035156,37.38999938964844,37.38999938964844,8797
2023-09-15 10:40:00-04:00,37.3849983215332,37.3849983215332,37.33000183105469,37.33000183105469,37.33000183105469,10978
2023-09-15 10:41:00-04:00,37.32500076293945,37.334999084472656,37.29999923706055,37.3109016418457,37.3109016418457,7840
2023-09-15 10:42:00-04:00,37.3109016418457,37.31999969482422,37.279998779296875,37.310001373291016,37.310001373291016,33829
2023-09-15 10:43:00-04:00,37.310001373291016,37.31999969482422,37.27000045776367,37.27000045776367,37.27000045776367,8332
2023-09-15 10:44:00-04:00,37.2599983215332,37.31999969482422,37.25,37.29999923706055,37.29999923706055,29038
2023-09-15 10:45:00-04:00,37.29999923706055,37.310001373291016,37.28499984741211,37.29999923706055,37.29999923706055,5739
2023-09-15 10:46:00-04:00,37.279998779296875,37.290000915527344,37.25,37.25,37.25,4012
2023-09-15 10:47:00-04:00,37.25,37.25,37.2400016784668,37.2400016784668,37.2400016784668,6669
2023-09-15 10:48:00-04:00,37.23500061035156,37.27000045776367,37.220001220703125,37.27000045776367,37.27000045776367,7046
2023-09-15 10:49:00-04:00,37.2599983215332,37.27000045776367,37.2599983215332,37.27000045776367,37.27000045776367,2711
2023-09-15 10:50:00-04:00,37.27000045776367,37.279998779296875,37.244998931884766,37.244998931884766,37.244998931884766,5303
2023-09-15 10:51:00-04:00,37.2400016784668,37.2400016784668,37.15999984741211,37.18000030517578,37.18000030517578,15092
2023-09-15 10:52:00-04:00,37.16999816894531,37.18000030517578,37.14500045776367,37.154998779296875,37.154998779296875,7132
2023-09-15 10:53:00-04:00,37.15999984741211,37.16999816894531,37.13999938964844,37.15999984741211,37.15999984741211,6339
2023-09-15 10:54:00-04:00,37.15999984741211,37.16999816894531,37.150001525878906,37.165000915527344,37.165000915527344,2803
2023-09-15 10:55:00-04:00,37.15999984741211,37.15999984741211,37.130001068115234,37.130001068115234,37.130001068115234,6168
2023-09-15 10:56:00-04:00,37.130001068115234,37.13999938964844,37.130001068115234,37.130001068115234,37.130001068115234,2679
2023-09-15 10:57:00-04:00,37.11000061035156,37.1150016784668,37.09000015258789,37.10499954223633,37.10499954223633,11211
2023-09-15 10:58:00-04:00,37.099998474121094,37.099998474121094,37.08000183105469,37.099998474121094,37.099998474121094,6431
2023-09-15 10:59:00-04:00,37.119998931884766,37.13999938964844,37.10499954223633,37.13999938964844,37.13999938964844,7052
2023-09-15 11:00:00-04:00,37.1349983215332,37.13999938964844,37.10499954223633,37.13999938964844,37.13999938964844,12266
2023-09-15 11:01:00-04:00,37.13999938964844,37.15999984741211,37.13999938964844,37.14500045776367,37.14500045776367,9956
2023-09-15 11:02:00-04:00,37.13999938964844,37.13999938964844,37.119998931884766,37.130001068115234,37.130001068115234,5508
2023-09-15 11:03:00-04:00,37.13999938964844,37.13999938964844,37.11000061035156,37.125,37.125,4907
2023-09-15 11:04:00-04:00,37.125,37.150001525878906,37.099998474121094,37.150001525878906,37.150001525878906,7156
2023-09-15 11:05:00-04:00,37.15999984741211,37.15999984741211,37.150001525878906,37.15999984741211,37.15999984741211,3508
2023-09-15 11:06:00-04:00,37.15999984741211,37.15999984741211,37.154998779296875,37.154998779296875,37.154998779296875,2225
2023-09-15 11:07:00-04:00,37.15999984741211,37.15999984741211,37.095001220703125,37.099998474121094,37.099998474121094,7503
2023-09-15 11:08:00-04:00,37.10499954223633,37.13999938964844,37.10499954223633,37.130001068115234,37.130001068115234,4051
2023-09-15 11:09:00-04:00,37.13999938964844,37.13999938964844,37.130001068115234,37.130001068115234,37.130001068115234,2175
2023-09-15 11:10:00-04:00,37.125,37.15999984741211,37.125,37.13999938964844,37.13999938964844,7288
2023-09-15 11:11:00-04:00,37.130001068115234,37.130001068115234,37.12099838256836,37.125,37.125,6480
2023-09-15 11:12:00-04:00,37.130001068115234,37.130001068115234,37.095001220703125,37.095001220703125,37.095001220703125,10743
2023-09-15 11:13:00-04:00,37.09000015258789,37.130001068115234,37.08000183105469,37.130001068115234,37.130001068115234,20575
2023-09-15 11:14:00-04:00,37.13999938964844,37.150001525878906,37.095001220703125,37.11000061035156,37.11000061035156,15377
2023-09-15 11:15:00-04:00,37.11000061035156,37.119998931884766,37.09000015258789,37.11000061035156,37.11000061035156,7671
2023-09-15 11:16:00-04:00,37.099998474121094,37.13999938964844,37.08000183105469,37.13999938964844,37.13999938964844,13889
2023-09-15 11:17:00-04:00,37.13999938964844,37.150001525878906,37.1349983215332,37.150001525878906,37.150001525878906,4269
2023-09-15 11:18:00-04:00,37.14500045776367,37.16999816894531,37.14500045776367,37.15999984741211,37.15999984741211,8795
2023-09-15 11:19:00-04:00,37.15999984741211,37.15999984741211,37.150001525878906,37.15999984741211,37.15999984741211,4315
2023-09-15 11:20:00-04:00,37.15999984741211,37.18000030517578,37.154998779296875,37.18000030517578,37.18000030517578,8560
2023-09-15 11:21:00-04:00,37.18000030517578,37.18000030517578,37.150001525878906,37.152000427246094,37.152000427246094,12736
2023-09-15 11:22:00-04:00,37.15999984741211,37.189998626708984,37.150001525878906,37.189998626708984,37.189998626708984,7114
2023-09-15 11:23:00-04:00,37.185001373291016,37.22999954223633,37.185001373291016,37.220001220703125,37.220001220703125,14557
2023-09-15 11:24:00-04:00,37.224998474121094,37.22999954223633,37.20000076293945,37.20000076293945,37.20000076293945,6531
2023-09-15 11:25:00-04:00,37.20500183105469,37.20500183105469,37.189998626708984,37.20000076293945,37.20000076293945,13468
2023-09-15 11:26:00-04:00,37.19200134277344,37.19499969482422,37.15999984741211,37.15999984741211,37.15999984741211,8328
2023-09-15 11:27:00-04:00,37.165000915527344,37.16999816894531,37.15999984741211,37.16999816894531,37.16999816894531,8666
2023-09-15 11:28:00-04:00,37.150001525878906,37.185001373291016,37.14500045776367,37.18000030517578,37.18000030517578,22476
2023-09-15 11:29:00-04:00,37.18000030517578,37.18000030517578,37.14500045776367,37.150001525878906,37.150001525878906,3547
2023-09-15 11:30:00-04:00,37.150001525878906,37.154998779296875,37.150001525878906,37.150001525878906,37.150001525878906,3892
2023-09-15 11:31:00-04:00,37.15999984741211,37.16999816894531,37.154998779296875,37.154998779296875,37.154998779296875,6539
2023-09-15 11:32:00-04:00,37.154998779296875,37.154998779296875,37.150001525878906,37.150001525878906,37.150001525878906,6120
2023-09-15 11:33:00-04:00,37.150001525878906,37.154998779296875,37.11000061035156,37.119998931884766,37.119998931884766,11517
2023-09-15 11:34:00-04:00,37.11000061035156,37.1150016784668,37.040000915527344,37.04999923706055,37.04999923706055,6009
2023-09-15 11:35:00-04:00,37.05099868774414,37.05099868774414,37.03099822998047,37.03099822998047,37.03099822998047,5857
2023-09-15 11:36:00-04:00,37.040000915527344,37.08000183105469,37.0,37.08000183105469,37.08000183105469,32558
2023-09-15 11:37:00-04:00,37.08000183105469,37.08000183105469,37.04999923706055,37.05099868774414,37.05099868774414,5198
2023-09-15 11:38:00-04:00,37.05099868774414,37.060001373291016,37.04499816894531,37.05099868774414,37.05099868774414,6715
2023-09-15 11:39:00-04:00,37.05099868774414,37.060001373291016,37.04499816894531,37.04999923706055,37.04999923706055,6821
2023-09-15 11:40:00-04:00,37.04999923706055,37.05099868774414,37.040000915527344,37.04499816894531,37.04499816894531,10047
2023-09-15 11:41:00-04:00,37.04499816894531,37.060001373291016,37.040000915527344,37.060001373291016,37.060001373291016,4207
2023-09-15 11:42:00-04:00,37.064998626708984,37.11000061035156,37.064998626708984,37.10499954223633,37.10499954223633,51761
2023-09-15 11:43:00-04:00,37.10499954223633,37.14500045776367,37.10499954223633,37.125,37.125,4285
2023-09-15 11:44:00-04:00,37.119998931884766,37.119998931884766,37.099998474121094,37.099998474121094,37.099998474121094,1157
2023-09-15 11:45:00-04:00,37.099998474121094,37.119998931884766,37.08000183105469,37.099998474121094,37.099998474121094,5174
2023-09-15 11:46:00-04:00,37.11000061035156,37.154998779296875,37.11000061035156,37.14500045776367,37.14500045776367,1642
2023-09-15 11:47:00-04:00,37.150001525878906,37.15999984741211,37.119998931884766,37.15999984741211,37.15999984741211,7813
2023-09-15 11:48:00-04:00,37.18000030517578,37.18000030517578,37.150001525878906,37.18000030517578,37.18000030517578,2621
2023-09-15 11:49:00-04:00,37.189998626708984,37.189998626708984,37.18000030517578,37.189998626708984,37.189998626708984,1763
2023-09-15 11:50:00-04:00,37.220001220703125,37.220001220703125,37.209999084472656,37.220001220703125,37.220001220703125,2226
2023-09-15 11:51:00-04:00,37.218101501464844,37.22999954223633,37.218101501464844,37.220001220703125,37.220001220703125,1612
2023-09-15 11:52:00-04:00,37.21500015258789,37.22999954223633,37.21500015258789,37.22999954223633,37.22999954223633,2306
2023-09-15 11:53:00-04:00,37.23500061035156,37.23500061035156,37.22999954223633,37.22999954223633,37.22999954223633,1493
2023-09-15 11:54:00-04:00,37.220001220703125,37.220001220703125,37.21500015258789,37.21500015258789,37.21500015258789,1837
2023-09-15 11:55:00-04:00,37.21500015258789,37.26620101928711,37.21500015258789,37.26620101928711,37.26620101928711,6894
2023-09-15 11:56:00-04:00,37.2599983215332,37.2599983215332,37.244998931884766,37.2599983215332,37.2599983215332,4379
2023-09-15 11:57:00-04:00,37.2599983215332,37.2599983215332,37.25,37.25,37.25,1790
2023-09-15 11:58:00-04:00,37.27000045776367,37.279998779296875,37.27000045776367,37.279998779296875,37.279998779296875,1501
2023-09-15 11:59:00-04:00,37.28499984741211,37.28499984741211,37.237098693847656,37.237098693847656,37.237098693847656,5287
2023-09-15 12:00:00-04:00,37.230499267578125,37.244998931884766,37.20000076293945,37.20000076293945,37.20000076293945,4419
2023-09-15 12:01:00-04:00,37.20000076293945,37.20000076293945,37.20000076293945,37.20000076293945,37.20000076293945,740
2023-09-15 12:02:00-04:00,37.20000076293945,37.20500183105469,37.20000076293945,37.20500183105469,37.20500183105469,456
2023-09-15 12:03:00-04:00,37.20000076293945,37.20500183105469,37.20000076293945,37.20500183105469,37.20500183105469,417
2023-09-15 12:04:00-04:00,37.20500183105469,37.224998474121094,37.20500183105469,37.224998474121094,37.224998474121094,3218
2023-09-15 12:05:00-04:00,37.22999954223633,37.23500061035156,37.22999954223633,37.23500061035156,37.23500061035156,481
2023-09-15 12:06:00-04:00,37.22999954223633,37.22999954223633,37.220001220703125,37.224998474121094,37.224998474121094,2707
2023-09-15 12:07:00-04:00,37.220001220703125,37.220001220703125,37.209999084472656,37.220001220703125,37.220001220703125,2581
2023-09-15 12:08:00-04:00,37.220001220703125,37.220001220703125,37.19499969482422,37.220001220703125,37.220001220703125,5065
2023-09-15 12:09:00-04:00,37.22050094604492,37.22999954223633,37.220001220703125,37.22999954223633,37.22999954223633,1292
2023-09-15 12:10:00-04:00,37.22999954223633,37.22999954223633,37.22999954223633,37.22999954223633,37.22999954223633,580
2023-09-15 12:11:00-04:00,37.220001220703125,37.220001220703125,37.209999084472656,37.220001220703125,37.220001220703125,2992
2023-09-15 12:12:00-04:00,37.209999084472656,37.220001220703125,37.209999084472656,37.220001220703125,37.220001220703125,1331
2023-09-15 12:13:00-04:00,37.220001220703125,37.22999954223633,37.209999084472656,37.22999954223633,37.22999954223633,1328
2023-09-15 12:15:00-04:00,37.23500061035156,37.2599983215332,37.23500061035156,37.25,37.25,5387
2023-09-15 12:16:00-04:00,37.255001068115234,37.26499938964844,37.25,37.26499938964844,37.26499938964844,1957
2023-09-15 12:17:00-04:00,37.26499938964844,37.26499938964844,37.255001068115234,37.255001068115234,37.255001068115234,1744
2023-09-15 12:18:00-04:00,37.25,37.25,37.22999954223633,37.2400016784668,37.2400016784668,4041
2023-09-15 12:19:00-04:00,37.22999954223633,37.244998931884766,37.22999954223633,37.244998931884766,37.244998931884766,6175
2023-09-15 12:20:00-04:00,37.2400016784668,37.2400016784668,37.22999954223633,37.2400016784668,37.2400016784668,3217
2023-09-15 12:21:00-04:00,37.244998931884766,37.244998931884766,37.244998931884766,37.244998931884766,37.244998931884766,597
2023-09-15 12:22:00-04:00,37.2400016784668,37.244998931884766,37.20000076293945,37.20000076293945,37.20000076293945,4326
2023-09-15 12:23:00-04:00,37.20000076293945,37.20000076293945,37.189998626708984,37.189998626708984,37.189998626708984,968
2023-09-15 12:24:00-04:00,37.19879913330078,37.20000076293945,37.19879913330078,37.20000076293945,37.20000076293945,3139
2023-09-15 12:25:00-04:00,37.209999084472656,37.21500015258789,37.209999084472656,37.209999084472656,37.209999084472656,1294
2023-09-15 12:26:00-04:00,37.20500183105469,37.20500183105469,37.20000076293945,37.20000076293945,37.20000076293945,522
2023-09-15 12:27:00-04:00,37.209999084472656,37.209999084472656,37.20000076293945,37.20000076293945,37.20000076293945,1727
2023-09-15 12:28:00-04:00,37.209999084472656,37.209999084472656,37.189998626708984,37.209999084472656,37.209999084472656,3842
2023-09-15 12:29:00-04:00,37.209999084472656,37.23500061035156,37.209999084472656,37.22999954223633,37.22999954223633,4655
2023-09-15 12:30:00-04:00,37.23500061035156,37.23500061035156,37.209999084472656,37.209999084472656,37.209999084472656,1593
2023-09-15 12:31:00-04:00,37.209999084472656,37.21500015258789,37.209999084472656,37.209999084472656,37.209999084472656,1488
2023-09-15 12:32:00-04:00,37.20000076293945,37.20000076293945,37.16999816894531,37.17499923706055,37.17499923706055,2167
2023-09-15 12:33:00-04:00,37.18000030517578,37.21500015258789,37.18000030517578,37.21500015258789,37.21500015258789,4154
2023-09-15 12:34:00-04:00,37.209999084472656,37.209999084472656,37.209999084472656,37.209999084472656,37.209999084472656,622
2023-09-15 12:35:00-04:00,37.209999084472656,37.23500061035156,37.209999084472656,37.22999954223633,37.22999954223633,2301
2023-09-15 12:36:00-04:00,37.224998474121094,37.2400016784668,37.224998474121094,37.2400016784668,37.2400016784668,1406
2023-09-15 12:37:00-04:00,37.244998931884766,37.25,37.22999954223633,37.22999954223633,37.22999954223633,3650
2023-09-15 12:39:00-04:00,37.224998474121094,37.22999954223633,37.220001220703125,37.220001220703125,37.220001220703125,3515
2023-09-15 12:40:00-04:00,37.209999084472656,37.209999084472656,37.209999084472656,37.209999084472656,37.209999084472656,1017
2023-09-15 12:41:00-04:00,37.209999084472656,37.209999084472656,37.209999084472656,37.209999084472656,37.209999084472656,258
2023-09-15 12:42:00-04:00,37.209999084472656,37.220001220703125,37.209999084472656,37.220001220703125,37.220001220703125,2016
2023-09-15 12:43:00-04:00,37.220001220703125,37.220001220703125,37.20500183105469,37.20500183105469,37.20500183105469,1621
2023-09-15 12:44:00-04:00,37.20500183105469,37.20500183105469,37.190101623535156,37.19499969482422,37.19499969482422,1216
2023-09-15 12:45:00-04:00,37.19499969482422,37.19499969482422,37.16999816894531,37.16999816894531,37.16999816894531,1373
2023-09-15 12:46:00-04:00,37.16999816894531,37.19499969482422,37.16999816894531,37.19499969482422,37.19499969482422,2516
2023-09-15 12:47:00-04:00,37.189998626708984,37.189998626708984,37.16999816894531,37.17300033569336,37.17300033569336,3566
2023-09-15 12:48:00-04:00,37.17499923706055,37.17499923706055,37.150001525878906,37.165000915527344,37.165000915527344,1977
2023-09-15 12:49:00-04:00,37.165000915527344,37.17499923706055,37.165000915527344,37.17499923706055,37.17499923706055,1371
2023-09-15 12:50:00-04:00,37.18000030517578,37.18000030517578,37.130001068115234,37.130001068115234,37.130001068115234,13677
2023-09-15 12:51:00-04:00,37.130001068115234,37.13999938964844,37.130001068115234,37.13999938964844,37.13999938964844,1479
2023-09-15 12:52:00-04:00,37.130001068115234,37.130001068115234,37.11000061035156,37.11000061035156,37.11000061035156,2708
2023-09-15 12:53:00-04:00,37.11000061035156,37.12009811401367,37.11000061035156,37.11000061035156,37.11000061035156,2978
2023-09-15 12:54:00-04:00,37.100101470947266,37.100101470947266,37.08000183105469,37.099998474121094,37.099998474121094,3911
2023-09-15 12:55:00-04:00,37.09379959106445,37.10499954223633,37.09379959106445,37.10499954223633,37.10499954223633,992
2023-09-15 12:56:00-04:00,37.099998474121094,37.099998474121094,37.09000015258789,37.095001220703125,37.095001220703125,2346
2023-09-15 12:57:00-04:00,37.08000183105469,37.095001220703125,37.08000183105469,37.08000183105469,37.08000183105469,977
2023-09-15 12:58:00-04:00,37.08000183105469,37.09000015258789,37.08000183105469,37.09000015258789,37.09000015258789,2431
2023-09-15 12:59:00-04:00,37.09000015258789,37.09000015258789,37.09000015258789,37.09000015258789,37.09000015258789,390
2023-09-15 13:00:00-04:00,37.09000015258789,37.09000015258789,37.040000915527344,37.04999923706055,37.04999923706055,5942
2023-09-15 13:01:00-04:00,37.060001373291016,37.060001373291016,37.040000915527344,37.04499816894531,37.04499816894531,4283
2023-09-15 13:02:00-04:00,37.04499816894531,37.060001373291016,37.029998779296875,37.04999923706055,37.04999923706055,3347
2023-09-15 13:03:00-04:00,37.04999923706055,37.04999923706055,37.040000915527344,37.040000915527344,37.040000915527344,1252
2023-09-15 13:04:00-04:00,37.029998779296875,37.04999923706055,37.029998779296875,37.04010009765625,37.04010009765625,2201
2023-09-15 13:05:00-04:00,37.040000915527344,37.040000915527344,37.029998779296875,37.029998779296875,37.029998779296875,3785
2023-09-15 13:06:00-04:00,37.029998779296875,37.040000915527344,37.029998779296875,37.040000915527344,37.040000915527344,3995
2023-09-15 13:07:00-04:00,37.04999923706055,37.064998626708984,37.04999923706055,37.064998626708984,37.064998626708984,2306
2023-09-15 13:08:00-04:00,37.06999969482422,37.06999969482422,37.05350112915039,37.05350112915039,37.05350112915039,1489
2023-09-15 13:09:00-04:00,37.05500030517578,37.060001373291016,37.05500030517578,37.060001373291016,37.060001373291016,2607
2023-09-15 13:10:00-04:00,37.060001373291016,37.064998626708984,37.040000915527344,37.04499816894531,37.04499816894531,3330
2023-09-15 13:11:00-04:00,37.029998779296875,37.029998779296875,37.025001525878906,37.025001525878906,37.025001525878906,2914
2023-09-15 13:12:00-04:00,37.025001525878906,37.025001525878906,37.0,37.01499938964844,37.01499938964844,9845
2023-09-15 13:13:00-04:00,37.0099983215332,37.0099983215332,37.0099983215332,37.0099983215332,37.0099983215332,721
2023-09-15 13:14:00-04:00,37.01499938964844,37.01499938964844,37.01499938964844,37.01499938964844,37.01499938964844,280
2023-09-15 13:15:00-04:00,37.02000045776367,37.02000045776367,37.01139831542969,37.01139831542969,37.01139831542969,3027
2023-09-15 13:16:00-04:00,37.02000045776367,37.029998779296875,37.02000045776367,37.029998779296875,37.029998779296875,3086
2023-09-15 13:17:00-04:00,37.040000915527344,37.04499816894531,37.040000915527344,37.04499816894531,37.04499816894531,471
2023-09-15 13:18:00-04:00,37.04999923706055,37.10499954223633,37.04999923706055,37.08000183105469,37.08000183105469,18369
2023-09-15 13:19:00-04:00,37.06999969482422,37.07500076293945,37.060001373291016,37.060001373291016,37.060001373291016,13010
2023-09-15 13:20:00-04:00,37.060001373291016,37.064998626708984,37.060001373291016,37.064998626708984,37.064998626708984,1061
2023-09-15 13:21:00-04:00,37.05080032348633,37.05500030517578,37.05080032348633,37.05500030517578,37.05500030517578,453
2023-09-15 13:22:00-04:00,37.05500030517578,37.05500030517578,37.029998779296875,37.029998779296875,37.029998779296875,6462
2023-09-15 13:23:00-04:00,37.029998779296875,37.029998779296875,37.029998779296875,37.029998779296875,37.029998779296875,871
2023-09-15 13:24:00-04:00,37.02000045776367,37.02000045776367,37.0099983215332,37.01499938964844,37.01499938964844,1404
2023-09-15 13:25:00-04:00,37.01499938964844,37.02000045776367,37.01499938964844,37.02000045776367,37.02000045776367,2628
2023-09-15 13:26:00-04:00,37.01499938964844,37.03499984741211,37.01499938964844,37.03499984741211,37.03499984741211,3493
2023-09-15 13:27:00-04:00,37.040000915527344,37.05500030517578,37.040000915527344,37.040000915527344,37.040000915527344,3225
2023-09-15 13:28:00-04:00,37.04499816894531,37.04499816894531,37.02000045776367,37.02000045776367,37.02000045776367,3432
2023-09-15 13:29:00-04:00,37.02000045776367,37.029998779296875,37.02000045776367,37.029998779296875,37.029998779296875,1984
2023-09-15 13:30:00-04:00,37.03499984741211,37.05500030517578,37.029998779296875,37.040000915527344,37.040000915527344,15676
2023-09-15 13:31:00-04:00,37.040000915527344,37.040000915527344,37.029998779296875,37.029998779296875,37.029998779296875,5804
2023-09-15 13:32:00-04:00,37.025001525878906,37.04990005493164,37.025001525878906,37.04990005493164,37.04990005493164,2205
2023-09-15 13:33:00-04:00,37.04999923706055,37.07500076293945,37.04999923706055,37.04999923706055,37.04999923706055,20386
2023-09-15 13:34:00-04:00,37.04999923706055,37.04999923706055,37.029998779296875,37.029998779296875,37.029998779296875,2501
2023-09-15 13:35:00-04:00,37.029998779296875,37.04999923706055,37.025001525878906,37.04999923706055,37.04999923706055,2431
2023-09-15 13:36:00-04:00,37.05500030517578,37.05500030517578,37.04499816894531,37.04499816894531,37.04499816894531,1447
2023-09-15 13:37:00-04:00,37.04999923706055,37.05500030517578,36.9900016784668,37.0099983215332,37.0099983215332,48844
2023-09-15 13:38:00-04:00,37.0099983215332,37.0099983215332,36.9900016784668,36.9900016784668,36.9900016784668,3652
2023-09-15 13:39:00-04:00,36.95000076293945,36.95000076293945,36.91999816894531,36.91999816894531,36.91999816894531,2030
2023-09-15 13:40:00-04:00,36.91999816894531,36.94499969482422,36.915000915527344,36.94499969482422,36.94499969482422,4794
2023-09-15 13:41:00-04:00,36.94499969482422,36.95000076293945,36.93000030517578,36.93000030517578,36.93000030517578,3044
2023-09-15 13:42:00-04:00,36.91999816894531,36.939998626708984,36.91999816894531,36.939998626708984,36.939998626708984,3352
2023-09-15 13:43:00-04:00,36.95000076293945,36.970001220703125,36.95000076293945,36.970001220703125,36.970001220703125,2922
2023-09-15 13:44:00-04:00,36.970001220703125,36.970001220703125,36.939998626708984,36.939998626708984,36.939998626708984,2358
2023-09-15 13:45:00-04:00,36.95000076293945,36.959999084472656,36.939998626708984,36.959999084472656,36.959999084472656,8125
2023-09-15 13:46:00-04:00,36.96500015258789,36.96500015258789,36.96500015258789,36.96500015258789,36.96500015258789,399
2023-09-15 13:47:00-04:00,36.967498779296875,36.970001220703125,36.959999084472656,36.959999084472656,36.959999084472656,759
2023-09-15 13:48:00-04:00,36.96500015258789,36.96500015258789,36.959999084472656,36.959999084472656,36.959999084472656,2204
2023-09-15 13:49:00-04:00,36.959999084472656,36.970001220703125,36.95500183105469,36.970001220703125,36.970001220703125,7088
2023-09-15 13:50:00-04:00,36.970001220703125,36.97999954223633,36.96500015258789,36.967098236083984,36.967098236083984,6245
2023-09-15 13:51:00-04:00,36.959999084472656,36.96500015258789,36.959999084472656,36.96500015258789,36.96500015258789,701
2023-09-15 13:52:00-04:00,36.970001220703125,36.974998474121094,36.96500015258789,36.970001220703125,36.970001220703125,2687
2023-09-15 13:53:00-04:00,36.959999084472656,36.96500015258789,36.95500183105469,36.95500183105469,36.95500183105469,1571
2023-09-15 13:54:00-04:00,36.95500183105469,36.959999084472656,36.95500183105469,36.95500183105469,36.95500183105469,861
2023-09-15 13:55:00-04:00,36.959999084472656,36.970001220703125,36.95500183105469,36.970001220703125,36.970001220703125,2636
2023-09-15 13:56:00-04:00,36.970001220703125,36.970001220703125,36.96500015258789,36.96500015258789,36.96500015258789,697
2023-09-15 13:57:00-04:00,36.959999084472656,36.96500015258789,36.94499969482422,36.94499969482422,36.94499969482422,4042
2023-09-15 13:58:00-04:00,36.94499969482422,36.94499969482422,36.939998626708984,36.940101623535156,36.940101623535156,3106
2023-09-15 13:59:00-04:00,36.92499923706055,36.92499923706055,36.90999984741211,36.91999816894531,36.91999816894531,4495
2023-09-15 14:00:00-04:00,36.91999816894531,36.91999816894531,36.89500045776367,36.89789962768555,36.89789962768555,2417
2023-09-15 14:01:00-04:00,36.89500045776367,36.89500045776367,36.875,36.880001068115234,36.880001068115234,4106
2023-09-15 14:02:00-04:00,36.880001068115234,36.8849983215332,36.880001068115234,36.8849983215332,36.8849983215332,3496
2023-09-15 14:03:00-04:00,36.880001068115234,36.880001068115234,36.84000015258789,36.849998474121094,36.849998474121094,4295
2023-09-15 14:04:00-04:00,36.849998474121094,36.869998931884766,36.84000015258789,36.869998931884766,36.869998931884766,5362
2023-09-15 14:05:00-04:00,36.869998931884766,36.89500045776367,36.869998931884766,36.88050079345703,36.88050079345703,3637
2023-09-15 14:06:00-04:00,36.880001068115234,36.880001068115234,36.869998931884766,36.875,36.875,1897
2023-09-15 14:07:00-04:00,36.869998931884766,36.880001068115234,36.869998931884766,36.87900161743164,36.87900161743164,4788
2023-09-15 14:08:00-04:00,36.875,36.875,36.81999969482422,36.81999969482422,36.81999969482422,3319
2023-09-15 14:09:00-04:00,36.81999969482422,36.869998931884766,36.81119918823242,36.849998474121094,36.849998474121094,9637
2023-09-15 14:10:00-04:00,36.83089828491211,36.85499954223633,36.83000183105469,36.849998474121094,36.849998474121094,5709
2023-09-15 14:11:00-04:00,36.849998474121094,36.85499954223633,36.84000015258789,36.85499954223633,36.85499954223633,1486
2023-09-15 14:12:00-04:00,36.859500885009766,36.8650016784668,36.810001373291016,36.81999969482422,36.81999969482422,6773
2023-09-15 14:13:00-04:00,36.810001373291016,36.81119918823242,36.78499984741211,36.79999923706055,36.79999923706055,3370
2023-09-15 14:14:00-04:00,36.810001373291016,36.814998626708984,36.77000045776367,36.77000045776367,36.77000045776367,3261
2023-09-15 14:15:00-04:00,36.755001068115234,36.775001525878906,36.755001068115234,36.775001525878906,36.775001525878906,2379
2023-09-15 14:16:00-04:00,36.779998779296875,36.79999923706055,36.779998779296875,36.79999923706055,36.79999923706055,1925
2023-09-15 14:17:00-04:00,36.79999923706055,36.88999938964844,36.79999923706055,36.88999938964844,36.88999938964844,21292
2023-09-15 14:18:00-04:00,36.880001068115234,36.88999938964844,36.83000183105469,36.84000015258789,36.84000015258789,14217
2023-09-15 14:19:00-04:00,36.83000183105469,36.83000183105469,36.81050109863281,36.83000183105469,36.83000183105469,2453
2023-09-15 14:20:00-04:00,36.83679962158203,36.849998474121094,36.83679962158203,36.849998474121094,36.849998474121094,1534
2023-09-15 14:21:00-04:00,36.85499954223633,36.8650016784668,36.849998474121094,36.849998474121094,36.849998474121094,5537
2023-09-15 14:22:00-04:00,36.849998474121094,36.86899948120117,36.849998474121094,36.86899948120117,36.86899948120117,2337
2023-09-15 14:23:00-04:00,36.8650016784668,36.8650016784668,36.86000061035156,36.86000061035156,36.86000061035156,2060
2023-09-15 14:24:00-04:00,36.86000061035156,36.880001068115234,36.86000061035156,36.875,36.875,23611
2023-09-15 14:25:00-04:00,36.88999938964844,36.91999816894531,36.88999938964844,36.900001525878906,36.900001525878906,6219
2023-09-15 14:26:00-04:00,36.900001525878906,36.904998779296875,36.88999938964844,36.88999938964844,36.88999938964844,3663
2023-09-15 14:27:00-04:00,36.880001068115234,36.880001068115234,36.8650016784668,36.869998931884766,36.869998931884766,5229
2023-09-15 14:28:00-04:00,36.869998931884766,36.880001068115234,36.8650016784668,36.8650016784668,36.8650016784668,3794
2023-09-15 14:29:00-04:00,36.8650016784668,36.8849983215332,36.8650016784668,36.8849983215332,36.8849983215332,11986
2023-09-15 14:30:00-04:00,36.8849983215332,36.8849983215332,36.849998474121094,36.86000061035156,36.86000061035156,25272
2023-09-15 14:31:00-04:00,36.870399475097656,36.875,36.869998931884766,36.875,36.875,3883
2023-09-15 14:32:00-04:00,36.880001068115234,36.8849983215332,36.880001068115234,36.880001068115234,36.880001068115234,5493
2023-09-15 14:33:00-04:00,36.875,36.875,36.85499954223633,36.869998931884766,36.869998931884766,4576
2023-09-15 14:34:00-04:00,36.8650016784668,36.8650016784668,36.845001220703125,36.85499954223633,36.85499954223633,13837
2023-09-15 14:35:00-04:00,36.86000061035156,36.869998931884766,36.86000061035156,36.869998931884766,36.869998931884766,2415
2023-09-15 14:36:00-04:00,36.86000061035156,36.8650016784668,36.85499954223633,36.8650016784668,36.8650016784668,2465
2023-09-15 14:37:00-04:00,36.869998931884766,36.880001068115234,36.869998931884766,36.875,36.875,6555
2023-09-15 14:38:00-04:00,36.875,36.88999938964844,36.869998931884766,36.8849983215332,36.8849983215332,6228
2023-09-15 14:39:00-04:00,36.880001068115234,36.904998779296875,36.880001068115234,36.880001068115234,36.880001068115234,9287
2023-09-15 14:40:00-04:00,36.880001068115234,36.880001068115234,36.875,36.875,36.875,571
2023-09-15 14:41:00-04:00,36.869998931884766,36.869998931884766,36.86050033569336,36.869998931884766,36.869998931884766,3113
2023-09-15 14:42:00-04:00,36.86000061035156,36.86000061035156,36.8406982421875,36.8406982421875,36.8406982421875,2316
2023-09-15 14:43:00-04:00,36.84000015258789,36.84000015258789,36.84000015258789,36.84000015258789,36.84000015258789,855
2023-09-15 14:44:00-04:00,36.834999084472656,36.834999084472656,36.82279968261719,36.82500076293945,36.82500076293945,4865
2023-09-15 14:45:00-04:00,36.84000015258789,36.84000015258789,36.834999084472656,36.83700180053711,36.83700180053711,2899
2023-09-15 14:46:00-04:00,36.834999084472656,36.834999084472656,36.81999969482422,36.81999969482422,36.81999969482422,3296
2023-09-15 14:47:00-04:00,36.810001373291016,36.81999969482422,36.80500030517578,36.81999969482422,36.81999969482422,4979
2023-09-15 14:48:00-04:00,36.820499420166016,36.82500076293945,36.820499420166016,36.82500076293945,36.82500076293945,285
2023-09-15 14:49:00-04:00,36.82500076293945,36.83000183105469,36.82500076293945,36.83000183105469,36.83000183105469,829
2023-09-15 14:50:00-04:00,36.82429885864258,36.82500076293945,36.82429885864258,36.82500076293945,36.82500076293945,1136
2023-09-15 14:51:00-04:00,36.82500076293945,36.849998474121094,36.82500076293945,36.84000015258789,36.84000015258789,7849
2023-09-15 14:52:00-04:00,36.849998474121094,36.849998474121094,36.83000183105469,36.84000015258789,36.84000015258789,3454
2023-09-15 14:53:00-04:00,36.834999084472656,36.834999084472656,36.81999969482422,36.83000183105469,36.83000183105469,3093
2023-09-15 14:54:00-04:00,36.83000183105469,36.83000183105469,36.81999969482422,36.81999969482422,36.81999969482422,4606
2023-09-15 14:55:00-04:00,36.82500076293945,36.834999084472656,36.82500076293945,36.834999084472656,36.834999084472656,4960
2023-09-15 14:56:00-04:00,36.834999084472656,36.834999084472656,36.81999969482422,36.820701599121094,36.820701599121094,3817
2023-09-15 14:57:00-04:00,36.83000183105469,36.83000183105469,36.780799865722656,36.814998626708984,36.814998626708984,18235
2023-09-15 14:58:00-04:00,36.810001373291016,36.810001373291016,36.810001373291016,36.810001373291016,36.810001373291016,1300
2023-09-15 14:59:00-04:00,36.814998626708984,36.81999969482422,36.779998779296875,36.779998779296875,36.779998779296875,4558
2023-09-15 15:00:00-04:00,36.78499984741211,36.78499984741211,36.775001525878906,36.779998779296875,36.779998779296875,2895
2023-09-15 15:01:00-04:00,36.779998779296875,36.78499984741211,36.71500015258789,36.720001220703125,36.720001220703125,6923
2023-09-15 15:02:00-04:00,36.709999084472656,36.75,36.69499969482422,36.7400016784668,36.7400016784668,11039
2023-09-15 15:03:00-04:00,36.75,36.75,36.7495002746582,36.75,36.75,1853
2023-09-15 15:04:00-04:00,36.75,36.755001068115234,36.72999954223633,36.744998931884766,36.744998931884766,2979
2023-09-15 15:05:00-04:00,36.74039840698242,36.755001068115234,36.74039840698242,36.755001068115234,36.755001068115234,4030
2023-09-15 15:06:00-04:00,36.7599983215332,36.77000045776367,36.7400016784668,36.77000045776367,36.77000045776367,8294
2023-09-15 15:07:00-04:00,36.77000045776367,36.814998626708984,36.77000045776367,36.79999923706055,36.79999923706055,9521
2023-09-15 15:08:00-04:00,36.79999923706055,36.79999923706055,36.77000045776367,36.77000045776367,36.77000045776367,3345
2023-09-15 15:09:00-04:00,36.77000045776367,36.77090072631836,36.75,36.75,36.75,15701
2023-09-15 15:10:00-04:00,36.7599983215332,36.7599983215332,36.755001068115234,36.755001068115234,36.755001068115234,1049
2023-09-15 15:11:00-04:00,36.7599983215332,36.77000045776367,36.7599983215332,36.7599983215332,36.7599983215332,3742
2023-09-15 15:12:00-04:00,36.7599983215332,36.76499938964844,36.7400016784668,36.744998931884766,36.744998931884766,5111
2023-09-15 15:13:00-04:00,36.75,36.775001525878906,36.75,36.775001525878906,36.775001525878906,5908
2023-09-15 15:14:00-04:00,36.77000045776367,36.77000045776367,36.7599983215332,36.76499938964844,36.76499938964844,3819
2023-09-15 15:15:00-04:00,36.7599983215332,36.78499984741211,36.755001068115234,36.779998779296875,36.779998779296875,11090
2023-09-15 15:16:00-04:00,36.775001525878906,36.779998779296875,36.775001525878906,36.775001525878906,36.775001525878906,1550
2023-09-15 15:17:00-04:00,36.77000045776367,36.77000045776367,36.7599983215332,36.7599983215332,36.7599983215332,4148
2023-09-15 15:18:00-04:00,36.755001068115234,36.7599983215332,36.75,36.75,36.75,1701
2023-09-15 15:19:00-04:00,36.75,36.775001525878906,36.75,36.76499938964844,36.76499938964844,7048
2023-09-15 15:20:00-04:00,36.76499938964844,36.76499938964844,36.7400016784668,36.7400016784668,36.7400016784668,3243
2023-09-15 15:21:00-04:00,36.74250030517578,36.75,36.7400016784668,36.744998931884766,36.744998931884766,7569
2023-09-15 15:22:00-04:00,36.7400016784668,36.744998931884766,36.72999954223633,36.73080062866211,36.73080062866211,3264
2023-09-15 15:23:00-04:00,36.72999954223633,36.7400016784668,36.71500015258789,36.72999954223633,36.72999954223633,13835
2023-09-15 15:24:00-04:00,36.73500061035156,36.755001068115234,36.73500061035156,36.744998931884766,36.744998931884766,10412
2023-09-15 15:25:00-04:00,36.744998931884766,36.78499984741211,36.7400016784668,36.76499938964844,36.76499938964844,19268
2023-09-15 15:26:00-04:00,36.7599983215332,36.7599983215332,36.7400016784668,36.755001068115234,36.755001068115234,16569
2023-09-15 15:27:00-04:00,36.75,36.7599983215332,36.7400016784668,36.75,36.75,10614
2023-09-15 15:28:00-04:00,36.75,36.7599983215332,36.74140167236328,36.75,36.75,5265
2023-09-15 15:29:00-04:00,36.7504997253418,36.755001068115234,36.744998931884766,36.755001068115234,36.755001068115234,3879
2023-09-15 15:30:00-04:00,36.755001068115234,36.7599983215332,36.755001068115234,36.755001068115234,36.755001068115234,2183
2023-09-15 15:31:00-04:00,36.75,36.75,36.7400016784668,36.744998931884766,36.744998931884766,7535
2023-09-15 15:32:00-04:00,36.744998931884766,36.7599983215332,36.744998931884766,36.755001068115234,36.755001068115234,6028
2023-09-15 15:33:00-04:00,36.755001068115234,36.755001068115234,36.724998474121094,36.724998474121094,36.724998474121094,21882
2023-09-15 15:34:00-04:00,36.724998474121094,36.75,36.72489929199219,36.744998931884766,36.744998931884766,8872
2023-09-15 15:35:00-04:00,36.7400016784668,36.76499938964844,36.72999954223633,36.755001068115234,36.755001068115234,23576
2023-09-15 15:36:00-04:00,36.7599983215332,36.7599983215332,36.7400016784668,36.744998931884766,36.744998931884766,5519
2023-09-15 15:37:00-04:00,36.744998931884766,36.744998931884766,36.720001220703125,36.720001220703125,36.720001220703125,19473
2023-09-15 15:38:00-04:00,36.724998474121094,36.75,36.685001373291016,36.709999084472656,36.709999084472656,42710
2023-09-15 15:39:00-04:00,36.70000076293945,36.70000076293945,36.619998931884766,36.6349983215332,36.6349983215332,28445
2023-09-15 15:40:00-04:00,36.63999938964844,36.64500045776367,36.619998931884766,36.625,36.625,14363
2023-09-15 15:41:00-04:00,36.630001068115234,36.64500045776367,36.625,36.625,36.625,7185
2023-09-15 15:42:00-04:00,36.625,36.665000915527344,36.619998931884766,36.665000915527344,36.665000915527344,17387
2023-09-15 15:43:00-04:00,36.669498443603516,36.67499923706055,36.650001525878906,36.654998779296875,36.654998779296875,20023
2023-09-15 15:44:00-04:00,36.654998779296875,36.654998779296875,36.63999938964844,36.654998779296875,36.654998779296875,10648
2023-09-15 15:45:00-04:00,36.650001525878906,36.650001525878906,36.619998931884766,36.630001068115234,36.630001068115234,28716
2023-09-15 15:46:00-04:00,36.625,36.66999816894531,36.622501373291016,36.665000915527344,36.665000915527344,15920
2023-09-15 15:47:00-04:00,36.665000915527344,36.66999816894531,36.630001068115234,36.630001068115234,36.630001068115234,17485
2023-09-15 15:48:00-04:00,36.630001068115234,36.65999984741211,36.630001068115234,36.650001525878906,36.650001525878906,34113
2023-09-15 15:49:00-04:00,36.65999984741211,36.665000915527344,36.630001068115234,36.6349983215332,36.6349983215332,12953
2023-09-15 15:50:00-04:00,36.63999938964844,36.66999816894531,36.56999969482422,36.665000915527344,36.665000915527344,37273
2023-09-15 15:51:00-04:00,36.65999984741211,36.67499923706055,36.65999984741211,36.66999816894531,36.66999816894531,13360
2023-09-15 15:52:00-04:00,36.68000030517578,36.709999084472656,36.68000030517578,36.70500183105469,36.70500183105469,23567
2023-09-15 15:53:00-04:00,36.70500183105469,36.70500183105469,36.66999816894531,36.67499923706055,36.67499923706055,25896
2023-09-15 15:54:00-04:00,36.67499923706055,36.67499923706055,36.650001525878906,36.66999816894531,36.66999816894531,31439
2023-09-15 15:55:00-04:00,36.65999984741211,36.66999816894531,36.6150016784668,36.625,36.625,58676
2023-09-15 15:56:00-04:00,36.619998931884766,36.6349983215332,36.6150016784668,36.6349983215332,36.6349983215332,42313
2023-09-15 15:57:00-04:00,36.630001068115234,36.63999938964844,36.58000183105469,36.58000183105469,36.58000183105469,53023
2023-09-15 15:58:00-04:00,36.58000183105469,36.61000061035156,36.58000183105469,36.60499954223633,36.60499954223633,35572
2023-09-15 15:59:00-04:00,36.60879898071289,36.61000061035156,36.540000915527344,36.540000915527344,36.540000915527344,150823
